data,area,totale,m,f,d,N1,N2,ISTAT,reg
2023-11-06,BAS,5,3,2,5,ITF,ITF5,17,Basilicata
2023-11-09,BAS,15,12,3,15,ITF,ITF5,17,Basilicata
2023-10-27,CAL,70,36,34,70,ITF,ITF6,18,Calabria
2023-10-30,CAL,59,30,29,59,ITF,ITF6,18,Calabria
2023-11-02,CAL,40,14,26,40,ITF,ITF6,18,Calabria
2023-10-20,CAM,186,101,85,186,ITF,ITF3,15,Campania
2023-10-23,CAM,304,167,137,304,ITF,ITF3,15,Campania
2023-10-26,CAM,402,225,177,402,ITF,ITF3,15,Campania
2023-10-29,CAM,2,0,2,2,ITF,ITF3,15,Campania
2023-11-18,CAM,77,37,40,77,ITF,ITF3,15,Campania
2023-10-17,EMR,1199,583,616,1199,ITH,ITH5,8,Emilia-Romagna
2023-10-20,EMR,2191,1067,1124,2191,ITH,ITH5,8,Emilia-Romagna
2023-10-23,EMR,2209,1103,1106,2209,ITH,ITH5,8,Emilia-Romagna
2023-11-15,EMR,5952,2853,3099,5952,ITH,ITH5,8,Emilia-Romagna
2023-11-18,EMR,1784,875,909,1784,ITH,ITH5,8,Emilia-Romagna
2023-10-20,FVG,571,289,282,571,ITH,ITH4,6,Friuli-Venezia Giulia
2023-10-23,FVG,331,166,165,331,ITH,ITH4,6,Friuli-Venezia Giulia
2023-10-26,FVG,850,422,428,850,ITH,ITH4,6,Friuli-Venezia Giulia
2023-10-29,FVG,9,4,5,9,ITH,ITH4,6,Friuli-Venezia Giulia
2023-11-18,FVG,230,120,110,230,ITH,ITH4,6,Friuli-Venezia Giulia
2023-10-03,LAZ,56,28,28,56,ITI,ITI4,12,Lazio
2023-10-06,LAZ,69,40,29,69,ITI,ITI4,12,Lazio
2023-10-26,LAZ,830,406,424,830,ITI,ITI4,12,Lazio
2023-10-29,LAZ,26,11,15,26,ITI,ITI4,12,Lazio
2023-11-01,LAZ,25,11,14,25,ITI,ITI4,12,Lazio
2023-11-04,LAZ,724,370,354,724,ITI,ITI4,12,Lazio
2023-10-03,LIG,30,14,16,30,ITC,ITC3,7,Liguria
2023-10-06,LIG,61,21,40,61,ITC,ITC3,7,Liguria
2023-11-01,LIG,26,2,24,26,ITC,ITC3,7,Liguria
2023-11-04,LIG,127,60,67,127,ITC,ITC3,7,Liguria
2023-11-07,LIG,1550,799,751,1550,ITC,ITC3,7,Liguria
2023-10-19,LOM,6040,2986,3054,6040,ITC,ITC4,3,Lombardia
2023-10-22,LOM,381,190,191,381,ITC,ITC4,3,Lombardia
2023-10-25,LOM,9594,4602,4992,9594,ITC,ITC4,3,Lombardia
2023-10-28,LOM,5762,2846,2916,5762,ITC,ITC4,3,Lombardia
2023-10-15,MAR,1,1,0,1,ITI,ITI3,11,Marche
2023-10-18,MAR,365,203,162,365,ITI,ITI3,11,Marche
2023-10-21,MAR,208,101,107,208,ITI,ITI3,11,Marche
2023-10-24,MAR,565,295,270,565,ITI,ITI3,11,Marche
2023-11-13,MAR,470,226,244,470,ITI,ITI3,11,Marche
2023-11-16,MAR,804,402,402,804,ITI,ITI3,11,Marche
2023-10-09,MOL,10,6,4,10,ITF,ITF2,14,Molise
2023-11-07,MOL,73,41,32,73,ITF,ITF2,14,Molise
2023-11-10,MOL,60,31,29,60,ITF,ITF2,14,Molise
2023-11-13,MOL,76,48,28,76,ITF,ITF2,14,Molise
2023-11-16,MOL,111,50,61,111,ITF,ITF2,14,Molise
2023-10-14,PAB,21,7,14,21,ITH,ITH1,4,Provincia Autonoma Bolzano / Bozen
2023-10-17,PAB,494,251,243,494,ITH,ITH1,4,Provincia Autonoma Bolzano / Bozen
2023-10-20,PAB,283,147,136,283,ITH,ITH1,4,Provincia Autonoma Bolzano / Bozen
2023-10-23,PAB,216,99,117,216,ITH,ITH1,4,Provincia Autonoma Bolzano / Bozen
2023-11-12,PAB,2,2,0,2,ITH,ITH1,4,Provincia Autonoma Bolzano / Bozen
2023-11-15,PAB,470,238,232,470,ITH,ITH1,4,Provincia Autonoma Bolzano / Bozen
2023-11-18,PAB,8,2,6,8,ITH,ITH1,4,Provincia Autonoma Bolzano / Bozen
2023-11-07,PAT,562,285,277,562,ITH,ITH2,4,Provincia Autonoma Trento
2023-11-10,PAT,588,269,319,588,ITH,ITH2,4,Provincia Autonoma Trento
2023-11-13,PAT,461,230,231,461,ITH,ITH2,4,Provincia Autonoma Trento
2023-10-11,PIE,135,69,66,135,ITC,ITC1,1,Piemonte
2023-10-14,PIE,43,20,23,43,ITC,ITC1,1,Piemonte
2023-10-17,PIE,411,205,206,411,ITC,ITC1,1,Piemonte
2023-11-09,PIE,2854,1384,1470,2854,ITC,ITC1,1,Piemonte
2023-11-12,PIE,54,26,28,54,ITC,ITC1,1,Piemonte
2023-11-15,PIE,2710,1255,1455,2710,ITC,ITC1,1,Piemonte
2023-11-18,PIE,1004,533,471,1004,ITC,ITC1,1,Piemonte
2023-10-03,PUG,10,7,3,10,ITF,ITF4,16,Puglia
2023-10-06,PUG,13,8,5,13,ITF,ITF4,16,Puglia
2023-10-09,PUG,14,7,7,14,ITF,ITF4,16,Puglia
2023-10-12,PUG,86,62,24,86,ITF,ITF4,16,Puglia
2023-10-19,CAL,23,12,11,23,ITF,ITF6,18,Calabria
2023-10-25,CAL,24,14,10,24,ITF,ITF6,18,Calabria
2023-10-28,CAL,12,7,5,12,ITF,ITF6,18,Calabria
2023-10-12,CAM,232,130,102,232,ITF,ITF3,15,Campania
2023-10-15,CAM,12,5,7,12,ITF,ITF3,15,Campania
2023-10-18,CAM,340,194,146,340,ITF,ITF3,15,Campania
2023-10-21,CAM,44,24,20,44,ITF,ITF3,15,Campania
2023-11-10,CAM,324,184,140,324,ITF,ITF3,15,Campania
2023-11-13,CAM,330,175,155,330,ITF,ITF3,15,Campania
2023-11-16,CAM,488,261,227,488,ITF,ITF3,15,Campania
2023-10-12,EMR,56,25,31,56,ITH,ITH5,8,Emilia-Romagna
2023-10-18,EMR,1484,705,779,1484,ITH,ITH5,8,Emilia-Romagna
2023-11-07,EMR,6000,2793,3207,6000,ITH,ITH5,8,Emilia-Romagna
2023-11-10,EMR,7297,3582,3715,7297,ITH,ITH5,8,Emilia-Romagna
2023-11-13,EMR,3575,1719,1856,3575,ITH,ITH5,8,Emilia-Romagna
2023-11-16,EMR,5619,2656,2963,5619,ITH,ITH5,8,Emilia-Romagna
2023-10-02,FVG,30,18,12,30,ITH,ITH4,6,Friuli-Venezia Giulia
2023-10-05,FVG,29,11,18,29,ITH,ITH4,6,Friuli-Venezia Giulia
2023-10-28,FVG,455,244,211,455,ITH,ITH4,6,Friuli-Venezia Giulia
2023-10-31,FVG,1064,503,561,1064,ITH,ITH4,6,Friuli-Venezia Giulia
2023-11-03,FVG,668,344,324,668,ITH,ITH4,6,Friuli-Venezia Giulia
2023-11-06,FVG,930,410,520,930,ITH,ITH4,6,Friuli-Venezia Giulia
2023-10-05,LAZ,47,24,23,47,ITI,ITI4,12,Lazio
2023-10-11,LAZ,153,88,65,153,ITI,ITI4,12,Lazio
2023-10-14,LAZ,13,8,5,13,ITI,ITI4,12,Lazio
2023-11-03,LAZ,1637,827,810,1637,ITI,ITI4,12,Lazio
2023-11-06,LAZ,1386,697,689,1386,ITI,ITI4,12,Lazio
2023-11-09,LAZ,2003,954,1049,2003,ITI,ITI4,12,Lazio
2023-11-12,LAZ,199,90,109,199,ITI,ITI4,12,Lazio
2023-10-24,LIG,876,351,525,876,ITC,ITC3,7,Liguria
2023-10-27,LIG,539,244,295,539,ITC,ITC3,7,Liguria
2023-10-30,LIG,381,201,180,381,ITC,ITC3,7,Liguria
2023-10-01,LOM,2772,1464,1308,2772,ITC,ITC4,3,Lombardia
2023-10-04,LOM,287,138,149,287,ITC,ITC4,3,Lombardia
2023-10-27,LOM,9049,4301,4748,9049,ITC,ITC4,3,Lombardia
2023-10-30,LOM,8216,3935,4281,8216,ITC,ITC4,3,Lombardia
2023-11-02,LOM,9425,4532,4893,9425,ITC,ITC4,3,Lombardia
2023-11-05,LOM,788,382,406,788,ITC,ITC4,3,Lombardia
2023-10-10,MAR,5,3,2,5,ITI,ITI3,11,Marche
2023-10-13,MAR,100,55,45,100,ITI,ITI3,11,Marche
2023-10-16,MAR,142,81,61,142,ITI,ITI3,11,Marche
2023-11-08,MAR,95,35,60,95,ITI,ITI3,11,Marche
2023-11-11,MAR,338,174,164,338,ITI,ITI3,11,Marche
2023-11-14,MAR,669,353,316,669,ITI,ITI3,11,Marche
2023-10-30,MOL,25,12,13,25,ITF,ITF2,14,Molise
2023-11-02,MOL,32,16,16,32,ITF,ITF2,14,Molise
2023-11-08,MOL,91,54,37,91,ITF,ITF2,14,Molise
2023-10-09,PAB,80,39,41,80,ITH,ITH1,4,Provincia Autonoma Bolzano / Bozen
2023-10-12,PAB,564,292,272,564,ITH,ITH1,4,Provincia Autonoma Bolzano / Bozen
2023-10-15,PAB,8,4,4,8,ITH,ITH1,4,Provincia Autonoma Bolzano / Bozen
2023-11-07,PAB,512,264,248,512,ITH,ITH1,4,Provincia Autonoma Bolzano / Bozen
2023-11-10,PAB,252,122,130,252,ITH,ITH1,4,Provincia Autonoma Bolzano / Bozen
2023-11-13,PAB,191,72,119,191,ITH,ITH1,4,Provincia Autonoma Bolzano / Bozen
2023-10-17,PAT,212,69,143,212,ITH,ITH2,4,Provincia Autonoma Trento
2023-10-20,PAT,344,159,185,344,ITH,ITH2,4,Provincia Autonoma Trento
2023-10-23,PAT,145,75,70,145,ITH,ITH2,4,Provincia Autonoma Trento
2023-11-15,PAT,516,264,252,516,ITH,ITH2,4,Provincia Autonoma Trento
2023-11-18,PAT,44,21,23,44,ITH,ITH2,4,Provincia Autonoma Trento
2023-10-19,PIE,549,279,270,549,ITC,ITC1,1,Piemonte
2023-10-22,PIE,8,3,5,8,ITC,ITC1,1,Piemonte
2023-10-25,PIE,1732,798,934,1732,ITC,ITC1,1,Piemonte
2023-11-17,PIE,2895,1421,1474,2895,ITC,ITC1,1,Piemonte
2023-10-11,PUG,217,111,106,217,ITF,ITF4,16,Puglia
2023-10-14,PUG,11,4,7,11,ITF,ITF4,16,Puglia
2023-10-17,PUG,262,148,114,262,ITF,ITF4,16,Puglia
2023-10-20,PUG,757,394,363,757,ITF,ITF4,16,Puglia
2023-11-12,PUG,51,30,21,51,ITF,ITF4,16,Puglia
2023-11-08,BAS,30,22,8,30,ITF,ITF5,17,Basilicata
2023-10-23,CAL,17,12,5,17,ITF,ITF6,18,Calabria
2023-10-26,CAL,15,7,8,15,ITF,ITF6,18,Calabria
2023-10-11,CAM,174,95,79,174,ITF,ITF3,15,Campania
2023-10-14,CAM,41,15,26,41,ITF,ITF3,15,Campania
2023-10-17,CAM,313,180,133,313,ITF,ITF3,15,Campania
2023-11-06,CAM,335,195,140,335,ITF,ITF3,15,Campania
2023-11-09,CAM,408,228,180,408,ITF,ITF3,15,Campania
2023-11-12,CAM,4,3,1,4,ITF,ITF3,15,Campania
2023-11-15,CAM,427,243,184,427,ITF,ITF3,15,Campania
2023-10-05,EMR,1,0,1,1,ITH,ITH5,8,Emilia-Romagna
2023-10-11,EMR,52,16,36,52,ITH,ITH5,8,Emilia-Romagna
2023-10-14,EMR,11,3,8,11,ITH,ITH5,8,Emilia-Romagna
2023-11-03,EMR,5312,2533,2779,5312,ITH,ITH5,8,Emilia-Romagna
2023-11-06,EMR,3882,1795,2087,3882,ITH,ITH5,8,Emilia-Romagna
2023-11-09,EMR,7337,3563,3774,7337,ITH,ITH5,8,Emilia-Romagna
2023-11-12,EMR,795,381,414,795,ITH,ITH5,8,Emilia-Romagna
2023-10-03,FVG,6,2,4,6,ITH,ITH4,6,Friuli-Venezia Giulia
2023-10-06,FVG,151,81,70,151,ITH,ITH4,6,Friuli-Venezia Giulia
2023-10-09,FVG,48,26,22,48,ITH,ITH4,6,Friuli-Venezia Giulia
2023-11-01,FVG,23,10,13,23,ITH,ITH4,6,Friuli-Venezia Giulia
2023-11-04,FVG,157,75,82,157,ITH,ITH4,6,Friuli-Venezia Giulia
2023-11-07,FVG,1173,560,613,1173,ITH,ITH4,6,Friuli-Venezia Giulia
2023-11-10,FVG,1052,496,556,1052,ITH,ITH4,6,Friuli-Venezia Giulia
2023-10-04,LAZ,16,9,7,16,ITI,ITI4,12,Lazio
2023-10-10,LAZ,198,113,85,198,ITI,ITI4,12,Lazio
2023-10-30,LAZ,908,441,467,908,ITI,ITI4,12,Lazio
2023-11-02,LAZ,1211,566,645,1211,ITI,ITI4,12,Lazio
2023-11-05,LAZ,63,21,42,63,ITI,ITI4,12,Lazio
2023-11-08,LAZ,1969,940,1029,1969,ITI,ITI4,12,Lazio
2023-09-29,LIG,86,27,59,86,ITC,ITC3,7,Liguria
2023-10-25,LIG,624,294,330,624,ITC,ITC3,7,Liguria
2023-10-28,LIG,102,40,62,102,ITC,ITC3,7,Liguria
2023-10-31,LIG,1034,470,564,1034,ITC,ITC3,7,Liguria
2023-11-03,LIG,656,338,318,656,ITC,ITC3,7,Liguria
2023-10-02,LOM,145,63,82,145,ITC,ITC4,3,Lombardia
2023-10-05,LOM,362,191,171,362,ITC,ITC4,3,Lombardia
2023-10-31,LOM,4606,2102,2504,4606,ITC,ITC4,3,Lombardia
2023-11-03,LOM,8961,4248,4713,8961,ITC,ITC4,3,Lombardia
2023-11-06,LOM,4246,2005,2241,4246,ITC,ITC4,3,Lombardia
2023-11-09,LOM,10080,4748,5332,10080,ITC,ITC4,3,Lombardia
2023-10-11,MAR,4,2,2,4,ITI,ITI3,11,Marche
2023-10-14,MAR,49,21,28,49,ITI,ITI3,11,Marche
2023-10-17,MAR,231,110,121,231,ITI,ITI3,11,Marche
2023-10-20,MAR,511,267,244,511,ITI,ITI3,11,Marche
2023-11-12,MAR,78,41,37,78,ITI,ITI3,11,Marche
2023-11-15,MAR,693,346,347,693,ITI,ITI3,11,Marche
2023-11-18,MAR,3,3,0,3,ITI,ITI3,11,Marche
2023-10-11,MOL,6,5,1,6,ITF,ITF2,14,Molise
2023-11-06,MOL,86,46,40,86,ITF,ITF2,14,Molise
2023-11-09,MOL,78,25,53,78,ITF,ITF2,14,Molise
2023-11-12,MOL,16,10,6,16,ITF,ITF2,14,Molise
2023-10-11,PAB,474,257,217,474,ITH,ITH1,4,Provincia Autonoma Bolzano / Bozen
2023-10-31,PAB,532,250,282,532,ITH,ITH1,4,Provincia Autonoma Bolzano / Bozen
2023-11-03,PAB,301,139,162,301,ITH,ITH1,4,Provincia Autonoma Bolzano / Bozen
2023-11-06,PAB,158,74,84,158,ITH,ITH1,4,Provincia Autonoma Bolzano / Bozen
2023-11-09,PAB,521,246,275,521,ITH,ITH1,4,Provincia Autonoma Bolzano / Bozen
2023-10-13,PAT,54,24,30,54,ITH,ITH2,4,Provincia Autonoma Trento
2023-10-16,PAT,226,76,150,226,ITH,ITH2,4,Provincia Autonoma Trento
2023-10-19,PAT,318,146,172,318,ITH,ITH2,4,Provincia Autonoma Trento
2023-11-08,PAT,620,277,343,620,ITH,ITH2,4,Provincia Autonoma Trento
2023-11-11,PAT,21,11,10,21,ITH,ITH2,4,Provincia Autonoma Trento
2023-11-14,PAT,454,226,228,454,ITH,ITH2,4,Provincia Autonoma Trento
2023-11-17,PAT,406,194,212,406,ITH,ITH2,4,Provincia Autonoma Trento
2023-10-20,PIE,830,420,410,830,ITC,ITC1,1,Piemonte
2023-10-23,PIE,774,377,397,774,ITC,ITC1,1,Piemonte
2023-10-26,PIE,1442,724,718,1442,ITC,ITC1,1,Piemonte
2023-11-07,BAS,30,20,10,30,ITF,ITF5,17,Basilicata
2023-11-10,BAS,12,6,6,12,ITF,ITF5,17,Basilicata
2023-11-13,BAS,20,11,9,20,ITF,ITF5,17,Basilicata
2023-11-16,BAS,37,17,20,37,ITF,ITF5,17,Basilicata
2023-10-31,CAL,24,11,13,24,ITF,ITF6,18,Calabria
2023-11-03,CAL,40,21,19,40,ITF,ITF6,18,Calabria
2023-11-06,CAL,40,25,15,40,ITF,ITF6,18,Calabria
2023-10-16,CAM,166,95,71,166,ITF,ITF3,15,Campania
2023-10-19,CAM,298,169,129,298,ITF,ITF3,15,Campania
2023-10-22,CAM,3,1,2,3,ITF,ITF3,15,Campania
2023-10-25,CAM,301,178,123,301,ITF,ITF3,15,Campania
2023-11-14,CAM,464,280,184,464,ITF,ITF3,15,Campania
2023-11-17,CAM,455,255,200,455,ITF,ITF3,15,Campania
2023-10-13,EMR,86,35,51,86,ITH,ITH5,8,Emilia-Romagna
2023-10-16,EMR,708,308,400,708,ITH,ITH5,8,Emilia-Romagna
2023-10-19,EMR,1906,946,960,1906,ITH,ITH5,8,Emilia-Romagna
2023-10-22,EMR,105,50,55,105,ITH,ITH5,8,Emilia-Romagna
2023-11-11,EMR,3257,1583,1674,3257,ITH,ITH5,8,Emilia-Romagna
2023-11-14,EMR,5199,2489,2710,5199,ITH,ITH5,8,Emilia-Romagna
2023-11-17,EMR,4841,2323,2518,4841,ITH,ITH5,8,Emilia-Romagna
2023-10-24,FVG,663,341,322,663,ITH,ITH4,6,Friuli-Venezia Giulia
2023-10-27,FVG,916,458,458,916,ITH,ITH4,6,Friuli-Venezia Giulia
2023-10-30,FVG,532,274,258,532,ITH,ITH4,6,Friuli-Venezia Giulia
2023-11-02,FVG,690,347,343,690,ITH,ITH4,6,Friuli-Venezia Giulia
2023-10-02,LAZ,17,7,10,17,ITI,ITI4,12,Lazio
2023-10-25,LAZ,980,487,493,980,ITI,ITI4,12,Lazio
2023-10-28,LAZ,715,347,368,715,ITI,ITI4,12,Lazio
2023-10-31,LAZ,1402,697,705,1402,ITI,ITI4,12,Lazio
2023-10-04,LIG,12,4,8,12,ITC,ITC3,7,Liguria
2023-10-10,LIG,7,3,4,7,ITC,ITC3,7,Liguria
2023-11-02,LIG,779,389,390,779,ITC,ITC3,7,Liguria
2023-11-08,LIG,914,445,469,914,ITC,ITC3,7,Liguria
2023-11-11,LIG,158,69,89,158,ITC,ITC3,7,Liguria
2023-10-03,LOM,167,75,92,167,ITC,ITC4,3,Lombardia
2023-10-23,LOM,7491,3723,3768,7491,ITC,ITC4,3,Lombardia
2023-10-26,LOM,9882,4706,5176,9882,ITC,ITC4,3,Lombardia
2023-10-29,LOM,636,314,322,636,ITC,ITC4,3,Lombardia
2023-11-01,LOM,1248,551,697,1248,ITC,ITC4,3,Lombardia
2023-10-19,MAR,357,171,186,357,ITI,ITI3,11,Marche
2023-10-22,MAR,54,30,24,54,ITI,ITI3,11,Marche
2023-10-25,MAR,522,261,261,522,ITI,ITI3,11,Marche
2023-10-28,MAR,738,376,362,738,ITI,ITI3,11,Marche
2023-11-17,MAR,17,7,10,17,ITI,ITI3,11,Marche
2023-10-13,MOL,9,7,2,9,ITF,ITF2,14,Molise
2023-10-19,MOL,55,18,37,55,ITF,ITF2,14,Molise
2023-11-11,MOL,38,5,33,38,ITF,ITF2,14,Molise
2023-11-14,MOL,31,19,12,31,ITF,ITF2,14,Molise
2023-11-17,MOL,35,21,14,35,ITF,ITF2,14,Molise
2023-10-10,PAB,438,248,190,438,ITH,ITH1,4,Provincia Autonoma Bolzano / Bozen
2023-10-13,PAB,232,121,111,232,ITH,ITH1,4,Provincia Autonoma Bolzano / Bozen
2023-10-16,PAB,150,72,78,150,ITH,ITH1,4,Provincia Autonoma Bolzano / Bozen
2023-10-19,PAB,802,390,412,802,ITH,ITH1,4,Provincia Autonoma Bolzano / Bozen
2023-11-08,PAB,512,272,240,512,ITH,ITH1,4,Provincia Autonoma Bolzano / Bozen
2023-11-11,PAB,36,17,19,36,ITH,ITH1,4,Provincia Autonoma Bolzano / Bozen
2023-11-14,PAB,568,275,293,568,ITH,ITH1,4,Provincia Autonoma Bolzano / Bozen
2023-11-17,PAB,209,105,104,209,ITH,ITH1,4,Provincia Autonoma Bolzano / Bozen
2023-11-03,PAT,357,173,184,357,ITH,ITH2,4,Provincia Autonoma Trento
2023-11-06,PAT,425,207,218,425,ITH,ITH2,4,Provincia Autonoma Trento
2023-11-09,PAT,737,385,352,737,ITH,ITH2,4,Provincia Autonoma Trento
2023-10-18,PIE,419,219,200,419,ITC,ITC1,1,Piemonte
2023-10-21,PIE,339,180,159,339,ITC,ITC1,1,Piemonte
2023-11-13,PIE,1936,891,1045,1936,ITC,ITC1,1,Piemonte
2023-11-16,PIE,2832,1353,1479,2832,ITC,ITC1,1,Piemonte
2023-10-31,PUG,849,434,415,849,ITF,ITF4,16,Puglia
2023-11-03,PUG,1588,822,766,1588,ITF,ITF4,16,Puglia
2023-11-06,PUG,1082,570,512,1082,ITF,ITF4,16,Puglia
2023-11-09,PUG,1516,805,711,1516,ITF,ITF4,16,Puglia
2023-10-17,CAL,7,2,5,7,ITF,ITF6,18,Calabria
2023-10-20,CAL,6,4,2,6,ITF,ITF6,18,Calabria
2023-11-09,CAL,118,63,55,118,ITF,ITF6,18,Calabria
2023-11-12,CAL,6,0,6,6,ITF,ITF6,18,Calabria
2023-11-15,CAL,175,108,67,175,ITF,ITF6,18,Calabria
2023-10-04,CAM,30,20,10,30,ITF,ITF3,15,Campania
2023-10-10,CAM,64,39,25,64,ITF,ITF3,15,Campania
2023-10-13,CAM,127,61,66,127,ITF,ITF3,15,Campania
2023-11-08,CAM,407,228,179,407,ITF,ITF3,15,Campania
2023-11-11,CAM,94,57,37,94,ITF,ITF3,15,Campania
2023-10-30,EMR,3183,1471,1712,3183,ITH,ITH5,8,Emilia-Romagna
2023-11-02,EMR,4016,1922,2094,4016,ITH,ITH5,8,Emilia-Romagna
2023-11-05,EMR,193,103,90,193,ITH,ITH5,8,Emilia-Romagna
2023-11-08,EMR,6664,3136,3528,6664,ITH,ITH5,8,Emilia-Romagna
2023-10-04,FVG,43,24,19,43,ITH,ITH4,6,Friuli-Venezia Giulia
2023-10-10,FVG,48,25,23,48,ITH,ITH4,6,Friuli-Venezia Giulia
2023-10-13,FVG,40,18,22,40,ITH,ITH4,6,Friuli-Venezia Giulia
2023-11-05,FVG,11,7,4,11,ITH,ITH4,6,Friuli-Venezia Giulia
2023-11-08,FVG,937,456,481,937,ITH,ITH4,6,Friuli-Venezia Giulia
2023-11-11,FVG,809,380,429,809,ITH,ITH4,6,Friuli-Venezia Giulia
2023-10-13,LAZ,248,119,129,248,ITI,ITI4,12,Lazio
2023-10-16,LAZ,329,165,164,329,ITI,ITI4,12,Lazio
2023-10-19,LAZ,357,167,190,357,ITI,ITI4,12,Lazio
2023-10-22,LAZ,42,21,21,42,ITI,ITI4,12,Lazio
2023-11-11,LAZ,753,367,386,753,ITI,ITI4,12,Lazio
2023-11-14,LAZ,2028,986,1042,2028,ITI,ITI4,12,Lazio
2023-11-17,LAZ,2098,1018,1080,2098,ITI,ITI4,12,Lazio
2023-10-13,LIG,56,18,38,56,ITC,ITC3,7,Liguria
2023-10-16,LIG,77,26,51,77,ITC,ITC3,7,Liguria
2023-10-19,LIG,171,81,90,171,ITC,ITC3,7,Liguria
2023-11-14,LIG,1095,532,563,1095,ITC,ITC3,7,Liguria
2023-11-17,LIG,370,196,174,370,ITC,ITC3,7,Liguria
2023-10-06,LOM,240,99,141,240,ITC,ITC4,3,Lombardia
2023-10-09,LOM,380,153,227,380,ITC,ITC4,3,Lombardia
2023-10-12,LOM,563,245,318,563,ITC,ITC4,3,Lombardia
2023-11-04,LOM,5582,2683,2899,5582,ITC,ITC4,3,Lombardia
2023-11-07,LOM,10310,4774,5536,10310,ITC,ITC4,3,Lombardia
2023-11-10,LOM,9753,4541,5212,9753,ITC,ITC4,3,Lombardia
2023-11-13,LOM,8519,3997,4522,8519,ITC,ITC4,3,Lombardia
2023-10-31,MAR,600,293,307,600,ITI,ITI3,11,Marche
2023-11-03,MAR,829,429,400,829,ITI,ITI3,11,Marche
2023-11-06,MAR,408,206,202,408,ITI,ITI3,11,Marche
2023-11-09,MAR,1140,531,609,1140,ITI,ITI3,11,Marche
2023-10-25,MOL,74,40,34,74,ITF,ITF2,14,Molise
2023-10-28,MOL,42,12,30,42,ITF,ITF2,14,Molise
2023-10-31,MOL,33,13,20,33,ITF,ITF2,14,Molise
2023-10-30,PAB,181,81,100,181,ITH,ITH1,4,Provincia Autonoma Bolzano / Bozen
2023-11-02,PAB,302,139,163,302,ITH,ITH1,4,Provincia Autonoma Bolzano / Bozen
2023-11-05,PAB,6,2,4,6,ITH,ITH1,4,Provincia Autonoma Bolzano / Bozen
2023-10-22,PAT,1,0,1,1,ITH,ITH2,4,Provincia Autonoma Trento
2023-10-25,PAT,417,195,222,417,ITH,ITH2,4,Provincia Autonoma Trento
2023-10-28,PAT,47,16,31,47,ITH,ITH2,4,Provincia Autonoma Trento
2023-10-31,PAT,448,243,205,448,ITH,ITH2,4,Provincia Autonoma Trento
2023-10-04,PIE,20,14,6,20,ITC,ITC1,1,Piemonte
2023-10-24,PIE,1274,625,649,1274,ITC,ITC1,1,Piemonte
2023-10-27,PIE,2150,1043,1107,2150,ITC,ITC1,1,Piemonte
2023-10-30,PIE,1128,559,569,1128,ITC,ITC1,1,Piemonte
2023-11-02,PIE,1534,745,789,1534,ITC,ITC1,1,Piemonte
2023-10-19,PUG,468,251,217,468,ITF,ITF4,16,Puglia
2023-10-22,PUG,23,9,14,23,ITF,ITF4,16,Puglia
2023-10-25,PUG,1047,530,517,1047,ITF,ITF4,16,Puglia
2023-10-28,PUG,368,197,171,368,ITF,ITF4,16,Puglia
2023-10-04,SAR,24,10,14,24,ITG,ITG2,20,Sardegna
2023-10-10,SAR,54,32,22,54,ITG,ITG2,20,Sardegna
2023-10-13,SAR,111,56,55,111,ITG,ITG2,20,Sardegna
2023-11-08,SAR,292,155,137,292,ITG,ITG2,20,Sardegna
2023-11-14,SAR,514,267,247,514,ITG,ITG2,20,Sardegna
2023-11-15,BAS,28,15,13,28,ITF,ITF5,17,Basilicata
2023-10-13,CAL,6,4,2,6,ITF,ITF6,18,Calabria
2023-10-16,CAL,17,11,6,17,ITF,ITF6,18,Calabria
2023-11-08,CAL,91,62,29,91,ITF,ITF6,18,Calabria
2023-11-11,CAL,44,21,23,44,ITF,ITF6,18,Calabria
2023-11-14,CAL,224,146,78,224,ITF,ITF6,18,Calabria
2023-10-24,CAM,353,199,154,353,ITF,ITF3,15,Campania
2023-10-27,CAM,278,148,130,278,ITF,ITF3,15,Campania
2023-10-30,CAM,364,212,152,364,ITF,ITF3,15,Campania
2023-11-02,CAM,283,143,140,283,ITF,ITF3,15,Campania
2023-10-21,EMR,1028,504,524,1028,ITH,ITH5,8,Emilia-Romagna
2023-10-24,EMR,3513,1666,1847,3513,ITH,ITH5,8,Emilia-Romagna
2023-10-27,EMR,4715,2253,2462,4715,ITH,ITH5,8,Emilia-Romagna
2023-10-16,FVG,121,64,57,121,ITH,ITH4,6,Friuli-Venezia Giulia
2023-10-19,FVG,306,147,159,306,ITH,ITH4,6,Friuli-Venezia Giulia
2023-10-25,FVG,675,327,348,675,ITH,ITH4,6,Friuli-Venezia Giulia
2023-11-14,FVG,1284,669,615,1284,ITH,ITH4,6,Friuli-Venezia Giulia
2023-11-17,FVG,1222,601,621,1222,ITH,ITH4,6,Friuli-Venezia Giulia
2023-10-17,LAZ,432,232,200,432,ITI,ITI4,12,Lazio
2023-10-20,LAZ,738,370,368,738,ITI,ITI4,12,Lazio
2023-10-23,LAZ,552,255,297,552,ITI,ITI4,12,Lazio
2023-11-15,LAZ,2087,1051,1036,2087,ITI,ITI4,12,Lazio
2023-11-18,LAZ,792,382,410,792,ITI,ITI4,12,Lazio
2023-10-09,LIG,32,10,22,32,ITC,ITC3,7,Liguria
2023-10-12,LIG,126,48,78,126,ITC,ITC3,7,Liguria
2023-10-18,LIG,224,89,135,224,ITC,ITC3,7,Liguria
2023-11-10,LIG,770,385,385,770,ITC,ITC3,7,Liguria
2023-11-13,LIG,361,179,182,361,ITC,ITC3,7,Liguria
2023-11-16,LIG,992,499,493,992,ITC,ITC3,7,Liguria
2023-10-15,LOM,3,2,1,3,ITC,ITC4,3,Lombardia
2023-10-18,LOM,5833,2934,2899,5833,ITC,ITC4,3,Lombardia
2023-10-21,LOM,3439,1732,1707,3439,ITC,ITC4,3,Lombardia
2023-10-24,LOM,8994,4425,4569,8994,ITC,ITC4,3,Lombardia
2023-11-16,LOM,9843,4624,5219,9843,ITC,ITC4,3,Lombardia
2023-10-01,MAR,1,1,0,1,ITI,ITI3,11,Marche
2023-10-27,MAR,907,477,430,907,ITI,ITI3,11,Marche
2023-10-30,MAR,410,199,211,410,ITI,ITI3,11,Marche
2023-11-02,MAR,621,305,316,621,ITI,ITI3,11,Marche
2023-11-05,MAR,28,11,17,28,ITI,ITI3,11,Marche
2023-10-18,MOL,27,14,13,27,ITF,ITF2,14,Molise
2023-10-24,MOL,36,12,24,36,ITF,ITF2,14,Molise
2023-10-27,MOL,3,2,1,3,ITF,ITF2,14,Molise
2023-10-18,PAB,625,301,324,625,ITH,ITH1,4,Provincia Autonoma Bolzano / Bozen
2023-10-21,PAB,3,0,3,3,ITH,ITH1,4,Provincia Autonoma Bolzano / Bozen
2023-10-24,PAB,677,333,344,677,ITH,ITH1,4,Provincia Autonoma Bolzano / Bozen
2023-10-27,PAB,350,171,179,350,ITH,ITH1,4,Provincia Autonoma Bolzano / Bozen
2023-11-16,PAB,553,258,295,553,ITH,ITH1,4,Provincia Autonoma Bolzano / Bozen
2023-10-26,PAT,607,293,314,607,ITH,ITH2,4,Provincia Autonoma Trento
2023-10-29,PAT,1,0,1,1,ITH,ITH2,4,Provincia Autonoma Trento
2023-10-07,PIE,47,24,23,47,ITC,ITC1,1,Piemonte
2023-10-10,PIE,95,51,44,95,ITC,ITC1,1,Piemonte
2023-10-13,PIE,202,112,90,202,ITC,ITC1,1,Piemonte
2023-10-16,PIE,189,110,79,189,ITC,ITC1,1,Piemonte
2023-11-05,PIE,68,26,42,68,ITC,ITC1,1,Piemonte
2023-11-08,PIE,3057,1499,1558,3057,ITC,ITC1,1,Piemonte
2023-11-11,PIE,1870,927,943,1870,ITC,ITC1,1,Piemonte
2023-11-14,PIE,2786,1302,1484,2786,ITC,ITC1,1,Piemonte
2023-10-23,PUG,851,422,429,851,ITF,ITF4,16,Puglia
2023-10-26,PUG,1320,653,667,1320,ITF,ITF4,16,Puglia
2023-10-29,PUG,62,39,23,62,ITF,ITF4,16,Puglia
2023-11-01,PUG,34,15,19,34,ITF,ITF4,16,Puglia
2023-10-24,SAR,191,84,107,191,ITG,ITG2,20,Sardegna
2023-10-27,SAR,175,81,94,175,ITG,ITG2,20,Sardegna
2023-10-30,SAR,169,94,75,169,ITG,ITG2,20,Sardegna
2023-11-02,SAR,171,93,78,171,ITG,ITG2,20,Sardegna
2023-10-16,SIC,6,3,3,6,ITG,ITG1,19,Sicilia
2023-10-19,SIC,31,20,11,31,ITG,ITG1,19,Sicilia
2023-10-18,CAL,12,9,3,12,ITF,ITF6,18,Calabria
2023-10-21,CAL,13,9,4,13,ITF,ITF6,18,Calabria
2023-10-24,CAL,45,28,17,45,ITF,ITF6,18,Calabria
2023-11-13,CAL,92,48,44,92,ITF,ITF6,18,Calabria
2023-11-16,CAL,43,18,25,43,ITF,ITF6,18,Calabria
2023-10-03,CAM,29,18,11,29,ITF,ITF3,15,Campania
2023-10-06,CAM,28,15,13,28,ITF,ITF3,15,Campania
2023-10-09,CAM,59,36,23,59,ITF,ITF3,15,Campania
2023-11-01,CAM,21,10,11,21,ITF,ITF3,15,Campania
2023-11-04,CAM,89,50,39,89,ITF,ITF3,15,Campania
2023-11-07,CAM,329,194,135,329,ITF,ITF3,15,Campania
2023-09-27,EMR,1,1,0,1,ITH,ITH5,8,Emilia-Romagna
2023-10-26,EMR,4187,1988,2199,4187,ITH,ITH5,8,Emilia-Romagna
2023-10-29,EMR,328,169,159,328,ITH,ITH5,8,Emilia-Romagna
2023-11-01,EMR,235,92,143,235,ITH,ITH5,8,Emilia-Romagna
2023-11-04,EMR,2842,1386,1456,2842,ITH,ITH5,8,Emilia-Romagna
2023-10-11,FVG,72,36,36,72,ITH,ITH4,6,Friuli-Venezia Giulia
2023-10-17,FVG,396,203,193,396,ITH,ITH4,6,Friuli-Venezia Giulia
2023-11-09,FVG,1280,582,698,1280,ITH,ITH4,6,Friuli-Venezia Giulia
2023-11-12,FVG,12,4,8,12,ITH,ITH4,6,Friuli-Venezia Giulia
2023-11-15,FVG,1029,488,541,1029,ITH,ITH4,6,Friuli-Venezia Giulia
2023-10-09,LAZ,127,80,47,127,ITI,ITI4,12,Lazio
2023-10-12,LAZ,143,76,67,143,ITI,ITI4,12,Lazio
2023-10-15,LAZ,61,26,35,61,ITI,ITI4,12,Lazio
2023-10-18,LAZ,488,251,237,488,ITI,ITI4,12,Lazio
2023-11-07,LAZ,2006,974,1032,2006,ITI,ITI4,12,Lazio
2023-11-10,LAZ,2389,1138,1251,2389,ITI,ITI4,12,Lazio
2023-11-13,LAZ,1562,817,745,1562,ITI,ITI4,12,Lazio
2023-11-16,LAZ,2166,1052,1114,2166,ITI,ITI4,12,Lazio
2023-10-17,LIG,350,149,201,350,ITC,ITC3,7,Liguria
2023-10-20,LIG,84,33,51,84,ITC,ITC3,7,Liguria
2023-10-23,LIG,290,145,145,290,ITC,ITC3,7,Liguria
2023-10-26,LIG,780,382,398,780,ITC,ITC3,7,Liguria
2023-10-07,LOM,4,2,2,4,ITC,ITC4,3,Lombardia
2023-10-10,LOM,583,257,326,583,ITC,ITC4,3,Lombardia
2023-10-13,LOM,520,203,317,520,ITC,ITC4,3,Lombardia
2023-10-16,LOM,4569,2407,2162,4569,ITC,ITC4,3,Lombardia
2023-11-08,LOM,11296,5182,6114,11296,ITC,ITC4,3,Lombardia
2023-11-11,LOM,5857,2801,3056,5857,ITC,ITC4,3,Lombardia
2023-11-14,LOM,10179,4640,5539,10179,ITC,ITC4,3,Lombardia
2023-11-17,LOM,8680,4052,4628,8680,ITC,ITC4,3,Lombardia
2023-10-09,MAR,6,1,5,6,ITI,ITI3,11,Marche
2023-10-12,MAR,29,15,14,29,ITI,ITI3,11,Marche
2023-11-04,MAR,367,176,191,367,ITI,ITI3,11,Marche
2023-11-07,MAR,740,354,386,740,ITI,ITI3,11,Marche
2023-11-10,MAR,954,488,466,954,ITI,ITI3,11,Marche
2023-10-26,MOL,9,4,5,9,ITF,ITF2,14,Molise
2023-10-26,PAB,774,387,387,774,ITH,ITH1,4,Provincia Autonoma Bolzano / Bozen
2023-10-29,PAB,1,0,1,1,ITH,ITH1,4,Provincia Autonoma Bolzano / Bozen
2023-10-18,PAT,245,129,116,245,ITH,ITH2,4,Provincia Autonoma Trento
2023-10-21,PAT,65,35,30,65,ITH,ITH2,4,Provincia Autonoma Trento
2023-10-24,PAT,593,268,325,593,ITH,ITH2,4,Provincia Autonoma Trento
2023-10-27,PAT,427,192,235,427,ITH,ITH2,4,Provincia Autonoma Trento
2023-11-16,PAT,637,321,316,637,ITH,ITH2,4,Provincia Autonoma Trento
2023-10-05,PIE,14,9,5,14,ITC,ITC1,1,Piemonte
2023-10-28,PIE,879,440,439,879,ITC,ITC1,1,Piemonte
2023-10-31,PIE,1513,743,770,1513,ITC,ITC1,1,Piemonte
2023-11-03,PIE,2394,1199,1195,2394,ITC,ITC1,1,Piemonte
2023-11-06,PIE,1617,805,812,1617,ITC,ITC1,1,Piemonte
2023-10-18,PUG,444,240,204,444,ITF,ITF4,16,Puglia
2023-10-21,PUG,213,96,117,213,ITF,ITF4,16,Puglia
2023-10-24,PUG,1078,572,506,1078,ITF,ITF4,16,Puglia
2023-11-16,PUG,1739,899,840,1739,ITF,ITF4,16,Puglia
2023-10-03,SAR,6,1,5,6,ITG,ITG2,20,Sardegna
2023-10-06,SAR,50,24,26,50,ITG,ITG2,20,Sardegna
2023-10-09,SAR,66,32,34,66,ITG,ITG2,20,Sardegna
2023-11-07,SAR,168,94,74,168,ITG,ITG2,20,Sardegna
2023-11-11,BAS,13,5,8,13,ITF,ITF5,17,Basilicata
2023-11-14,BAS,24,10,14,24,ITF,ITF5,17,Basilicata
2023-11-17,BAS,12,8,4,12,ITF,ITF5,17,Basilicata
2023-10-12,CAL,12,5,7,12,ITF,ITF6,18,Calabria
2023-11-04,CAL,40,21,19,40,ITF,ITF6,18,Calabria
2023-11-07,CAL,109,65,44,109,ITF,ITF6,18,Calabria
2023-11-10,CAL,64,30,34,64,ITF,ITF6,18,Calabria
2023-09-29,CAM,11,6,5,11,ITF,ITF3,15,Campania
2023-10-02,CAM,4,3,1,4,ITF,ITF3,15,Campania
2023-10-05,CAM,40,24,16,40,ITF,ITF3,15,Campania
2023-10-28,CAM,77,42,35,77,ITF,ITF3,15,Campania
2023-10-31,CAM,123,56,67,123,ITF,ITF3,15,Campania
2023-11-03,CAM,346,198,148,346,ITF,ITF3,15,Campania
2023-09-26,EMR,2,2,0,2,ITH,ITH5,8,Emilia-Romagna
2023-10-02,EMR,1,0,1,1,ITH,ITH5,8,Emilia-Romagna
2023-10-25,EMR,4212,2002,2210,4212,ITH,ITH5,8,Emilia-Romagna
2023-10-28,EMR,1850,891,959,1850,ITH,ITH5,8,Emilia-Romagna
2023-10-31,EMR,4456,2078,2378,4456,ITH,ITH5,8,Emilia-Romagna
2023-10-12,FVG,53,33,20,53,ITH,ITH4,6,Friuli-Venezia Giulia
2023-10-18,FVG,140,77,63,140,ITH,ITH4,6,Friuli-Venezia Giulia
2023-10-21,FVG,100,43,57,100,ITH,ITH4,6,Friuli-Venezia Giulia
2023-11-13,FVG,772,383,389,772,ITH,ITH4,6,Friuli-Venezia Giulia
2023-11-16,FVG,884,438,446,884,ITH,ITH4,6,Friuli-Venezia Giulia
2023-10-21,LAZ,442,217,225,442,ITI,ITI4,12,Lazio
2023-10-24,LAZ,971,501,470,971,ITI,ITI4,12,Lazio
2023-10-27,LAZ,1337,670,667,1337,ITI,ITI4,12,Lazio
2023-10-05,LIG,61,18,43,61,ITC,ITC3,7,Liguria
2023-10-11,LIG,53,14,39,53,ITC,ITC3,7,Liguria
2023-11-06,LIG,474,239,235,474,ITC,ITC3,7,Liguria
2023-11-09,LIG,1024,520,504,1024,ITC,ITC3,7,Liguria
2023-11-15,LIG,978,503,475,978,ITC,ITC3,7,Liguria
2023-10-11,LOM,451,173,278,451,ITC,ITC4,3,Lombardia
2023-10-14,LOM,7,3,4,7,ITC,ITC4,3,Lombardia
2023-10-17,LOM,4958,2585,2373,4958,ITC,ITC4,3,Lombardia
2023-10-20,LOM,5854,2893,2961,5854,ITC,ITC4,3,Lombardia
2023-11-12,LOM,1020,485,535,1020,ITC,ITC4,3,Lombardia
2023-11-15,LOM,10159,4646,5513,10159,ITC,ITC4,3,Lombardia
2023-11-18,LOM,6201,2942,3259,6201,ITC,ITC4,3,Lombardia
2023-10-23,MAR,388,193,195,388,ITI,ITI3,11,Marche
2023-10-26,MAR,167,77,90,167,ITI,ITI3,11,Marche
2023-10-29,MAR,27,15,12,27,ITI,ITI3,11,Marche
2023-11-01,MAR,34,12,22,34,ITI,ITI3,11,Marche
2023-10-20,MOL,35,13,22,35,ITF,ITF2,14,Molise
2023-10-23,MOL,37,14,23,37,ITF,ITF2,14,Molise
2023-11-15,MOL,78,44,34,78,ITF,ITF2,14,Molise
2023-10-22,PAB,3,2,1,3,ITH,ITH1,4,Provincia Autonoma Bolzano / Bozen
2023-10-25,PAB,615,302,313,615,ITH,ITH1,4,Provincia Autonoma Bolzano / Bozen
2023-10-28,PAB,2,1,1,2,ITH,ITH1,4,Provincia Autonoma Bolzano / Bozen
2023-10-04,PAT,11,7,4,11,ITH,ITH2,4,Provincia Autonoma Trento
2023-10-30,PAT,337,172,165,337,ITH,ITH2,4,Provincia Autonoma Trento
2023-11-02,PAT,514,259,255,514,ITH,ITH2,4,Provincia Autonoma Trento
2023-10-06,PIE,31,18,13,31,ITC,ITC1,1,Piemonte
2023-10-09,PIE,85,35,50,85,ITC,ITC1,1,Piemonte
2023-10-12,PIE,105,50,55,105,ITC,ITC1,1,Piemonte
2023-11-01,PIE,148,74,74,148,ITC,ITC1,1,Piemonte
2023-11-04,PIE,1381,677,704,1381,ITC,ITC1,1,Piemonte
2023-11-07,PIE,2557,1199,1358,2557,ITC,ITC1,1,Piemonte
2023-11-10,PIE,3253,1597,1656,3253,ITC,ITC1,1,Piemonte
2023-10-27,PUG,1025,542,483,1025,ITF,ITF4,16,Puglia
2023-10-30,PUG,896,448,448,896,ITF,ITF4,16,Puglia
2023-11-02,PUG,1236,632,604,1236,ITF,ITF4,16,Puglia
2023-11-05,PUG,22,13,9,22,ITF,ITF4,16,Puglia
2023-09-29,SAR,1,1,0,1,ITG,ITG2,20,Sardegna
2023-10-05,SAR,42,23,19,42,ITG,ITG2,20,Sardegna
2023-10-31,SAR,183,81,102,183,ITG,ITG2,20,Sardegna
2023-11-03,SAR,217,112,105,217,ITG,ITG2,20,Sardegna
2023-11-06,SAR,313,148,165,313,ITG,ITG2,20,Sardegna
2023-11-08,SIC,26,15,11,26,ITG,ITG1,19,Sicilia
2023-11-11,SIC,29,16,13,29,ITG,ITG1,19,Sicilia
2023-10-15,TOS,15,9,6,15,ITI,ITI1,9,Toscana
2023-10-18,TOS,1071,516,555,1071,ITI,ITI1,9,Toscana
2023-10-21,TOS,864,437,427,864,ITI,ITI1,9,Toscana
2023-10-24,TOS,2448,1128,1320,2448,ITI,ITI1,9,Toscana
2023-11-16,TOS,8363,3851,4512,8363,ITI,ITI1,9,Toscana
2023-10-14,UMB,6,3,3,6,ITI,ITI2,10,Umbria
2023-11-06,UMB,322,151,171,322,ITI,ITI2,10,Umbria
2023-11-09,UMB,672,317,355,672,ITI,ITI2,10,Umbria
2023-11-12,UMB,127,73,54,127,ITI,ITI2,10,Umbria
2023-10-18,VDA,145,69,76,145,ITC,ITC2,2,Valle d'Aosta / Vallée d'Aoste
2023-10-24,VDA,165,79,86,165,ITC,ITC2,2,Valle d'Aosta / Vallée d'Aoste
2023-11-16,VDA,113,55,58,113,ITC,ITC2,2,Valle d'Aosta / Vallée d'Aoste
2023-10-16,VEN,152,72,80,152,ITH,ITH3,5,Veneto
2023-10-19,VEN,206,83,123,206,ITH,ITH3,5,Veneto
2023-10-22,VEN,6,4,2,6,ITH,ITH3,5,Veneto
2023-10-25,VEN,951,332,619,951,ITH,ITH3,5,Veneto
2023-11-14,VEN,1939,914,1025,1939,ITH,ITH3,5,Veneto
2023-11-17,VEN,2309,1083,1226,2309,ITH,ITH3,5,Veneto
2023-11-10,SAR,306,159,147,306,ITG,ITG2,20,Sardegna
2023-10-18,SIC,20,14,6,20,ITG,ITG1,19,Sicilia
2023-10-21,SIC,5,2,3,5,ITG,ITG1,19,Sicilia
2023-10-24,SIC,70,40,30,70,ITG,ITG1,19,Sicilia
2023-10-27,SIC,47,26,21,47,ITG,ITG1,19,Sicilia
2023-09-27,TOS,1,0,1,1,ITI,ITI1,9,Toscana
2023-09-30,TOS,2,2,0,2,ITI,ITI1,9,Toscana
2023-10-23,TOS,2211,1038,1173,2211,ITI,ITI1,9,Toscana
2023-10-26,TOS,4628,2159,2469,4628,ITI,ITI1,9,Toscana
2023-10-29,TOS,36,15,21,36,ITI,ITI1,9,Toscana
2023-11-01,TOS,127,52,75,127,ITI,ITI1,9,Toscana
2023-11-11,UMB,339,153,186,339,ITI,ITI2,10,Umbria
2023-11-14,UMB,635,311,324,635,ITI,ITI2,10,Umbria
2023-11-17,UMB,557,276,281,557,ITI,ITI2,10,Umbria
2023-10-13,VDA,77,35,42,77,ITC,ITC2,2,Valle d'Aosta / Vallée d'Aoste
2023-10-16,VDA,104,50,54,104,ITC,ITC2,2,Valle d'Aosta / Vallée d'Aoste
2023-11-08,VDA,205,103,102,205,ITC,ITC2,2,Valle d'Aosta / Vallée d'Aoste
2023-11-11,VDA,81,33,48,81,ITC,ITC2,2,Valle d'Aosta / Vallée d'Aoste
2023-11-14,VDA,105,49,56,105,ITC,ITC2,2,Valle d'Aosta / Vallée d'Aoste
2023-11-17,VDA,147,70,77,147,ITC,ITC2,2,Valle d'Aosta / Vallée d'Aoste
2023-10-24,VEN,626,243,383,626,ITH,ITH3,5,Veneto
2023-10-27,VEN,1656,770,886,1656,ITH,ITH3,5,Veneto
2023-10-30,VEN,1216,539,677,1216,ITH,ITH3,5,Veneto
2023-11-02,VEN,1658,748,910,1658,ITH,ITH3,5,Veneto
2023-11-15,PUG,1902,941,961,1902,ITF,ITF4,16,Puglia
2023-11-18,PUG,154,74,80,154,ITF,ITF4,16,Puglia
2023-10-12,SAR,48,27,21,48,ITG,ITG2,20,Sardegna
2023-10-18,SAR,167,86,81,167,ITG,ITG2,20,Sardegna
2023-11-13,SAR,354,183,171,354,ITG,ITG2,20,Sardegna
2023-11-16,SAR,446,219,227,446,ITG,ITG2,20,Sardegna
2023-10-22,SIC,2,1,1,2,ITG,ITG1,19,Sicilia
2023-10-25,SIC,35,21,14,35,ITG,ITG1,19,Sicilia
2023-10-28,SIC,7,1,6,7,ITG,ITG1,19,Sicilia
2023-10-31,SIC,68,41,27,68,ITG,ITG1,19,Sicilia
2023-09-28,TOS,1,0,1,1,ITI,ITI1,9,Toscana
2023-10-04,TOS,274,153,121,274,ITI,ITI1,9,Toscana
2023-10-27,TOS,4038,1912,2126,4038,ITI,ITI1,9,Toscana
2023-10-30,TOS,2462,1162,1300,2462,ITI,ITI1,9,Toscana
2023-11-02,TOS,3732,1821,1911,3732,ITI,ITI1,9,Toscana
2023-11-05,TOS,156,85,71,156,ITI,ITI1,9,Toscana
2023-10-26,UMB,119,56,63,119,ITI,ITI2,10,Umbria
2023-11-15,UMB,830,424,406,830,ITI,ITI2,10,Umbria
2023-11-18,UMB,175,86,89,175,ITI,ITI2,10,Umbria
2023-10-27,VDA,213,95,118,213,ITC,ITC2,2,Valle d'Aosta / Vallée d'Aoste
2023-10-30,VDA,102,55,47,102,ITC,ITC2,2,Valle d'Aosta / Vallée d'Aoste
2023-11-02,VDA,157,70,87,157,ITC,ITC2,2,Valle d'Aosta / Vallée d'Aoste
2023-11-05,VDA,7,2,5,7,ITC,ITC2,2,Valle d'Aosta / Vallée d'Aoste
2023-10-13,VEN,98,29,69,98,ITH,ITH3,5,Veneto
2023-11-05,VEN,49,30,19,49,ITH,ITH3,5,Veneto
2023-11-08,VEN,1977,950,1027,1977,ITH,ITH3,5,Veneto
2023-11-11,VEN,1534,782,752,1534,ITH,ITH3,5,Veneto
2023-11-04,PUG,314,157,157,314,ITF,ITF4,16,Puglia
2023-11-07,PUG,1215,599,616,1215,ITF,ITF4,16,Puglia
2023-11-10,PUG,1830,966,864,1830,ITF,ITF4,16,Puglia
2023-11-13,PUG,1148,563,585,1148,ITF,ITF4,16,Puglia
2023-10-20,SAR,120,59,61,120,ITG,ITG2,20,Sardegna
2023-10-23,SAR,128,69,59,128,ITG,ITG2,20,Sardegna
2023-10-26,SAR,205,101,104,205,ITG,ITG2,20,Sardegna
2023-10-30,SIC,27,17,10,27,ITG,ITG1,19,Sicilia
2023-11-02,SIC,52,28,24,52,ITG,ITG1,19,Sicilia
2023-10-03,TOS,132,64,68,132,ITI,ITI1,9,Toscana
2023-10-06,TOS,228,103,125,228,ITI,ITI1,9,Toscana
2023-10-09,TOS,490,257,233,490,ITI,ITI1,9,Toscana
2023-10-12,TOS,804,360,444,804,ITI,ITI1,9,Toscana
2023-11-04,TOS,1935,932,1003,1935,ITI,ITI1,9,Toscana
2023-11-07,TOS,5131,2399,2732,5131,ITI,ITI1,9,Toscana
2023-11-10,TOS,6635,3129,3506,6635,ITI,ITI1,9,Toscana
2023-11-13,TOS,3803,1770,2033,3803,ITI,ITI1,9,Toscana
2023-10-25,UMB,39,34,5,39,ITI,ITI2,10,Umbria
2023-10-28,UMB,79,25,54,79,ITI,ITI2,10,Umbria
2023-10-31,UMB,282,136,146,282,ITI,ITI2,10,Umbria
2023-11-03,UMB,536,284,252,536,ITI,ITI2,10,Umbria
2023-09-29,VDA,6,2,4,6,ITC,ITC2,2,Valle d'Aosta / Vallée d'Aoste
2023-10-19,VDA,113,59,54,113,ITC,ITC2,2,Valle d'Aosta / Vallée d'Aoste
2023-10-25,VDA,304,138,166,304,ITC,ITC2,2,Valle d'Aosta / Vallée d'Aoste
2023-10-28,VDA,86,42,44,86,ITC,ITC2,2,Valle d'Aosta / Vallée d'Aoste
2023-10-12,VEN,1,1,0,1,ITH,ITH3,5,Veneto
2023-10-18,VEN,237,63,174,237,ITH,ITH3,5,Veneto
2023-10-21,VEN,49,21,28,49,ITH,ITH3,5,Veneto
2023-11-10,VEN,2376,1160,1216,2376,ITH,ITH3,5,Veneto
2023-11-13,VEN,1482,705,777,1482,ITH,ITH3,5,Veneto
2023-11-16,VEN,2434,1195,1239,2434,ITH,ITH3,5,Veneto
2023-10-16,SAR,125,63,62,125,ITG,ITG2,20,Sardegna
2023-10-19,SAR,119,71,48,119,ITG,ITG2,20,Sardegna
2023-10-25,SAR,213,105,108,213,ITG,ITG2,20,Sardegna
2023-11-17,SAR,473,234,239,473,ITG,ITG2,20,Sardegna
2023-11-03,SIC,47,23,24,47,ITG,ITG1,19,Sicilia
2023-11-06,SIC,42,20,22,42,ITG,ITG1,19,Sicilia
2023-11-09,SIC,69,36,33,69,ITG,ITG1,19,Sicilia
2023-10-07,TOS,241,137,104,241,ITI,ITI1,9,Toscana
2023-10-10,TOS,314,152,162,314,ITI,ITI1,9,Toscana
2023-10-13,TOS,682,341,341,682,ITI,ITI1,9,Toscana
2023-10-16,TOS,729,315,414,729,ITI,ITI1,9,Toscana
2023-11-08,TOS,6404,2921,3483,6404,ITI,ITI1,9,Toscana
2023-11-11,TOS,2436,1113,1323,2436,ITI,ITI1,9,Toscana
2023-11-14,TOS,4511,2048,2463,4511,ITI,ITI1,9,Toscana
2023-10-29,UMB,3,1,2,3,ITI,ITI2,10,Umbria
2023-11-01,UMB,15,8,7,15,ITI,ITI2,10,Umbria
2023-11-04,UMB,175,82,93,175,ITI,ITI2,10,Umbria
2023-11-07,UMB,474,226,248,474,ITI,ITI2,10,Umbria
2023-10-23,VDA,135,63,72,135,ITC,ITC2,2,Valle d'Aosta / Vallée d'Aoste
2023-10-26,VDA,117,57,60,117,ITC,ITC2,2,Valle d'Aosta / Vallée d'Aoste
2023-11-01,VDA,1,0,1,1,ITC,ITC2,2,Valle d'Aosta / Vallée d'Aoste
2023-10-11,VEN,1,0,1,1,ITH,ITH3,5,Veneto
2023-10-17,VEN,157,60,97,157,ITH,ITH3,5,Veneto
2023-11-09,VEN,1937,923,1014,1937,ITH,ITH3,5,Veneto
2023-11-12,VEN,26,13,13,26,ITH,ITH3,5,Veneto
2023-11-15,VEN,2493,1160,1333,2493,ITH,ITH3,5,Veneto
2023-10-29,PIE,22,10,12,22,ITC,ITC1,1,Piemonte
2023-10-10,PUG,82,33,49,82,ITF,ITF4,16,Puglia
2023-10-13,PUG,204,111,93,204,ITF,ITF4,16,Puglia
2023-10-16,PUG,282,145,137,282,ITF,ITF4,16,Puglia
2023-11-08,PUG,1591,797,794,1591,ITF,ITF4,16,Puglia
2023-11-11,PUG,399,212,187,399,ITF,ITF4,16,Puglia
2023-11-14,PUG,1699,874,825,1699,ITF,ITF4,16,Puglia
2023-11-17,PUG,1925,986,939,1925,ITF,ITF4,16,Puglia
2023-10-11,SAR,89,42,47,89,ITG,ITG2,20,Sardegna
2023-10-17,SAR,129,64,65,129,ITG,ITG2,20,Sardegna
2023-11-09,SAR,303,160,143,303,ITG,ITG2,20,Sardegna
2023-11-15,SAR,568,295,273,568,ITG,ITG2,20,Sardegna
2023-10-26,SIC,44,22,22,44,ITG,ITG1,19,Sicilia
2023-11-04,SIC,8,5,3,8,ITG,ITG1,19,Sicilia
2023-09-29,TOS,3,0,3,3,ITI,ITI1,9,Toscana
2023-10-02,TOS,286,162,124,286,ITI,ITI1,9,Toscana
2023-10-05,TOS,432,224,208,432,ITI,ITI1,9,Toscana
2023-10-31,TOS,2421,1088,1333,2421,ITI,ITI1,9,Toscana
2023-11-03,TOS,5850,2764,3086,5850,ITI,ITI1,9,Toscana
2023-11-06,TOS,3883,1878,2005,3883,ITI,ITI1,9,Toscana
2023-11-09,TOS,8049,3812,4237,8049,ITI,ITI1,9,Toscana
2023-10-21,UMB,24,13,11,24,ITI,ITI2,10,Umbria
2023-10-27,UMB,390,193,197,390,ITI,ITI2,10,Umbria
2023-10-30,UMB,315,156,159,315,ITI,ITI2,10,Umbria
2023-10-31,VDA,152,75,77,152,ITC,ITC2,2,Valle d'Aosta / Vallée d'Aoste
2023-11-03,VDA,191,88,103,191,ITC,ITC2,2,Valle d'Aosta / Vallée d'Aoste
2023-11-06,VDA,84,47,37,84,ITC,ITC2,2,Valle d'Aosta / Vallée d'Aoste
2023-11-09,VDA,151,71,80,151,ITC,ITC2,2,Valle d'Aosta / Vallée d'Aoste
2023-10-03,VEN,1,1,0,1,ITH,ITH3,5,Veneto
2023-11-01,VEN,2,1,1,2,ITH,ITH3,5,Veneto
2023-11-04,VEN,1175,586,589,1175,ITH,ITH3,5,Veneto
2023-11-07,VEN,1700,767,933,1700,ITH,ITH3,5,Veneto
2023-11-07,SIC,73,42,31,73,ITG,ITG1,19,Sicilia
2023-11-10,SIC,28,15,13,28,ITG,ITG1,19,Sicilia
2023-10-11,TOS,598,290,308,598,ITI,ITI1,9,Toscana
2023-10-14,TOS,358,182,176,358,ITI,ITI1,9,Toscana
2023-10-17,TOS,651,295,356,651,ITI,ITI1,9,Toscana
2023-10-20,TOS,2170,1053,1117,2170,ITI,ITI1,9,Toscana
2023-11-12,TOS,189,87,102,189,ITI,ITI1,9,Toscana
2023-11-15,TOS,5866,2705,3161,5866,ITI,ITI1,9,Toscana
2023-11-18,TOS,1885,956,929,1885,ITI,ITI1,9,Toscana
2023-11-02,UMB,423,222,201,423,ITI,ITI2,10,Umbria
2023-11-05,UMB,137,72,65,137,ITI,ITI2,10,Umbria
2023-11-08,UMB,667,333,334,667,ITI,ITI2,10,Umbria
2023-10-17,VDA,63,29,34,63,ITC,ITC2,2,Valle d'Aosta / Vallée d'Aoste
2023-10-20,VDA,142,67,75,142,ITC,ITC2,2,Valle d'Aosta / Vallée d'Aoste
2023-11-15,VDA,152,84,68,152,ITC,ITC2,2,Valle d'Aosta / Vallée d'Aoste
2023-11-18,VDA,71,39,32,71,ITC,ITC2,2,Valle d'Aosta / Vallée d'Aoste
2023-10-20,VEN,463,226,237,463,ITH,ITH3,5,Veneto
2023-10-23,VEN,324,140,184,324,ITH,ITH3,5,Veneto
2023-10-26,VEN,990,456,534,990,ITH,ITH3,5,Veneto
2023-10-29,VEN,35,19,16,35,ITH,ITH3,5,Veneto
2023-11-18,VEN,1055,535,520,1055,ITH,ITH3,5,Veneto
2023-10-17,SIC,16,9,7,16,ITG,ITG1,19,Sicilia
2023-10-20,SIC,25,16,9,25,ITG,ITG1,19,Sicilia
2023-10-23,SIC,26,14,12,26,ITG,ITG1,19,Sicilia
2023-10-19,TOS,2335,1111,1224,2335,ITI,ITI1,9,Toscana
2023-10-22,TOS,19,7,12,19,ITI,ITI1,9,Toscana
2023-10-25,TOS,3494,1678,1816,3494,ITI,ITI1,9,Toscana
2023-10-28,TOS,1244,642,602,1244,ITI,ITI1,9,Toscana
2023-11-17,TOS,5754,2729,3025,5754,ITI,ITI1,9,Toscana
2023-10-12,UMB,6,3,3,6,ITI,ITI2,10,Umbria
2023-10-18,UMB,18,9,9,18,ITI,ITI2,10,Umbria
2023-11-10,UMB,659,313,346,659,ITI,ITI2,10,Umbria
2023-11-13,UMB,370,183,187,370,ITI,ITI2,10,Umbria
2023-11-16,UMB,729,352,377,729,ITI,ITI2,10,Umbria
2023-10-06,VDA,18,10,8,18,ITC,ITC2,2,Valle d'Aosta / Vallée d'Aoste
2023-10-12,VDA,12,6,6,12,ITC,ITC2,2,Valle d'Aosta / Vallée d'Aoste
2023-11-04,VDA,109,57,52,109,ITC,ITC2,2,Valle d'Aosta / Vallée d'Aoste
2023-11-07,VDA,100,45,55,100,ITC,ITC2,2,Valle d'Aosta / Vallée d'Aoste
2023-11-10,VDA,160,73,87,160,ITC,ITC2,2,Valle d'Aosta / Vallée d'Aoste
2023-11-13,VDA,54,25,29,54,ITC,ITC2,2,Valle d'Aosta / Vallée d'Aoste
2023-10-28,VEN,725,350,375,725,ITH,ITH3,5,Veneto
2023-10-31,VEN,1411,606,805,1411,ITH,ITH3,5,Veneto
2023-11-03,VEN,1183,560,623,1183,ITH,ITH3,5,Veneto
2023-11-06,VEN,1410,665,745,1410,ITH,ITH3,5,Veneto
