data,area,totale,m,f,d,N1,N2,ISTAT,reg
2024-12-04,PIE,668,313,355,668,ITC,ITC1,1,Piemonte
2024-12-03,EMR,1759,824,935,1759,ITH,ITH5,8,Emilia-Romagna
2024-10-30,SAR,164,75,89,164,ITG,ITG2,20,Sardegna
2024-11-13,VEN,1341,629,712,1341,ITH,ITH3,5,Veneto
2024-10-18,LOM,6396,3153,3243,6396,ITC,ITC4,3,Lombardia
2024-11-02,ABR,16,8,8,16,ITF,ITF1,13,Abruzzo
2024-09-19,TOS,7,3,4,7,ITI,ITI1,9,Toscana
2024-10-23,CAM,74,45,29,74,ITF,ITF3,15,Campania
2024-11-16,PUG,338,188,150,338,ITF,ITF4,16,Puglia
2024-10-25,LAZ,1363,678,685,1363,ITI,ITI4,12,Lazio
2024-10-26,ABR,6,2,4,6,ITF,ITF1,13,Abruzzo
2024-10-18,VEN,766,391,375,766,ITH,ITH3,5,Veneto
2024-10-18,SAR,88,43,45,88,ITG,ITG2,20,Sardegna
2024-11-11,MAR,408,188,220,408,ITI,ITI3,11,Marche
2024-11-26,EMR,3214,1522,1692,3214,ITH,ITH5,8,Emilia-Romagna
2024-10-29,MAR,437,222,215,437,ITI,ITI3,11,Marche
2024-11-25,PUG,434,220,214,434,ITF,ITF4,16,Puglia
2024-11-20,EMR,4091,1983,2108,4091,ITH,ITH5,8,Emilia-Romagna
2024-12-10,MAR,174,92,82,174,ITI,ITI3,11,Marche
2024-10-09,TOS,279,135,144,279,ITI,ITI1,9,Toscana
2024-11-27,MOL,4,3,1,4,ITF,ITF2,14,Molise
2024-12-12,FVG,216,118,98,216,ITH,ITH4,6,Friuli-Venezia Giulia
2024-11-13,SAR,357,201,156,357,ITG,ITG2,20,Sardegna
2024-11-22,LAZ,1229,583,646,1229,ITI,ITI4,12,Lazio
2024-10-15,LAZ,475,237,238,475,ITI,ITI4,12,Lazio
2024-10-30,VEN,1093,458,635,1093,ITH,ITH3,5,Veneto
2024-11-22,SIC,72,32,40,72,ITG,ITG1,19,Sicilia
2024-09-30,SIC,5,2,3,5,ITG,ITG1,19,Sicilia
2024-11-30,MOL,9,3,6,9,ITF,ITF2,14,Molise
2024-10-31,BAS,1,1,0,1,ITF,ITF5,17,Basilicata
2024-11-05,LAZ,1773,831,942,1773,ITI,ITI4,12,Lazio
2024-10-14,EMR,1960,940,1020,1960,ITH,ITH5,8,Emilia-Romagna
2024-11-19,FVG,816,377,439,816,ITH,ITH4,6,Friuli-Venezia Giulia
2024-11-21,MAR,627,306,321,627,ITI,ITI3,11,Marche
2024-10-03,TOS,59,12,47,59,ITI,ITI1,9,Toscana
2024-11-03,LOM,224,114,110,224,ITC,ITC4,3,Lombardia
2024-10-19,LAZ,639,324,315,639,ITI,ITI4,12,Lazio
2024-10-12,LIG,10,6,4,10,ITC,ITC3,7,Liguria
2024-10-15,SIC,20,14,6,20,ITG,ITG1,19,Sicilia
2024-10-24,PIE,1556,799,757,1556,ITC,ITC1,1,Piemonte
2024-10-23,PIE,1641,770,871,1641,ITC,ITC1,1,Piemonte
2024-11-23,EMR,939,435,504,939,ITH,ITH5,8,Emilia-Romagna
2024-11-19,LIG,743,354,389,743,ITC,ITC3,7,Liguria
2024-10-16,PUG,280,154,126,280,ITF,ITF4,16,Puglia
2024-11-25,VEN,500,237,263,500,ITH,ITH3,5,Veneto
2024-10-30,FVG,587,276,311,587,ITH,ITH4,6,Friuli-Venezia Giulia
2024-10-28,VDA,47,22,25,47,ITC,ITC2,2,Valle d'Aosta / Vallée d'Aoste
2024-10-16,FVG,137,60,77,137,ITH,ITH4,6,Friuli-Venezia Giulia
2024-10-17,PUG,314,171,143,314,ITF,ITF4,16,Puglia
2024-11-25,SAR,126,59,67,126,ITG,ITG2,20,Sardegna
2024-09-27,LOM,100,52,48,100,ITC,ITC4,3,Lombardia
2024-11-02,MAR,206,100,106,206,ITI,ITI3,11,Marche
2024-09-30,LAZ,30,19,11,30,ITI,ITI4,12,Lazio
2024-11-13,UMB,77,36,41,77,ITI,ITI2,10,Umbria
2024-10-17,PAT,173,95,78,173,ITH,ITH2,4,Provincia Autonoma Trento
2024-10-16,PAT,349,195,154,349,ITH,ITH2,4,Provincia Autonoma Trento
2024-10-26,MAR,463,241,222,463,ITI,ITI3,11,Marche
2024-12-11,SIC,43,21,22,43,ITG,ITG1,19,Sicilia
2024-10-01,LAZ,10,5,5,10,ITI,ITI4,12,Lazio
2024-12-01,CAM,4,3,1,4,ITF,ITF3,15,Campania
2024-09-26,LAZ,9,6,3,9,ITI,ITI4,12,Lazio
2024-11-15,MOL,43,19,24,43,ITF,ITF2,14,Molise
2024-12-07,MAR,12,5,7,12,ITI,ITI3,11,Marche
2024-11-24,FVG,5,3,2,5,ITH,ITH4,6,Friuli-Venezia Giulia
2024-09-27,SAR,5,4,1,5,ITG,ITG2,20,Sardegna
2024-11-28,MOL,1,0,1,1,ITF,ITF2,14,Molise
2024-11-19,SIC,53,29,24,53,ITG,ITG1,19,Sicilia
2024-10-25,FVG,487,257,230,487,ITH,ITH4,6,Friuli-Venezia Giulia
2024-11-28,CAM,138,73,65,138,ITF,ITF3,15,Campania
2024-12-03,MOL,8,4,4,8,ITF,ITF2,14,Molise
2024-10-31,UMB,41,23,18,41,ITI,ITI2,10,Umbria
2024-10-16,LOM,6943,3379,3564,6943,ITC,ITC4,3,Lombardia
2024-11-07,TOS,3160,1480,1680,3160,ITI,ITI1,9,Toscana
2024-10-18,EMR,3302,1671,1631,3302,ITH,ITH5,8,Emilia-Romagna
2024-10-14,PIE,315,165,150,315,ITC,ITC1,1,Piemonte
2024-10-22,VDA,94,43,51,94,ITC,ITC2,2,Valle d'Aosta / Vallée d'Aoste
2024-10-08,FVG,24,7,17,24,ITH,ITH4,6,Friuli-Venezia Giulia
2024-09-29,LOM,12,9,3,12,ITC,ITC4,3,Lombardia
2024-11-30,CAM,40,22,18,40,ITF,ITF3,15,Campania
2024-10-19,VEN,406,219,187,406,ITH,ITH3,5,Veneto
2024-11-13,LOM,6889,3295,3594,6889,ITC,ITC4,3,Lombardia
2024-11-18,FVG,526,255,271,526,ITH,ITH4,6,Friuli-Venezia Giulia
2024-11-10,PIE,56,22,34,56,ITC,ITC1,1,Piemonte
2024-10-04,VEN,29,9,20,29,ITH,ITH3,5,Veneto
2024-12-04,TOS,911,416,495,911,ITI,ITI1,9,Toscana
2024-10-07,ABR,7,3,4,7,ITF,ITF1,13,Abruzzo
2024-10-29,VDA,113,53,60,113,ITC,ITC2,2,Valle d'Aosta / Vallée d'Aoste
2024-10-18,LAZ,902,479,423,902,ITI,ITI4,12,Lazio
2024-11-04,FVG,367,162,205,367,ITH,ITH4,6,Friuli-Venezia Giulia
2024-09-26,EMR,12,6,6,12,ITH,ITH5,8,Emilia-Romagna
2024-11-28,LIG,697,314,383,697,ITC,ITC3,7,Liguria
2024-10-28,CAM,105,58,47,105,ITF,ITF3,15,Campania
2024-11-21,VDA,71,30,41,71,ITC,ITC2,2,Valle d'Aosta / Vallée d'Aoste
2024-12-02,MAR,120,59,61,120,ITI,ITI3,11,Marche
2024-10-27,EMR,364,160,204,364,ITH,ITH5,8,Emilia-Romagna
2024-12-07,PIE,326,168,158,326,ITC,ITC1,1,Piemonte
2024-11-06,FVG,894,441,453,894,ITH,ITH4,6,Friuli-Venezia Giulia
2024-10-16,MAR,110,60,50,110,ITI,ITI3,11,Marche
2024-12-05,VEN,417,171,246,417,ITH,ITH3,5,Veneto
2024-11-24,LOM,373,179,194,373,ITC,ITC4,3,Lombardia
2024-11-18,PIE,1384,646,738,1384,ITC,ITC1,1,Piemonte
2024-11-05,PAT,125,58,67,125,ITH,ITH2,4,Provincia Autonoma Trento
2024-11-27,CAM,126,64,62,126,ITF,ITF3,15,Campania
2024-12-11,LOM,1620,703,917,1620,ITC,ITC4,3,Lombardia
2024-10-31,SAR,136,73,63,136,ITG,ITG2,20,Sardegna
2024-12-01,PIE,17,4,13,17,ITC,ITC1,1,Piemonte
2024-11-03,EMR,354,167,187,354,ITH,ITH5,8,Emilia-Romagna
2024-12-05,PAT,93,38,55,93,ITH,ITH2,4,Provincia Autonoma Trento
2024-10-23,VEN,843,393,450,843,ITH,ITH3,5,Veneto
2024-11-22,EMR,3786,1768,2018,3786,ITH,ITH5,8,Emilia-Romagna
2024-10-29,ABR,150,71,79,150,ITF,ITF1,13,Abruzzo
2024-10-02,VEN,15,10,5,15,ITH,ITH3,5,Veneto
2024-11-14,PAT,483,225,258,483,ITH,ITH2,4,Provincia Autonoma Trento
2024-10-22,LIG,700,357,343,700,ITC,ITC3,7,Liguria
2024-11-11,FVG,740,338,402,740,ITH,ITH4,6,Friuli-Venezia Giulia
2024-10-21,TOS,1523,712,811,1523,ITI,ITI1,9,Toscana
2024-10-22,PAB,462,246,216,462,ITH,ITH1,4,Provincia Autonoma Bolzano / Bozen
2024-11-21,UMB,17,6,11,17,ITI,ITI2,10,Umbria
2024-11-16,BAS,24,13,11,24,ITF,ITF5,17,Basilicata
2024-11-10,LOM,701,337,364,701,ITC,ITC4,3,Lombardia
2024-12-11,CAM,94,49,45,94,ITF,ITF3,15,Campania
2024-11-08,PAT,543,267,276,543,ITH,ITH2,4,Provincia Autonoma Trento
2024-11-26,CAM,144,73,71,144,ITF,ITF3,15,Campania
2024-12-10,LIG,445,198,247,445,ITC,ITC3,7,Liguria
2024-11-01,EMR,258,115,143,258,ITH,ITH5,8,Emilia-Romagna
2024-11-23,LIG,83,36,47,83,ITC,ITC3,7,Liguria
2024-12-10,PAB,78,41,37,78,ITH,ITH1,4,Provincia Autonoma Bolzano / Bozen
2024-11-08,ABR,158,78,80,158,ITF,ITF1,13,Abruzzo
2024-11-09,CAM,69,37,32,69,ITF,ITF3,15,Campania
2024-09-30,SAR,12,8,4,12,ITG,ITG2,20,Sardegna
2024-11-25,SIC,27,11,16,27,ITG,ITG1,19,Sicilia
2024-10-15,PUG,284,151,133,284,ITF,ITF4,16,Puglia
2024-10-31,EMR,3717,1725,1992,3717,ITH,ITH5,8,Emilia-Romagna
2024-11-25,MAR,178,91,87,178,ITI,ITI3,11,Marche
2024-11-28,LAZ,695,300,395,695,ITI,ITI4,12,Lazio
2024-10-01,PUG,14,5,9,14,ITF,ITF4,16,Puglia
2024-11-27,MAR,193,91,102,193,ITI,ITI3,11,Marche
2024-11-21,LIG,847,412,435,847,ITC,ITC3,7,Liguria
2024-10-14,CAM,38,24,14,38,ITF,ITF3,15,Campania
2024-11-02,VEN,153,73,80,153,ITH,ITH3,5,Veneto
2024-12-02,PAB,107,56,51,107,ITH,ITH1,4,Provincia Autonoma Bolzano / Bozen
2024-11-01,VEN,24,9,15,24,ITH,ITH3,5,Veneto
2024-10-02,TOS,30,8,22,30,ITI,ITI1,9,Toscana
2024-10-17,LAZ,724,356,368,724,ITI,ITI4,12,Lazio
2024-10-26,VEN,2665,1375,1290,2665,ITH,ITH3,5,Veneto
2024-11-29,TOS,1542,689,853,1542,ITI,ITI1,9,Toscana
2024-11-30,EMR,810,378,432,810,ITH,ITH5,8,Emilia-Romagna
2024-10-25,PUG,359,194,165,359,ITF,ITF4,16,Puglia
2024-11-12,CAM,90,53,37,90,ITF,ITF3,15,Campania
2024-11-22,UMB,15,7,8,15,ITI,ITI2,10,Umbria
2024-12-08,MAR,11,7,4,11,ITI,ITI3,11,Marche
2024-10-25,ABR,133,69,64,133,ITF,ITF1,13,Abruzzo
2024-11-21,SAR,202,101,101,202,ITG,ITG2,20,Sardegna
2024-10-02,PUG,39,16,23,39,ITF,ITF4,16,Puglia
2024-10-28,UMB,7,3,4,7,ITI,ITI2,10,Umbria
2024-12-02,MOL,5,3,2,5,ITF,ITF2,14,Molise
2024-12-03,CAM,114,47,67,114,ITF,ITF3,15,Campania
2024-10-29,PAB,27,12,15,27,ITH,ITH1,4,Provincia Autonoma Bolzano / Bozen
2024-10-08,VDA,32,14,18,32,ITC,ITC2,2,Valle d'Aosta / Vallée d'Aoste
2024-11-14,LOM,7003,3204,3799,7003,ITC,ITC4,3,Lombardia
2024-11-21,PAB,288,136,152,288,ITH,ITH1,4,Provincia Autonoma Bolzano / Bozen
2024-11-28,SIC,21,8,13,21,ITG,ITG1,19,Sicilia
2024-10-31,PAB,484,246,238,484,ITH,ITH1,4,Provincia Autonoma Bolzano / Bozen
2024-09-30,EMR,10,4,6,10,ITH,ITH5,8,Emilia-Romagna
2024-11-08,BAS,5,1,4,5,ITF,ITF5,17,Basilicata
2024-09-26,PUG,4,2,2,4,ITF,ITF4,16,Puglia
2024-11-15,LOM,6394,2956,3438,6394,ITC,ITC4,3,Lombardia
2024-10-11,CAM,31,19,12,31,ITF,ITF3,15,Campania
2024-11-25,LAZ,887,419,468,887,ITI,ITI4,12,Lazio
2024-11-04,LAZ,1225,552,673,1225,ITI,ITI4,12,Lazio
2024-11-14,CAM,122,78,44,122,ITF,ITF3,15,Campania
2024-12-04,UMB,32,17,15,32,ITI,ITI2,10,Umbria
2024-12-02,LIG,268,119,149,268,ITC,ITC3,7,Liguria
2024-11-10,EMR,527,243,284,527,ITH,ITH5,8,Emilia-Romagna
2024-11-07,FVG,1067,501,566,1067,ITH,ITH4,6,Friuli-Venezia Giulia
2024-10-24,ABR,107,58,49,107,ITF,ITF1,13,Abruzzo
2024-11-23,SIC,11,7,4,11,ITG,ITG1,19,Sicilia
2024-10-09,BAS,7,5,2,7,ITF,ITF5,17,Basilicata
2024-12-10,MOL,6,4,2,6,ITF,ITF2,14,Molise
2024-10-17,VDA,105,46,59,105,ITC,ITC2,2,Valle d'Aosta / Vallée d'Aoste
2024-10-10,VDA,30,13,17,30,ITC,ITC2,2,Valle d'Aosta / Vallée d'Aoste
2024-10-13,LAZ,12,6,6,12,ITI,ITI4,12,Lazio
2024-10-02,CAL,4,1,3,4,ITF,ITF6,18,Calabria
2024-11-22,MOL,4,4,0,4,ITF,ITF2,14,Molise
2024-11-04,SIC,10,5,5,10,ITG,ITG1,19,Sicilia
2024-09-18,CAM,4,1,3,4,ITF,ITF3,15,Campania
2024-10-03,MAR,12,6,6,12,ITI,ITI3,11,Marche
2024-11-01,ABR,11,5,6,11,ITF,ITF1,13,Abruzzo
2024-11-06,BAS,5,4,1,5,ITF,ITF5,17,Basilicata
2024-10-01,PAT,11,4,7,11,ITH,ITH2,4,Provincia Autonoma Trento
2024-09-21,LAZ,1,0,1,1,ITI,ITI4,12,Lazio
2024-11-21,MOL,5,3,2,5,ITF,ITF2,14,Molise
2024-10-27,VDA,1,1,0,1,ITC,ITC2,2,Valle d'Aosta / Vallée d'Aoste
2024-12-12,MOL,1,0,1,1,ITF,ITF2,14,Molise
2024-10-30,SIC,5,2,3,5,ITG,ITG1,19,Sicilia
2024-12-11,TOS,552,265,287,552,ITI,ITI1,9,Toscana
2024-11-18,MAR,197,100,97,197,ITI,ITI3,11,Marche
2024-10-23,FVG,467,237,230,467,ITH,ITH4,6,Friuli-Venezia Giulia
2024-11-09,TOS,914,440,474,914,ITI,ITI1,9,Toscana
2024-11-04,ABR,209,117,92,209,ITF,ITF1,13,Abruzzo
2024-12-12,VDA,18,6,12,18,ITC,ITC2,2,Valle d'Aosta / Vallée d'Aoste
2024-11-23,PAT,30,14,16,30,ITH,ITH2,4,Provincia Autonoma Trento
2024-10-01,SIC,1,0,1,1,ITG,ITG1,19,Sicilia
2024-10-30,PUG,547,290,257,547,ITF,ITF4,16,Puglia
2024-11-22,FVG,1024,466,558,1024,ITH,ITH4,6,Friuli-Venezia Giulia
2024-11-23,PUG,86,48,38,86,ITF,ITF4,16,Puglia
2024-11-28,VEN,943,425,518,943,ITH,ITH3,5,Veneto
2024-11-17,LOM,497,233,264,497,ITC,ITC4,3,Lombardia
2024-10-09,LIG,102,54,48,102,ITC,ITC3,7,Liguria
2024-11-04,UMB,46,25,21,46,ITI,ITI2,10,Umbria
2024-10-17,SAR,99,45,54,99,ITG,ITG2,20,Sardegna
2024-10-26,PUG,49,28,21,49,ITF,ITF4,16,Puglia
2024-11-08,SIC,56,35,21,56,ITG,ITG1,19,Sicilia
2024-11-12,VDA,73,44,29,73,ITC,ITC2,2,Valle d'Aosta / Vallée d'Aoste
2024-11-05,PUG,725,394,331,725,ITF,ITF4,16,Puglia
2024-10-16,TOS,1388,642,746,1388,ITI,ITI1,9,Toscana
2024-11-06,MAR,615,286,329,615,ITI,ITI3,11,Marche
2024-10-07,LOM,1033,507,526,1033,ITC,ITC4,3,Lombardia
2024-12-09,FVG,238,106,132,238,ITH,ITH4,6,Friuli-Venezia Giulia
2024-10-29,TOS,2545,1173,1372,2545,ITI,ITI1,9,Toscana
2024-10-24,VDA,117,61,56,117,ITC,ITC2,2,Valle d'Aosta / Vallée d'Aoste
2024-11-26,TOS,1436,666,770,1436,ITI,ITI1,9,Toscana
2024-11-27,EMR,3043,1421,1622,3043,ITH,ITH5,8,Emilia-Romagna
2024-11-07,LIG,905,439,466,905,ITC,ITC3,7,Liguria
2024-10-21,PAB,224,124,100,224,ITH,ITH1,4,Provincia Autonoma Bolzano / Bozen
2024-11-14,LIG,851,380,471,851,ITC,ITC3,7,Liguria
2024-11-29,LIG,295,127,168,295,ITC,ITC3,7,Liguria
2024-11-25,VDA,18,7,11,18,ITC,ITC2,2,Valle d'Aosta / Vallée d'Aoste
2024-11-29,PAB,109,57,52,109,ITH,ITH1,4,Provincia Autonoma Bolzano / Bozen
2024-10-31,LOM,7390,3496,3894,7390,ITC,ITC4,3,Lombardia
2024-12-09,EMR,849,418,431,849,ITH,ITH5,8,Emilia-Romagna
2024-12-02,PIE,697,338,359,697,ITC,ITC1,1,Piemonte
2024-11-18,EMR,2543,1203,1340,2543,ITH,ITH5,8,Emilia-Romagna
2024-11-21,VEN,1201,550,651,1201,ITH,ITH3,5,Veneto
2024-12-03,PAB,161,84,77,161,ITH,ITH1,4,Provincia Autonoma Bolzano / Bozen
2024-11-13,LAZ,1895,908,987,1895,ITI,ITI4,12,Lazio
2024-11-23,LAZ,405,204,201,405,ITI,ITI4,12,Lazio
2024-10-02,CAM,19,12,7,19,ITF,ITF3,15,Campania
2024-10-15,FVG,30,17,13,30,ITH,ITH4,6,Friuli-Venezia Giulia
2024-11-15,VDA,87,43,44,87,ITC,ITC2,2,Valle d'Aosta / Vallée d'Aoste
2024-11-07,EMR,6354,3075,3279,6354,ITH,ITH5,8,Emilia-Romagna
2024-09-23,LOM,17,8,9,17,ITC,ITC4,3,Lombardia
2024-10-28,PAT,240,112,128,240,ITH,ITH2,4,Provincia Autonoma Trento
2024-12-02,TOS,754,357,397,754,ITI,ITI1,9,Toscana
2024-10-31,LIG,664,340,324,664,ITC,ITC3,7,Liguria
2024-11-17,FVG,13,4,9,13,ITH,ITH4,6,Friuli-Venezia Giulia
2024-12-09,LOM,1508,657,851,1508,ITC,ITC4,3,Lombardia
2024-11-22,VEN,1111,507,604,1111,ITH,ITH3,5,Veneto
2024-11-09,PIE,808,386,422,808,ITC,ITC1,1,Piemonte
2024-10-28,PUG,384,208,176,384,ITF,ITF4,16,Puglia
2024-10-21,CAM,55,35,20,55,ITF,ITF3,15,Campania
2024-12-03,TOS,818,379,439,818,ITI,ITI1,9,Toscana
2024-10-14,PAB,5,4,1,5,ITH,ITH1,4,Provincia Autonoma Bolzano / Bozen
2024-11-28,VDA,22,13,9,22,ITC,ITC2,2,Valle d'Aosta / Vallée d'Aoste
2024-11-22,SAR,153,70,83,153,ITG,ITG2,20,Sardegna
2024-10-27,ABR,25,14,11,25,ITF,ITF1,13,Abruzzo
2024-10-08,EMR,1279,647,632,1279,ITH,ITH5,8,Emilia-Romagna
2024-11-07,LOM,8678,4021,4657,8678,ITC,ITC4,3,Lombardia
2024-11-08,FVG,930,475,455,930,ITH,ITH4,6,Friuli-Venezia Giulia
2024-11-29,CAM,186,109,77,186,ITF,ITF3,15,Campania
2024-11-05,UMB,30,14,16,30,ITI,ITI2,10,Umbria
2024-10-10,EMR,1635,814,821,1635,ITH,ITH5,8,Emilia-Romagna
2024-10-22,TOS,2000,932,1068,2000,ITI,ITI1,9,Toscana
2024-10-23,VDA,204,101,103,204,ITC,ITC2,2,Valle d'Aosta / Vallée d'Aoste
2024-12-11,PAT,249,99,150,249,ITH,ITH2,4,Provincia Autonoma Trento
2024-11-14,TOS,2977,1378,1599,2977,ITI,ITI1,9,Toscana
2024-10-30,LAZ,371,139,232,371,ITI,ITI4,12,Lazio
2024-10-15,PAT,278,161,117,278,ITH,ITH2,4,Provincia Autonoma Trento
2024-11-14,PIE,2237,1053,1184,2237,ITC,ITC1,1,Piemonte
2024-10-21,PIE,834,397,437,834,ITC,ITC1,1,Piemonte
2024-11-22,PAT,214,109,105,214,ITH,ITH2,4,Provincia Autonoma Trento
2024-10-04,PIE,24,9,15,24,ITC,ITC1,1,Piemonte
2024-12-05,PIE,863,407,456,863,ITC,ITC1,1,Piemonte
2024-12-05,UMB,39,22,17,39,ITI,ITI2,10,Umbria
2024-11-09,PAB,1,1,0,1,ITH,ITH1,4,Provincia Autonoma Bolzano / Bozen
2024-11-12,PIE,1902,886,1016,1902,ITC,ITC1,1,Piemonte
2024-11-11,SAR,383,197,186,383,ITG,ITG2,20,Sardegna
2024-11-22,PUG,818,407,411,818,ITF,ITF4,16,Puglia
2024-10-10,LOM,1833,846,987,1833,ITC,ITC4,3,Lombardia
2024-12-10,VEN,374,167,207,374,ITH,ITH3,5,Veneto
2024-10-31,CAM,107,64,43,107,ITF,ITF3,15,Campania
2024-10-11,PAT,92,44,48,92,ITH,ITH2,4,Provincia Autonoma Trento
2024-10-10,ABR,47,33,14,47,ITF,ITF1,13,Abruzzo
2024-11-16,VDA,22,10,12,22,ITC,ITC2,2,Valle d'Aosta / Vallée d'Aoste
2024-10-23,BAS,16,8,8,16,ITF,ITF5,17,Basilicata
2024-11-01,FVG,5,2,3,5,ITH,ITH4,6,Friuli-Venezia Giulia
2024-10-05,LOM,3987,2102,1885,3987,ITC,ITC4,3,Lombardia
2024-10-24,FVG,446,234,212,446,ITH,ITH4,6,Friuli-Venezia Giulia
2024-11-23,TOS,487,215,272,487,ITI,ITI1,9,Toscana
2024-10-23,ABR,85,37,48,85,ITF,ITF1,13,Abruzzo
2024-10-20,EMR,270,128,142,270,ITH,ITH5,8,Emilia-Romagna
2024-11-11,VEN,685,351,334,685,ITH,ITH3,5,Veneto
2024-11-30,MAR,28,13,15,28,ITI,ITI3,11,Marche
2024-10-11,PUG,126,66,60,126,ITF,ITF4,16,Puglia
2024-11-24,LAZ,60,29,31,60,ITI,ITI4,12,Lazio
2024-11-14,PAB,365,163,202,365,ITH,ITH1,4,Provincia Autonoma Bolzano / Bozen
2024-10-21,LIG,340,161,179,340,ITC,ITC3,7,Liguria
2024-11-13,SIC,28,19,9,28,ITG,ITG1,19,Sicilia
2024-12-10,SAR,30,15,15,30,ITG,ITG2,20,Sardegna
2024-10-25,UMB,29,13,16,29,ITI,ITI2,10,Umbria
2024-09-30,PUG,8,5,3,8,ITF,ITF4,16,Puglia
2024-12-06,MOL,8,5,3,8,ITF,ITF2,14,Molise
2024-11-02,CAM,16,11,5,16,ITF,ITF3,15,Campania
2024-10-04,CAM,11,7,4,11,ITF,ITF3,15,Campania
2024-10-28,MOL,33,14,19,33,ITF,ITF2,14,Molise
2024-09-20,TOS,4,3,1,4,ITI,ITI1,9,Toscana
2024-10-27,MAR,3,1,2,3,ITI,ITI3,11,Marche
2024-10-19,UMB,3,0,3,3,ITI,ITI2,10,Umbria
2024-10-05,CAM,2,1,1,2,ITF,ITF3,15,Campania
2024-12-01,MAR,1,0,1,1,ITI,ITI3,11,Marche
2024-11-21,LOM,4987,2308,2679,4987,ITC,ITC4,3,Lombardia
2024-11-15,LAZ,1575,788,787,1575,ITI,ITI4,12,Lazio
2024-12-04,VEN,424,181,243,424,ITH,ITH3,5,Veneto
2024-10-14,VEN,436,193,243,436,ITH,ITH3,5,Veneto
2024-10-10,VEN,399,173,226,399,ITH,ITH3,5,Veneto
2024-12-04,LAZ,1071,479,592,1071,ITI,ITI4,12,Lazio
2024-11-20,SAR,227,117,110,227,ITG,ITG2,20,Sardegna
2024-11-29,PAT,226,116,110,226,ITH,ITH2,4,Provincia Autonoma Trento
2024-11-07,SAR,442,224,218,442,ITG,ITG2,20,Sardegna
2024-11-08,VDA,131,69,62,131,ITC,ITC2,2,Valle d'Aosta / Vallée d'Aoste
2024-10-18,PIE,1058,552,506,1058,ITC,ITC1,1,Piemonte
2024-10-29,CAM,110,59,51,110,ITF,ITF3,15,Campania
2024-11-02,LAZ,121,58,63,121,ITI,ITI4,12,Lazio
2024-11-15,UMB,45,22,23,45,ITI,ITI2,10,Umbria
2024-10-14,FVG,106,48,58,106,ITH,ITH4,6,Friuli-Venezia Giulia
2024-10-29,LOM,8387,4017,4370,8387,ITC,ITC4,3,Lombardia
2024-12-10,EMR,1040,493,547,1040,ITH,ITH5,8,Emilia-Romagna
2024-10-01,CAM,4,3,1,4,ITF,ITF3,15,Campania
2024-10-31,TOS,2311,1055,1256,2311,ITI,ITI1,9,Toscana
2024-11-23,VEN,347,155,192,347,ITH,ITH3,5,Veneto
2024-11-11,LOM,6532,3124,3408,6532,ITC,ITC4,3,Lombardia
2024-10-22,LOM,9684,4642,5042,9684,ITC,ITC4,3,Lombardia
2024-12-02,LOM,2152,1014,1138,2152,ITC,ITC4,3,Lombardia
2024-11-19,MAR,572,249,323,572,ITI,ITI3,11,Marche
2024-12-02,CAM,71,35,36,71,ITF,ITF3,15,Campania
2024-11-03,PIE,101,46,55,101,ITC,ITC1,1,Piemonte
2024-11-06,TOS,2870,1302,1568,2870,ITI,ITI1,9,Toscana
2024-11-22,PIE,1874,903,971,1874,ITC,ITC1,1,Piemonte
2024-11-14,VEN,1095,546,549,1095,ITH,ITH3,5,Veneto
2024-10-11,LAZ,351,193,158,351,ITI,ITI4,12,Lazio
2024-09-24,LOM,62,33,29,62,ITC,ITC4,3,Lombardia
2024-10-18,FVG,224,111,113,224,ITH,ITH4,6,Friuli-Venezia Giulia
2024-11-28,PUG,667,330,337,667,ITF,ITF4,16,Puglia
2024-10-17,PIE,677,346,331,677,ITC,ITC1,1,Piemonte
2024-10-17,ABR,194,115,79,194,ITF,ITF1,13,Abruzzo
2024-10-22,CAM,74,44,30,74,ITF,ITF3,15,Campania
2024-11-28,EMR,2775,1365,1410,2775,ITH,ITH5,8,Emilia-Romagna
2024-11-25,FVG,540,260,280,540,ITH,ITH4,6,Friuli-Venezia Giulia
2024-11-11,LIG,415,206,209,415,ITC,ITC3,7,Liguria
2024-10-19,PAT,54,27,27,54,ITH,ITH2,4,Provincia Autonoma Trento
2024-11-11,PAB,243,117,126,243,ITH,ITH1,4,Provincia Autonoma Bolzano / Bozen
2024-11-11,UMB,28,10,18,28,ITI,ITI2,10,Umbria
2024-11-16,LAZ,420,226,194,420,ITI,ITI4,12,Lazio
2024-11-27,VEN,869,414,455,869,ITH,ITH3,5,Veneto
2024-11-26,LAZ,1171,508,663,1171,ITI,ITI4,12,Lazio
2024-11-20,LOM,5595,2476,3119,5595,ITC,ITC4,3,Lombardia
2024-11-13,PUG,745,386,359,745,ITF,ITF4,16,Puglia
2024-12-11,LAZ,998,489,509,998,ITI,ITI4,12,Lazio
2024-10-25,SIC,34,17,17,34,ITG,ITG1,19,Sicilia
2024-10-19,PUG,41,16,25,41,ITF,ITF4,16,Puglia
2024-10-08,ABR,8,2,6,8,ITF,ITF1,13,Abruzzo
2024-12-09,VDA,3,1,2,3,ITC,ITC2,2,Valle d'Aosta / Vallée d'Aoste
2024-11-22,VDA,57,30,27,57,ITC,ITC2,2,Valle d'Aosta / Vallée d'Aoste
2024-10-30,PAT,141,52,89,141,ITH,ITH2,4,Provincia Autonoma Trento
2024-10-11,TOS,701,309,392,701,ITI,ITI1,9,Toscana
2024-11-02,PUG,29,12,17,29,ITF,ITF4,16,Puglia
2024-11-09,MAR,339,169,170,339,ITI,ITI3,11,Marche
2024-11-20,FVG,605,295,310,605,ITH,ITH4,6,Friuli-Venezia Giulia
2024-11-13,PAT,428,216,212,428,ITH,ITH2,4,Provincia Autonoma Trento
2024-11-18,VDA,8,1,7,8,ITC,ITC2,2,Valle d'Aosta / Vallée d'Aoste
2024-11-29,LOM,3373,1555,1818,3373,ITC,ITC4,3,Lombardia
2024-12-06,LOM,1931,805,1126,1931,ITC,ITC4,3,Lombardia
2024-10-03,PUG,14,9,5,14,ITF,ITF4,16,Puglia
2024-11-02,TOS,192,96,96,192,ITI,ITI1,9,Toscana
2024-10-28,LAZ,646,320,326,646,ITI,ITI4,12,Lazio
2024-11-21,FVG,837,411,426,837,ITH,ITH4,6,Friuli-Venezia Giulia
2024-10-12,TOS,266,118,148,266,ITI,ITI1,9,Toscana
2024-10-14,LIG,238,128,110,238,ITC,ITC3,7,Liguria
2024-10-03,CAM,7,6,1,7,ITF,ITF3,15,Campania
2024-09-29,EMR,2,1,1,2,ITH,ITH5,8,Emilia-Romagna
2024-10-15,SAR,57,22,35,57,ITG,ITG2,20,Sardegna
2024-09-23,LIG,7,5,2,7,ITC,ITC3,7,Liguria
2024-10-03,PAT,25,15,10,25,ITH,ITH2,4,Provincia Autonoma Trento
2024-09-27,LIG,19,14,5,19,ITC,ITC3,7,Liguria
2024-11-24,PUG,10,5,5,10,ITF,ITF4,16,Puglia
2024-11-10,SIC,1,0,1,1,ITG,ITG1,19,Sicilia
2024-11-17,VEN,3,1,2,3,ITH,ITH3,5,Veneto
2024-11-10,VDA,1,1,0,1,ITC,ITC2,2,Valle d'Aosta / Vallée d'Aoste
2024-11-12,EMR,4878,2349,2529,4878,ITH,ITH5,8,Emilia-Romagna
2024-10-28,SAR,121,58,63,121,ITG,ITG2,20,Sardegna
2024-10-21,FVG,258,138,120,258,ITH,ITH4,6,Friuli-Venezia Giulia
2024-12-05,MAR,93,34,59,93,ITI,ITI3,11,Marche
2024-11-12,PAB,431,204,227,431,ITH,ITH1,4,Provincia Autonoma Bolzano / Bozen
2024-10-03,SIC,3,2,1,3,ITG,ITG1,19,Sicilia
2024-10-24,MOL,20,9,11,20,ITF,ITF2,14,Molise
2024-10-16,UMB,11,6,5,11,ITI,ITI2,10,Umbria
2024-10-17,TOS,2004,971,1033,2004,ITI,ITI1,9,Toscana
2024-10-28,EMR,3943,1831,2112,3943,ITH,ITH5,8,Emilia-Romagna
2024-10-11,EMR,1537,691,846,1537,ITH,ITH5,8,Emilia-Romagna
2024-11-28,TOS,1688,772,916,1688,ITI,ITI1,9,Toscana
2024-10-26,LIG,82,38,44,82,ITC,ITC3,7,Liguria
2024-11-29,VDA,48,22,26,48,ITC,ITC2,2,Valle d'Aosta / Vallée d'Aoste
2024-09-27,PAT,17,8,9,17,ITH,ITH2,4,Provincia Autonoma Trento
2024-11-18,MOL,18,7,11,18,ITF,ITF2,14,Molise
2024-11-27,LAZ,1453,685,768,1453,ITI,ITI4,12,Lazio
2024-12-03,LOM,2545,1099,1446,2545,ITC,ITC4,3,Lombardia
2024-10-30,TOS,2781,1277,1504,2781,ITI,ITI1,9,Toscana
2024-10-28,LOM,7342,3450,3892,7342,ITC,ITC4,3,Lombardia
2024-11-09,VEN,2980,1537,1443,2980,ITH,ITH3,5,Veneto
2024-10-07,PAT,39,17,22,39,ITH,ITH2,4,Provincia Autonoma Trento
2024-11-11,BAS,72,36,36,72,ITF,ITF5,17,Basilicata
2024-11-16,PIE,451,222,229,451,ITC,ITC1,1,Piemonte
2024-11-27,VDA,57,32,25,57,ITC,ITC2,2,Valle d'Aosta / Vallée d'Aoste
2024-10-03,LAZ,29,19,10,29,ITI,ITI4,12,Lazio
2024-10-28,VEN,775,353,422,775,ITH,ITH3,5,Veneto
2024-10-21,VDA,86,42,44,86,ITC,ITC2,2,Valle d'Aosta / Vallée d'Aoste
2024-11-11,PUG,571,263,308,571,ITF,ITF4,16,Puglia
2024-11-07,ABR,271,139,132,271,ITF,ITF1,13,Abruzzo
2024-10-02,LOM,317,158,159,317,ITC,ITC4,3,Lombardia
2024-10-29,MOL,21,14,7,21,ITF,ITF2,14,Molise
2024-11-09,ABR,8,5,3,8,ITF,ITF1,13,Abruzzo
2024-11-26,PAB,269,125,144,269,ITH,ITH1,4,Provincia Autonoma Bolzano / Bozen
2024-11-29,FVG,774,363,411,774,ITH,ITH4,6,Friuli-Venezia Giulia
2024-10-25,EMR,5076,2405,2671,5076,ITH,ITH5,8,Emilia-Romagna
2024-11-26,LIG,1123,542,581,1123,ITC,ITC3,7,Liguria
2024-11-14,UMB,56,32,24,56,ITI,ITI2,10,Umbria
2024-11-04,TOS,1782,855,927,1782,ITI,ITI1,9,Toscana
2024-11-13,LIG,624,311,313,624,ITC,ITC3,7,Liguria
2024-11-11,PAT,223,100,123,223,ITH,ITH2,4,Provincia Autonoma Trento
2024-11-06,VEN,1194,564,630,1194,ITH,ITH3,5,Veneto
2024-10-13,TOS,47,16,31,47,ITI,ITI1,9,Toscana
2024-11-12,UMB,26,11,15,26,ITI,ITI2,10,Umbria
2024-11-06,SAR,426,204,222,426,ITG,ITG2,20,Sardegna
2024-12-03,PIE,898,435,463,898,ITC,ITC1,1,Piemonte
2024-11-09,EMR,2584,1276,1308,2584,ITH,ITH5,8,Emilia-Romagna
2024-11-12,VEN,1162,578,584,1162,ITH,ITH3,5,Veneto
2024-11-22,MAR,397,191,206,397,ITI,ITI3,11,Marche
2024-11-26,UMB,22,16,6,22,ITI,ITI2,10,Umbria
2024-11-12,SAR,448,215,233,448,ITG,ITG2,20,Sardegna
2024-11-07,BAS,18,7,11,18,ITF,ITF5,17,Basilicata
2024-09-20,LOM,30,16,14,30,ITC,ITC4,3,Lombardia
2024-09-27,CAM,6,3,3,6,ITF,ITF3,15,Campania
2024-10-31,SIC,6,3,3,6,ITG,ITG1,19,Sicilia
2024-10-07,PUG,13,11,2,13,ITF,ITF4,16,Puglia
2024-10-14,UMB,3,0,3,3,ITI,ITI2,10,Umbria
2024-11-02,LIG,4,1,3,4,ITC,ITC3,7,Liguria
2024-11-16,UMB,7,4,3,7,ITI,ITI2,10,Umbria
2024-11-09,UMB,6,3,3,6,ITI,ITI2,10,Umbria
2024-10-04,LIG,58,30,28,58,ITC,ITC3,7,Liguria
2024-11-13,MOL,3,1,2,3,ITF,ITF2,14,Molise
2024-12-07,LIG,42,15,27,42,ITC,ITC3,7,Liguria
2024-09-21,TOS,8,3,5,8,ITI,ITI1,9,Toscana
2024-10-21,SAR,90,49,41,90,ITG,ITG2,20,Sardegna
2024-12-02,VDA,8,2,6,8,ITC,ITC2,2,Valle d'Aosta / Vallée d'Aoste
2024-12-05,PUG,464,225,239,464,ITF,ITF4,16,Puglia
2024-10-11,LOM,2283,1018,1265,2283,ITC,ITC4,3,Lombardia
2024-10-29,PIE,2188,994,1194,2188,ITC,ITC1,1,Piemonte
2024-10-21,LAZ,1133,599,534,1133,ITI,ITI4,12,Lazio
2024-11-14,PUG,796,407,389,796,ITF,ITF4,16,Puglia
2024-11-05,VEN,1145,543,602,1145,ITH,ITH3,5,Veneto
2024-10-26,TOS,719,331,388,719,ITI,ITI1,9,Toscana
2024-10-16,ABR,103,60,43,103,ITF,ITF1,13,Abruzzo
2024-11-03,TOS,2,0,2,2,ITI,ITI1,9,Toscana
2024-10-12,SIC,1,1,0,1,ITG,ITG1,19,Sicilia
2024-09-25,TOS,4,3,1,4,ITI,ITI1,9,Toscana
2024-10-26,UMB,6,4,2,6,ITI,ITI2,10,Umbria
2024-11-09,SIC,6,5,1,6,ITG,ITG1,19,Sicilia
2024-11-02,PAB,10,5,5,10,ITH,ITH1,4,Provincia Autonoma Bolzano / Bozen
2024-11-02,UMB,6,2,4,6,ITI,ITI2,10,Umbria
2024-11-10,LIG,1,0,1,1,ITC,ITC3,7,Liguria
2024-12-03,VDA,1,1,0,1,ITC,ITC2,2,Valle d'Aosta / Vallée d'Aoste
2024-10-11,FVG,1,1,0,1,ITH,ITH4,6,Friuli-Venezia Giulia
2024-11-11,TOS,1759,848,911,1759,ITI,ITI1,9,Toscana
2024-11-08,LIG,474,228,246,474,ITC,ITC3,7,Liguria
2024-10-24,LIG,824,421,403,824,ITC,ITC3,7,Liguria
2024-10-31,PIE,2243,1031,1212,2243,ITC,ITC1,1,Piemonte
2024-11-27,PUG,568,289,279,568,ITF,ITF4,16,Puglia
2024-10-18,VDA,120,63,57,120,ITC,ITC2,2,Valle d'Aosta / Vallée d'Aoste
2024-11-15,VEN,1090,489,601,1090,ITH,ITH3,5,Veneto
2024-10-16,LAZ,668,341,327,668,ITI,ITI4,12,Lazio
2024-09-26,SAR,3,2,1,3,ITG,ITG2,20,Sardegna
2024-11-06,VDA,188,80,108,188,ITC,ITC2,2,Valle d'Aosta / Vallée d'Aoste
2024-10-08,CAM,16,11,5,16,ITF,ITF3,15,Campania
2024-10-25,CAM,39,19,20,39,ITF,ITF3,15,Campania
2024-10-29,LAZ,1693,854,839,1693,ITI,ITI4,12,Lazio
2024-12-04,LOM,2304,1025,1279,2304,ITC,ITC4,3,Lombardia
2024-12-06,SIC,52,19,33,52,ITG,ITG1,19,Sicilia
2024-10-20,LOM,939,470,469,939,ITC,ITC4,3,Lombardia
2024-10-17,MAR,157,77,80,157,ITI,ITI3,11,Marche
2024-10-08,LOM,1593,706,887,1593,ITC,ITC4,3,Lombardia
2024-10-27,LOM,589,287,302,589,ITC,ITC4,3,Lombardia
2024-12-01,LOM,202,80,122,202,ITC,ITC4,3,Lombardia
2024-11-29,PIE,1461,716,745,1461,ITC,ITC1,1,Piemonte
2024-11-17,PUG,22,12,10,22,ITF,ITF4,16,Puglia
2024-10-15,PAB,419,222,197,419,ITH,ITH1,4,Provincia Autonoma Bolzano / Bozen
2024-11-16,FVG,677,332,345,677,ITH,ITH4,6,Friuli-Venezia Giulia
2024-10-07,SIC,11,10,1,11,ITG,ITG1,19,Sicilia
2024-11-18,CAM,141,70,71,141,ITF,ITF3,15,Campania
2024-11-21,LAZ,1555,720,835,1555,ITI,ITI4,12,Lazio
2024-10-23,EMR,5508,2652,2856,5508,ITH,ITH5,8,Emilia-Romagna
2024-11-18,LOM,5249,2467,2782,5249,ITC,ITC4,3,Lombardia
2024-12-10,TOS,540,251,289,540,ITI,ITI1,9,Toscana
2024-12-04,EMR,1759,838,921,1759,ITH,ITH5,8,Emilia-Romagna
2024-10-25,LIG,322,157,165,322,ITC,ITC3,7,Liguria
2024-10-08,LIG,128,68,60,128,ITC,ITC3,7,Liguria
2024-10-15,PIE,394,217,177,394,ITC,ITC1,1,Piemonte
2024-11-15,SAR,196,96,100,196,ITG,ITG2,20,Sardegna
2024-11-07,PAT,85,29,56,85,ITH,ITH2,4,Provincia Autonoma Trento
2024-10-16,BAS,7,6,1,7,ITF,ITF5,17,Basilicata
2024-10-25,PAB,303,141,162,303,ITH,ITH1,4,Provincia Autonoma Bolzano / Bozen
2024-11-05,LIG,1203,604,599,1203,ITC,ITC3,7,Liguria
2024-11-21,TOS,2210,968,1242,2210,ITI,ITI1,9,Toscana
2024-11-28,MAR,189,94,95,189,ITI,ITI3,11,Marche
2024-10-09,FVG,24,13,11,24,ITH,ITH4,6,Friuli-Venezia Giulia
2024-09-30,PIE,10,6,4,10,ITC,ITC1,1,Piemonte
2024-11-18,LIG,298,157,141,298,ITC,ITC3,7,Liguria
2024-11-11,LAZ,1173,560,613,1173,ITI,ITI4,12,Lazio
2024-10-24,LOM,9026,4367,4659,9026,ITC,ITC4,3,Lombardia
2024-10-18,MAR,221,106,115,221,ITI,ITI3,11,Marche
2024-12-05,TOS,874,418,456,874,ITI,ITI1,9,Toscana
2024-11-15,PAT,212,98,114,212,ITH,ITH2,4,Provincia Autonoma Trento
2024-11-10,MAR,34,13,21,34,ITI,ITI3,11,Marche
2024-11-15,PUG,743,357,386,743,ITF,ITF4,16,Puglia
2024-11-22,TOS,2006,949,1057,2006,ITI,ITI1,9,Toscana
2024-12-02,LAZ,523,226,297,523,ITI,ITI4,12,Lazio
2024-11-07,PUG,659,331,328,659,ITF,ITF4,16,Puglia
2024-11-01,LOM,420,192,228,420,ITC,ITC4,3,Lombardia
2024-11-27,PAT,364,169,195,364,ITH,ITH2,4,Provincia Autonoma Trento
2024-10-07,LAZ,122,61,61,122,ITI,ITI4,12,Lazio
2024-11-28,PAT,197,97,100,197,ITH,ITH2,4,Provincia Autonoma Trento
2024-12-05,PAB,49,29,20,49,ITH,ITH1,4,Provincia Autonoma Bolzano / Bozen
2024-10-27,VEN,11,6,5,11,ITH,ITH3,5,Veneto
2024-11-05,PAB,59,28,31,59,ITH,ITH1,4,Provincia Autonoma Bolzano / Bozen
2024-11-03,VDA,4,1,3,4,ITC,ITC2,2,Valle d'Aosta / Vallée d'Aoste
2024-09-30,TOS,4,1,3,4,ITI,ITI1,9,Toscana
2024-10-01,TOS,44,12,32,44,ITI,ITI1,9,Toscana
2024-10-15,UMB,4,3,1,4,ITI,ITI2,10,Umbria
2024-11-20,SIC,32,19,13,32,ITG,ITG1,19,Sicilia
2024-10-16,SIC,7,5,2,7,ITG,ITG1,19,Sicilia
2024-11-17,PAT,1,0,1,1,ITH,ITH2,4,Provincia Autonoma Trento
2024-10-01,SAR,9,5,4,9,ITG,ITG2,20,Sardegna
2024-10-03,FVG,1,1,0,1,ITH,ITH4,6,Friuli-Venezia Giulia
2024-11-29,PUG,621,329,292,621,ITF,ITF4,16,Puglia
2024-10-23,TOS,2274,1104,1170,2274,ITI,ITI1,9,Toscana
2024-10-12,VEN,122,60,62,122,ITH,ITH3,5,Veneto
2024-11-02,PIE,212,98,114,212,ITC,ITC1,1,Piemonte
2024-11-19,LAZ,589,293,296,589,ITI,ITI4,12,Lazio
2024-10-31,LAZ,1209,598,611,1209,ITI,ITI4,12,Lazio
2024-12-05,SAR,24,14,10,24,ITG,ITG2,20,Sardegna
2024-10-24,MAR,603,303,300,603,ITI,ITI3,11,Marche
2024-11-19,PAT,237,108,129,237,ITH,ITH2,4,Provincia Autonoma Trento
2024-12-03,PUG,557,292,265,557,ITF,ITF4,16,Puglia
2024-11-05,FVG,812,385,427,812,ITH,ITH4,6,Friuli-Venezia Giulia
2024-10-27,TOS,72,29,43,72,ITI,ITI1,9,Toscana
2024-10-31,VEN,1113,477,636,1113,ITH,ITH3,5,Veneto
2024-10-10,TOS,615,284,331,615,ITI,ITI1,9,Toscana
2024-11-08,MOL,27,14,13,27,ITF,ITF2,14,Molise
2024-10-12,LAZ,168,88,80,168,ITI,ITI4,12,Lazio
2024-11-25,UMB,8,6,2,8,ITI,ITI2,10,Umbria
2024-11-16,LIG,88,49,39,88,ITC,ITC3,7,Liguria
2024-11-18,TOS,1592,766,826,1592,ITI,ITI1,9,Toscana
2024-12-09,TOS,454,209,245,454,ITI,ITI1,9,Toscana
2024-10-25,SAR,96,46,50,96,ITG,ITG2,20,Sardegna
2024-11-20,TOS,2085,997,1088,2085,ITI,ITI1,9,Toscana
2024-10-27,PIE,25,12,13,25,ITC,ITC1,1,Piemonte
2024-11-12,LIG,802,406,396,802,ITC,ITC3,7,Liguria
2024-11-14,EMR,4867,2312,2555,4867,ITH,ITH5,8,Emilia-Romagna
2024-11-02,LOM,2041,985,1056,2041,ITC,ITC4,3,Lombardia
2024-11-29,EMR,2082,966,1116,2082,ITH,ITH5,8,Emilia-Romagna
2024-11-09,FVG,458,239,219,458,ITH,ITH4,6,Friuli-Venezia Giulia
2024-11-19,PIE,1709,800,909,1709,ITC,ITC1,1,Piemonte
2024-10-16,PIE,452,252,200,452,ITC,ITC1,1,Piemonte
2024-10-29,VEN,971,467,504,971,ITH,ITH3,5,Veneto
2024-11-17,LAZ,43,22,21,43,ITI,ITI4,12,Lazio
2024-10-30,LIG,625,330,295,625,ITC,ITC3,7,Liguria
2024-12-05,EMR,1701,813,888,1701,ITH,ITH5,8,Emilia-Romagna
2024-12-12,PIE,478,226,252,478,ITC,ITC1,1,Piemonte
2024-11-30,LAZ,242,109,133,242,ITI,ITI4,12,Lazio
2024-12-06,PAT,105,33,72,105,ITH,ITH2,4,Provincia Autonoma Trento
2024-11-24,TOS,43,12,31,43,ITI,ITI1,9,Toscana
2024-10-30,PAB,13,5,8,13,ITH,ITH1,4,Provincia Autonoma Bolzano / Bozen
2024-10-05,VDA,1,0,1,1,ITC,ITC2,2,Valle d'Aosta / Vallée d'Aoste
2024-11-12,LOM,7519,3572,3947,7519,ITC,ITC4,3,Lombardia
2024-11-19,CAM,173,94,79,173,ITF,ITF3,15,Campania
2024-12-11,MAR,185,80,105,185,ITI,ITI3,11,Marche
2024-10-21,LOM,8349,4147,4202,8349,ITC,ITC4,3,Lombardia
2024-10-14,LOM,4802,2332,2470,4802,ITC,ITC4,3,Lombardia
2024-12-12,LIG,251,108,143,251,ITC,ITC3,7,Liguria
2024-12-06,VEN,507,197,310,507,ITH,ITH3,5,Veneto
2024-10-02,EMR,15,7,8,15,ITH,ITH5,8,Emilia-Romagna
2024-11-13,TOS,2575,1225,1350,2575,ITI,ITI1,9,Toscana
2024-10-28,FVG,338,160,178,338,ITH,ITH4,6,Friuli-Venezia Giulia
2024-11-04,CAM,106,61,45,106,ITF,ITF3,15,Campania
2024-10-31,VDA,61,26,35,61,ITC,ITC2,2,Valle d'Aosta / Vallée d'Aoste
2024-10-12,PIE,52,25,27,52,ITC,ITC1,1,Piemonte
2024-10-21,ABR,82,47,35,82,ITF,ITF1,13,Abruzzo
2024-11-26,LOM,4193,1963,2230,4193,ITC,ITC4,3,Lombardia
2024-10-22,FVG,265,132,133,265,ITH,ITH4,6,Friuli-Venezia Giulia
2024-09-20,FVG,23,12,11,23,ITH,ITH4,6,Friuli-Venezia Giulia
2024-12-07,LOM,582,301,281,582,ITC,ITC4,3,Lombardia
2024-10-21,EMR,2746,1309,1437,2746,ITH,ITH5,8,Emilia-Romagna
2024-11-12,FVG,1035,456,579,1035,ITH,ITH4,6,Friuli-Venezia Giulia
2024-11-09,LOM,5281,2580,2701,5281,ITC,ITC4,3,Lombardia
2024-12-02,EMR,1203,583,620,1203,ITH,ITH5,8,Emilia-Romagna
2024-10-04,EMR,102,28,74,102,ITH,ITH5,8,Emilia-Romagna
2024-11-13,PAB,424,214,210,424,ITH,ITH1,4,Provincia Autonoma Bolzano / Bozen
2024-10-13,LOM,193,95,98,193,ITC,ITC4,3,Lombardia
2024-12-07,VEN,61,27,34,61,ITH,ITH3,5,Veneto
2024-11-24,PIE,42,18,24,42,ITC,ITC1,1,Piemonte
2024-10-11,SIC,11,6,5,11,ITG,ITG1,19,Sicilia
2024-11-20,PUG,729,366,363,729,ITF,ITF4,16,Puglia
2024-12-06,PUG,456,246,210,456,ITF,ITF4,16,Puglia
2024-10-19,EMR,1443,700,743,1443,ITH,ITH5,8,Emilia-Romagna
2024-10-29,UMB,23,14,9,23,ITI,ITI2,10,Umbria
2024-09-24,LIG,8,4,4,8,ITC,ITC3,7,Liguria
2024-10-22,UMB,18,10,8,18,ITI,ITI2,10,Umbria
2024-11-04,LIG,184,89,95,184,ITC,ITC3,7,Liguria
2024-11-20,PAT,376,177,199,376,ITH,ITH2,4,Provincia Autonoma Trento
2024-10-04,LOM,671,322,349,671,ITC,ITC4,3,Lombardia
2024-12-12,CAM,57,35,22,57,ITF,ITF3,15,Campania
2024-10-31,ABR,152,77,75,152,ITF,ITF1,13,Abruzzo
2024-10-29,SAR,154,88,66,154,ITG,ITG2,20,Sardegna
2024-10-30,UMB,18,9,9,18,ITI,ITI2,10,Umbria
2024-11-27,SIC,54,24,30,54,ITG,ITG1,19,Sicilia
2024-11-16,MOL,20,11,9,20,ITF,ITF2,14,Molise
2024-12-02,UMB,7,0,7,7,ITI,ITI2,10,Umbria
2024-11-25,MOL,6,3,3,6,ITF,ITF2,14,Molise
2024-10-07,FVG,4,1,3,4,ITH,ITH4,6,Friuli-Venezia Giulia
2024-11-06,MOL,12,4,8,12,ITF,ITF2,14,Molise
2024-12-06,SAR,4,1,3,4,ITG,ITG2,20,Sardegna
2024-11-03,VEN,1,0,1,1,ITH,ITH3,5,Veneto
2024-12-03,UMB,6,4,2,6,ITI,ITI2,10,Umbria
2024-11-03,SAR,13,6,7,13,ITG,ITG2,20,Sardegna
2024-11-17,BAS,8,4,4,8,ITF,ITF5,17,Basilicata
2024-11-23,UMB,1,1,0,1,ITI,ITI2,10,Umbria
2024-10-24,EMR,5731,2754,2977,5731,ITH,ITH5,8,Emilia-Romagna
2024-11-06,ABR,214,110,104,214,ITF,ITF1,13,Abruzzo
2024-11-11,CAM,168,99,69,168,ITF,ITF3,15,Campania
2024-12-06,LAZ,883,439,444,883,ITI,ITI4,12,Lazio
2024-10-09,EMR,1241,612,629,1241,ITH,ITH5,8,Emilia-Romagna
2024-11-18,SAR,212,99,113,212,ITG,ITG2,20,Sardegna
2024-10-01,LOM,394,221,173,394,ITC,ITC4,3,Lombardia
2024-10-30,MAR,435,213,222,435,ITI,ITI3,11,Marche
2024-12-09,MAR,67,27,40,67,ITI,ITI3,11,Marche
2024-11-08,PAB,364,177,187,364,ITH,ITH1,4,Provincia Autonoma Bolzano / Bozen
2024-10-24,PAB,637,336,301,637,ITH,ITH1,4,Provincia Autonoma Bolzano / Bozen
2024-12-10,SIC,50,25,25,50,ITG,ITG1,19,Sicilia
2024-11-21,SIC,35,18,17,35,ITG,ITG1,19,Sicilia
2024-10-11,SAR,22,11,11,22,ITG,ITG2,20,Sardegna
2024-11-12,MOL,13,10,3,13,ITF,ITF2,14,Molise
2024-10-10,CAM,18,10,8,18,ITF,ITF3,15,Campania
2024-10-05,PUG,29,24,5,29,ITF,ITF4,16,Puglia
2024-11-16,SAR,2,1,1,2,ITG,ITG2,20,Sardegna
2024-11-06,LOM,8721,4127,4594,8721,ITC,ITC4,3,Lombardia
2024-11-08,EMR,5907,2812,3095,5907,ITH,ITH5,8,Emilia-Romagna
2024-12-10,LAZ,601,297,304,601,ITI,ITI4,12,Lazio
2024-10-24,SAR,120,70,50,120,ITG,ITG2,20,Sardegna
2024-10-18,SIC,21,14,7,21,ITG,ITG1,19,Sicilia
2024-11-08,UMB,37,18,19,37,ITI,ITI2,10,Umbria
2024-10-10,PIE,90,50,40,90,ITC,ITC1,1,Piemonte
2024-11-03,MAR,1,1,0,1,ITI,ITI3,11,Marche
2024-12-06,VDA,16,8,8,16,ITC,ITC2,2,Valle d'Aosta / Vallée d'Aoste
2024-12-02,SIC,21,14,7,21,ITG,ITG1,19,Sicilia
2024-10-22,SIC,23,13,10,23,ITG,ITG1,19,Sicilia
2024-10-11,MOL,6,2,4,6,ITF,ITF2,14,Molise
2024-10-09,LOM,1816,855,961,1816,ITC,ITC4,3,Lombardia
2024-11-08,SAR,289,160,129,289,ITG,ITG2,20,Sardegna
2024-11-29,LAZ,1045,491,554,1045,ITI,ITI4,12,Lazio
2024-12-04,LIG,417,201,216,417,ITC,ITC3,7,Liguria
2024-10-23,MAR,526,273,253,526,ITI,ITI3,11,Marche
2024-10-25,PIE,2342,1169,1173,2342,ITC,ITC1,1,Piemonte
2024-11-22,LIG,398,191,207,398,ITC,ITC3,7,Liguria
2024-11-26,MOL,5,3,2,5,ITF,ITF2,14,Molise
2024-12-05,LIG,512,247,265,512,ITC,ITC3,7,Liguria
2024-11-18,PAB,235,110,125,235,ITH,ITH1,4,Provincia Autonoma Bolzano / Bozen
2024-11-08,VEN,1156,528,628,1156,ITH,ITH3,5,Veneto
2024-10-25,VEN,1054,497,557,1054,ITH,ITH3,5,Veneto
2024-11-06,EMR,6073,2889,3184,6073,ITH,ITH5,8,Emilia-Romagna
2024-11-13,MAR,632,309,323,632,ITI,ITI3,11,Marche
2024-12-05,LAZ,840,396,444,840,ITI,ITI4,12,Lazio
2024-10-21,PUG,306,153,153,306,ITF,ITF4,16,Puglia
2024-11-05,TOS,2387,1080,1307,2387,ITI,ITI1,9,Toscana
2024-10-28,PAB,205,87,118,205,ITH,ITH1,4,Provincia Autonoma Bolzano / Bozen
2024-11-20,VDA,103,44,59,103,ITC,ITC2,2,Valle d'Aosta / Vallée d'Aoste
2024-10-08,TOS,199,83,116,199,ITI,ITI1,9,Toscana
2024-11-16,VEN,756,382,374,756,ITH,ITH3,5,Veneto
2024-11-20,LAZ,1517,740,777,1517,ITI,ITI4,12,Lazio
2024-11-18,VEN,634,285,349,634,ITH,ITH3,5,Veneto
2024-12-04,MAR,130,62,68,130,ITI,ITI3,11,Marche
2024-10-11,VEN,346,186,160,346,ITH,ITH3,5,Veneto
2024-10-23,LIG,571,306,265,571,ITC,ITC3,7,Liguria
2024-12-06,MAR,103,52,51,103,ITI,ITI3,11,Marche
2024-10-09,VEN,254,130,124,254,ITH,ITH3,5,Veneto
2024-10-20,TOS,44,18,26,44,ITI,ITI1,9,Toscana
2024-11-03,LAZ,9,3,6,9,ITI,ITI4,12,Lazio
2024-11-07,PIE,2254,1078,1176,2254,ITC,ITC1,1,Piemonte
2024-10-24,VEN,937,414,523,937,ITH,ITH3,5,Veneto
2024-10-28,PIE,1221,590,631,1221,ITC,ITC1,1,Piemonte
2024-12-11,LIG,331,136,195,331,ITC,ITC3,7,Liguria
2024-10-07,TOS,178,88,90,178,ITI,ITI1,9,Toscana
2024-10-19,LIG,94,43,51,94,ITC,ITC3,7,Liguria
2024-12-11,PAB,12,7,5,12,ITH,ITH1,4,Provincia Autonoma Bolzano / Bozen
2024-12-04,PAB,30,15,15,30,ITH,ITH1,4,Provincia Autonoma Bolzano / Bozen
2024-12-05,SIC,16,11,5,16,ITG,ITG1,19,Sicilia
2024-10-22,LAZ,1227,639,588,1227,ITI,ITI4,12,Lazio
2024-11-11,PIE,1332,637,695,1332,ITC,ITC1,1,Piemonte
2024-10-24,UMB,56,28,28,56,ITI,ITI2,10,Umbria
2024-11-15,FVG,859,441,418,859,ITH,ITH4,6,Friuli-Venezia Giulia
2024-12-11,SAR,32,16,16,32,ITG,ITG2,20,Sardegna
2024-12-11,VEN,349,152,197,349,ITH,ITH3,5,Veneto
2024-11-16,LOM,4462,2155,2307,4462,ITC,ITC4,3,Lombardia
2024-11-22,PAB,236,113,123,236,ITH,ITH1,4,Provincia Autonoma Bolzano / Bozen
2024-12-09,LIG,217,107,110,217,ITC,ITC3,7,Liguria
2024-12-06,TOS,814,385,429,814,ITI,ITI1,9,Toscana
2024-10-29,SIC,41,24,17,41,ITG,ITG1,19,Sicilia
2024-10-10,PAT,8,4,4,8,ITH,ITH2,4,Provincia Autonoma Trento
2024-11-08,LOM,7747,3698,4049,7747,ITC,ITC4,3,Lombardia
2024-11-07,CAM,163,92,71,163,ITF,ITF3,15,Campania
2024-10-25,LOM,8497,4062,4435,8497,ITC,ITC4,3,Lombardia
2024-10-10,PUG,115,72,43,115,ITF,ITF4,16,Puglia
2024-11-09,MOL,28,16,12,28,ITF,ITF2,14,Molise
2024-10-19,TOS,558,265,293,558,ITI,ITI1,9,Toscana
2024-11-15,CAM,114,64,50,114,ITF,ITF3,15,Campania
2024-12-11,UMB,40,21,19,40,ITI,ITI2,10,Umbria
2024-09-30,LIG,59,33,26,59,ITC,ITC3,7,Liguria
2024-10-09,SAR,19,10,9,19,ITG,ITG2,20,Sardegna
2024-09-23,PUG,5,1,4,5,ITF,ITF4,16,Puglia
2024-12-11,MOL,4,2,2,4,ITF,ITF2,14,Molise
2024-11-14,BAS,35,18,17,35,ITF,ITF5,17,Basilicata
2024-10-04,MOL,6,4,2,6,ITF,ITF2,14,Molise
2024-10-14,MOL,6,2,4,6,ITF,ITF2,14,Molise
2024-11-18,UMB,8,5,3,8,ITI,ITI2,10,Umbria
2024-10-11,UMB,2,1,1,2,ITI,ITI2,10,Umbria
2024-11-01,PAB,1,0,1,1,ITH,ITH1,4,Provincia Autonoma Bolzano / Bozen
2024-12-10,LOM,1841,768,1073,1841,ITC,ITC4,3,Lombardia
2024-11-08,PUG,749,372,377,749,ITF,ITF4,16,Puglia
2024-11-27,LIG,603,277,326,603,ITC,ITC3,7,Liguria
2024-11-12,PUG,839,438,401,839,ITF,ITF4,16,Puglia
2024-10-24,PUG,358,185,173,358,ITF,ITF4,16,Puglia
2024-11-26,FVG,477,216,261,477,ITH,ITH4,6,Friuli-Venezia Giulia
2024-09-27,PIE,10,6,4,10,ITC,ITC1,1,Piemonte
2024-11-27,PAB,98,35,63,98,ITH,ITH1,4,Provincia Autonoma Bolzano / Bozen
2024-10-15,MAR,44,22,22,44,ITI,ITI3,11,Marche
2024-11-04,PAT,271,134,137,271,ITH,ITH2,4,Provincia Autonoma Trento
2024-10-01,PIE,5,3,2,5,ITC,ITC1,1,Piemonte
2024-10-22,EMR,5095,2480,2615,5095,ITH,ITH5,8,Emilia-Romagna
2024-11-12,PAT,433,201,232,433,ITH,ITH2,4,Provincia Autonoma Trento
2024-11-14,SAR,270,138,132,270,ITG,ITG2,20,Sardegna
2024-11-25,EMR,2056,947,1109,2056,ITH,ITH5,8,Emilia-Romagna
2024-11-30,FVG,191,72,119,191,ITH,ITH4,6,Friuli-Venezia Giulia
2024-10-09,PUG,61,41,20,61,ITF,ITF4,16,Puglia
2024-11-07,VEN,1239,589,650,1239,ITH,ITH3,5,Veneto
2024-10-16,LIG,466,258,208,466,ITC,ITC3,7,Liguria
2024-10-23,LAZ,1715,881,834,1715,ITI,ITI4,12,Lazio
2024-10-15,CAM,65,37,28,65,ITF,ITF3,15,Campania
2024-11-21,EMR,3966,1890,2076,3966,ITH,ITH5,8,Emilia-Romagna
2024-10-30,VDA,169,80,89,169,ITC,ITC2,2,Valle d'Aosta / Vallée d'Aoste
2024-11-13,VDA,138,74,64,138,ITC,ITC2,2,Valle d'Aosta / Vallée d'Aoste
2024-12-07,PUG,217,111,106,217,ITF,ITF4,16,Puglia
2024-10-21,MAR,131,74,57,131,ITI,ITI3,11,Marche
2024-12-05,VDA,20,8,12,20,ITC,ITC2,2,Valle d'Aosta / Vallée d'Aoste
2024-12-08,PUG,35,16,19,35,ITF,ITF4,16,Puglia
2024-10-14,PAT,36,19,17,36,ITH,ITH2,4,Provincia Autonoma Trento
2024-10-04,LAZ,63,37,26,63,ITI,ITI4,12,Lazio
2024-10-14,PUG,161,88,73,161,ITF,ITF4,16,Puglia
2024-11-04,PUG,342,182,160,342,ITF,ITF4,16,Puglia
2024-11-25,PAB,137,65,72,137,ITH,ITH1,4,Provincia Autonoma Bolzano / Bozen
2024-11-05,MAR,760,375,385,760,ITI,ITI3,11,Marche
2024-11-18,PUG,493,229,264,493,ITF,ITF4,16,Puglia
2024-09-30,CAM,7,5,2,7,ITF,ITF3,15,Campania
2024-12-07,PAT,18,7,11,18,ITH,ITH2,4,Provincia Autonoma Trento
2024-12-03,VEN,484,204,280,484,ITH,ITH3,5,Veneto
2024-11-25,TOS,1416,686,730,1416,ITI,ITI1,9,Toscana
2024-11-27,FVG,717,321,396,717,ITH,ITH4,6,Friuli-Venezia Giulia
2024-12-09,LAZ,542,242,300,542,ITI,ITI4,12,Lazio
2024-12-07,LAZ,199,94,105,199,ITI,ITI4,12,Lazio
2024-10-08,PUG,29,20,9,29,ITF,ITF4,16,Puglia
2024-10-14,SAR,46,28,18,46,ITG,ITG2,20,Sardegna
2024-11-15,BAS,36,26,10,36,ITF,ITF5,17,Basilicata
2024-12-04,SAR,53,27,26,53,ITG,ITG2,20,Sardegna
2024-11-26,SIC,70,38,32,70,ITG,ITG1,19,Sicilia
2024-10-04,PAT,4,3,1,4,ITH,ITH2,4,Provincia Autonoma Trento
2024-11-11,EMR,3040,1438,1602,3040,ITH,ITH5,8,Emilia-Romagna
2024-11-18,PAT,71,35,36,71,ITH,ITH2,4,Provincia Autonoma Trento
2024-10-18,TOS,1900,919,981,1900,ITI,ITI1,9,Toscana
2024-11-02,FVG,45,22,23,45,ITH,ITH4,6,Friuli-Venezia Giulia
2024-10-08,PAT,17,10,7,17,ITH,ITH2,4,Provincia Autonoma Trento
2024-11-20,VEN,915,447,468,915,ITH,ITH3,5,Veneto
2024-10-11,PIE,232,113,119,232,ITC,ITC1,1,Piemonte
2024-10-26,FVG,253,129,124,253,ITH,ITH4,6,Friuli-Venezia Giulia
2024-10-29,LIG,796,392,404,796,ITC,ITC3,7,Liguria
2024-11-05,VDA,64,28,36,64,ITC,ITC2,2,Valle d'Aosta / Vallée d'Aoste
2024-10-10,SAR,41,24,17,41,ITG,ITG2,20,Sardegna
2024-10-27,LAZ,60,27,33,60,ITI,ITI4,12,Lazio
2024-11-26,VEN,767,345,422,767,ITH,ITH3,5,Veneto
2024-10-08,SIC,5,3,2,5,ITG,ITG1,19,Sicilia
2024-11-30,LOM,1488,712,776,1488,ITC,ITC4,3,Lombardia
2024-11-04,MOL,27,11,16,27,ITF,ITF2,14,Molise
2024-11-27,UMB,69,40,29,69,ITI,ITI2,10,Umbria
2024-11-28,UMB,52,25,27,52,ITI,ITI2,10,Umbria
2024-10-16,PAB,409,223,186,409,ITH,ITH1,4,Provincia Autonoma Bolzano / Bozen
2024-10-09,PAT,53,26,27,53,ITH,ITH2,4,Provincia Autonoma Trento
2024-11-01,PUG,7,3,4,7,ITF,ITF4,16,Puglia
2024-11-28,FVG,768,344,424,768,ITH,ITH4,6,Friuli-Venezia Giulia
2024-12-05,LOM,2678,1163,1515,2678,ITC,ITC4,3,Lombardia
2024-11-16,EMR,1934,917,1017,1934,ITH,ITH5,8,Emilia-Romagna
2024-12-11,PIE,588,299,289,588,ITC,ITC1,1,Piemonte
2024-12-09,VEN,189,72,117,189,ITH,ITH3,5,Veneto
2024-11-13,PIE,1767,820,947,1767,ITC,ITC1,1,Piemonte
2024-10-24,PAT,668,263,405,668,ITH,ITH2,4,Provincia Autonoma Trento
2024-12-04,SIC,33,18,15,33,ITG,ITG1,19,Sicilia
2024-10-19,MAR,87,46,41,87,ITI,ITI3,11,Marche
2024-10-04,PUG,21,12,9,21,ITF,ITF4,16,Puglia
2024-11-23,MAR,68,36,32,68,ITI,ITI3,11,Marche
2024-12-01,PUG,8,3,5,8,ITF,ITF4,16,Puglia
2024-10-19,VDA,28,12,16,28,ITC,ITC2,2,Valle d'Aosta / Vallée d'Aoste
2024-10-19,ABR,12,6,6,12,ITF,ITF1,13,Abruzzo
2024-11-02,SIC,13,9,4,13,ITG,ITG1,19,Sicilia
2024-11-24,MAR,8,4,4,8,ITI,ITI3,11,Marche
2024-11-24,VDA,1,1,0,1,ITC,ITC2,2,Valle d'Aosta / Vallée d'Aoste
2024-09-26,CAM,1,1,0,1,ITF,ITF3,15,Campania
2024-09-27,TOS,1,0,1,1,ITI,ITI1,9,Toscana
2024-11-04,LOM,6631,3148,3483,6631,ITC,ITC4,3,Lombardia
2024-10-25,TOS,2632,1214,1418,2632,ITI,ITI1,9,Toscana
2024-12-12,PAT,26,18,8,26,ITH,ITH2,4,Provincia Autonoma Trento
2024-10-22,PUG,396,210,186,396,ITF,ITF4,16,Puglia
2024-12-08,LOM,79,30,49,79,ITC,ITC4,3,Lombardia
2024-11-21,PAT,334,152,182,334,ITH,ITH2,4,Provincia Autonoma Trento
2024-10-04,FVG,61,25,36,61,ITH,ITH4,6,Friuli-Venezia Giulia
2024-10-07,EMR,529,233,296,529,ITH,ITH5,8,Emilia-Romagna
2024-10-18,ABR,57,36,21,57,ITF,ITF1,13,Abruzzo
2024-10-30,BAS,15,7,8,15,ITF,ITF5,17,Basilicata
2024-11-06,LAZ,1982,998,984,1982,ITI,ITI4,12,Lazio
2024-11-14,MAR,709,343,366,709,ITI,ITI3,11,Marche
2024-10-22,PAT,441,193,248,441,ITH,ITH2,4,Provincia Autonoma Trento
2024-10-19,FVG,75,31,44,75,ITH,ITH4,6,Friuli-Venezia Giulia
2024-11-29,MOL,2,2,0,2,ITF,ITF2,14,Molise
2024-11-19,PUG,862,422,440,862,ITF,ITF4,16,Puglia
2024-11-15,LIG,574,265,309,574,ITC,ITC3,7,Liguria
2024-11-14,VDA,109,47,62,109,ITC,ITC2,2,Valle d'Aosta / Vallée d'Aoste
2024-10-09,VDA,41,23,18,41,ITC,ITC2,2,Valle d'Aosta / Vallée d'Aoste
2024-12-02,PAT,69,30,39,69,ITH,ITH2,4,Provincia Autonoma Trento
2024-12-09,CAM,83,47,36,83,ITF,ITF3,15,Campania
2024-10-03,EMR,86,45,41,86,ITH,ITH5,8,Emilia-Romagna
2024-11-23,PIE,671,356,315,671,ITC,ITC1,1,Piemonte
2024-10-30,EMR,6078,2851,3227,6078,ITH,ITH5,8,Emilia-Romagna
2024-11-25,LOM,3908,1841,2067,3908,ITC,ITC4,3,Lombardia
2024-12-02,PUG,337,176,161,337,ITF,ITF4,16,Puglia
2024-11-03,FVG,1,1,0,1,ITH,ITH4,6,Friuli-Venezia Giulia
2024-10-19,PIE,349,161,188,349,ITC,ITC1,1,Piemonte
2024-11-19,TOS,1628,758,870,1628,ITI,ITI1,9,Toscana
2024-11-04,PAB,221,111,110,221,ITH,ITH1,4,Provincia Autonoma Bolzano / Bozen
2024-11-03,ABR,22,10,12,22,ITF,ITF1,13,Abruzzo
2024-11-08,TOS,2860,1388,1472,2860,ITI,ITI1,9,Toscana
2024-11-15,MAR,281,150,131,281,ITI,ITI3,11,Marche
2024-11-10,TOS,23,16,7,23,ITI,ITI1,9,Toscana
2024-11-07,VDA,127,70,57,127,ITC,ITC2,2,Valle d'Aosta / Vallée d'Aoste
2024-10-02,LIG,86,43,43,86,ITC,ITC3,7,Liguria
2024-10-23,LOM,8977,4349,4628,8977,ITC,ITC4,3,Lombardia
2024-12-12,TOS,459,212,247,459,ITI,ITI1,9,Toscana
2024-11-11,SIC,6,3,3,6,ITG,ITG1,19,Sicilia
2024-09-25,LIG,27,17,10,27,ITC,ITC3,7,Liguria
2024-10-29,PUG,655,354,301,655,ITF,ITF4,16,Puglia
2024-10-07,VEN,102,49,53,102,ITH,ITH3,5,Veneto
2024-12-09,PAT,82,30,52,82,ITH,ITH2,4,Provincia Autonoma Trento
2024-11-09,LAZ,774,366,408,774,ITI,ITI4,12,Lazio
2024-12-03,LAZ,784,368,416,784,ITI,ITI4,12,Lazio
2024-11-13,BAS,41,22,19,41,ITF,ITF5,17,Basilicata
2024-10-12,PUG,37,16,21,37,ITF,ITF4,16,Puglia
2024-12-07,CAM,29,12,17,29,ITF,ITF3,15,Campania
2024-11-04,EMR,2914,1364,1550,2914,ITH,ITH5,8,Emilia-Romagna
2024-10-29,PAT,338,181,157,338,ITH,ITH2,4,Provincia Autonoma Trento
2024-11-04,VEN,767,328,439,767,ITH,ITH3,5,Veneto
2024-12-06,CAM,96,47,49,96,ITF,ITF3,15,Campania
2024-12-05,FVG,455,183,272,455,ITH,ITH4,6,Friuli-Venezia Giulia
2024-10-17,PAB,461,241,220,461,ITH,ITH1,4,Provincia Autonoma Bolzano / Bozen
2024-10-31,PUG,520,285,235,520,ITF,ITF4,16,Puglia
2024-12-08,EMR,99,42,57,99,ITH,ITH5,8,Emilia-Romagna
2024-11-20,CAM,172,99,73,172,ITF,ITF3,15,Campania
2024-10-14,VDA,67,31,36,67,ITC,ITC2,2,Valle d'Aosta / Vallée d'Aoste
2024-11-22,CAM,134,65,69,134,ITF,ITF3,15,Campania
2024-10-15,LIG,450,252,198,450,ITC,ITC3,7,Liguria
2024-11-01,TOS,62,28,34,62,ITI,ITI1,9,Toscana
2024-10-08,VEN,190,93,97,190,ITH,ITH3,5,Veneto
2024-11-05,PIE,1779,806,973,1779,ITC,ITC1,1,Piemonte
2024-12-10,PIE,642,311,331,642,ITC,ITC1,1,Piemonte
2024-11-21,PUG,578,318,260,578,ITF,ITF4,16,Puglia
2024-10-22,VEN,695,300,395,695,ITH,ITH3,5,Veneto
2024-11-17,EMR,280,131,149,280,ITH,ITH5,8,Emilia-Romagna
2024-10-31,PAT,284,130,154,284,ITH,ITH2,4,Provincia Autonoma Trento
2024-10-13,EMR,59,21,38,59,ITH,ITH5,8,Emilia-Romagna
2024-11-10,PUG,33,16,17,33,ITF,ITF4,16,Puglia
2024-10-03,VEN,5,1,4,5,ITH,ITH3,5,Veneto
2024-11-07,SIC,10,5,5,10,ITG,ITG1,19,Sicilia
2024-09-26,LIG,7,2,5,7,ITC,ITC3,7,Liguria
2024-10-17,UMB,14,8,6,14,ITI,ITI2,10,Umbria
2024-10-09,SIC,6,5,1,6,ITG,ITG1,19,Sicilia
2024-10-20,PIE,6,2,4,6,ITC,ITC1,1,Piemonte
2024-11-10,PAT,8,4,4,8,ITH,ITH2,4,Provincia Autonoma Trento
2024-12-08,VEN,1,0,1,1,ITH,ITH3,5,Veneto
2024-10-13,VEN,1,0,1,1,ITH,ITH3,5,Veneto
2024-12-01,EMR,69,29,40,69,ITH,ITH5,8,Emilia-Romagna
2024-12-06,PIE,1182,542,640,1182,ITC,ITC1,1,Piemonte
2024-11-25,PAT,156,83,73,156,ITH,ITH2,4,Provincia Autonoma Trento
2024-11-24,LIG,4,0,4,4,ITC,ITC3,7,Liguria
2024-11-16,PAB,1,0,1,1,ITH,ITH1,4,Provincia Autonoma Bolzano / Bozen
2024-10-23,MOL,5,3,2,5,ITF,ITF2,14,Molise
2024-12-12,PAB,11,5,6,11,ITH,ITH1,4,Provincia Autonoma Bolzano / Bozen
2024-11-23,LOM,2900,1392,1508,2900,ITC,ITC4,3,Lombardia
2024-10-18,PAT,532,250,282,532,ITH,ITH2,4,Provincia Autonoma Trento
2024-12-11,FVG,205,94,111,205,ITH,ITH4,6,Friuli-Venezia Giulia
2024-10-03,LOM,459,230,229,459,ITC,ITC4,3,Lombardia
2024-12-10,PAT,52,28,24,52,ITH,ITH2,4,Provincia Autonoma Trento
2024-11-04,PIE,1345,652,693,1345,ITC,ITC1,1,Piemonte
2024-12-10,PUG,436,217,219,436,ITF,ITF4,16,Puglia
2024-11-13,CAM,162,83,79,162,ITF,ITF3,15,Campania
2024-11-25,PIE,1038,465,573,1038,ITC,ITC1,1,Piemonte
2024-11-21,PIE,1607,791,816,1607,ITC,ITC1,1,Piemonte
2024-10-22,ABR,128,67,61,128,ITF,ITF1,13,Abruzzo
2024-10-29,FVG,383,175,208,383,ITH,ITH4,6,Friuli-Venezia Giulia
2024-10-07,SAR,29,13,16,29,ITG,ITG2,20,Sardegna
2024-12-04,CAM,120,63,57,120,ITF,ITF3,15,Campania
2024-11-19,VDA,35,11,24,35,ITC,ITC2,2,Valle d'Aosta / Vallée d'Aoste
2024-09-25,LAZ,16,8,8,16,ITI,ITI4,12,Lazio
2024-11-05,CAM,118,73,45,118,ITF,ITF3,15,Campania
2024-11-05,EMR,4836,2314,2522,4836,ITH,ITH5,8,Emilia-Romagna
2024-10-17,EMR,4086,2001,2085,4086,ITH,ITH5,8,Emilia-Romagna
2024-12-07,FVG,58,20,38,58,ITH,ITH4,6,Friuli-Venezia Giulia
2024-10-11,VDA,83,43,40,83,ITC,ITC2,2,Valle d'Aosta / Vallée d'Aoste
2024-10-20,VEN,18,9,9,18,ITH,ITH3,5,Veneto
2024-11-29,UMB,15,6,9,15,ITI,ITI2,10,Umbria
2024-11-07,LAZ,1853,866,987,1853,ITI,ITI4,12,Lazio
2024-12-03,MAR,271,135,136,271,ITI,ITI3,11,Marche
2024-11-14,LAZ,1665,809,856,1665,ITI,ITI4,12,Lazio
2024-11-29,SAR,25,11,14,25,ITG,ITG2,20,Sardegna
2024-10-16,VDA,222,111,111,222,ITC,ITC2,2,Valle d'Aosta / Vallée d'Aoste
2024-10-10,LIG,53,25,28,53,ITC,ITC3,7,Liguria
2024-09-30,FVG,22,11,11,22,ITH,ITH4,6,Friuli-Venezia Giulia
2024-11-05,LOM,8713,4205,4508,8713,ITC,ITC4,3,Lombardia
2024-11-20,PIE,1511,665,846,1511,ITC,ITC1,1,Piemonte
2024-09-28,LOM,85,44,41,85,ITC,ITC4,3,Lombardia
2024-10-19,LOM,4588,2337,2251,4588,ITC,ITC4,3,Lombardia
2024-11-28,PAB,123,59,64,123,ITH,ITH1,4,Provincia Autonoma Bolzano / Bozen
2024-12-09,PIE,471,218,253,471,ITC,ITC1,1,Piemonte
2024-11-09,VDA,78,40,38,78,ITC,ITC2,2,Valle d'Aosta / Vallée d'Aoste
2024-11-04,SAR,180,89,91,180,ITG,ITG2,20,Sardegna
2024-10-28,TOS,1996,936,1060,1996,ITI,ITI1,9,Toscana
2024-10-30,LOM,7964,3773,4191,7964,ITC,ITC4,3,Lombardia
2024-10-06,LOM,2173,1109,1064,2173,ITC,ITC4,3,Lombardia
2024-10-09,LAZ,210,103,107,210,ITI,ITI4,12,Lazio
2024-12-10,CAM,82,44,38,82,ITF,ITF3,15,Campania
2024-11-30,PUG,143,60,83,143,ITF,ITF4,16,Puglia
2024-10-30,CAM,98,57,41,98,ITF,ITF3,15,Campania
2024-10-03,SAR,5,3,2,5,ITG,ITG2,20,Sardegna
2024-10-26,LOM,6322,3144,3178,6322,ITC,ITC4,3,Lombardia
2024-11-16,TOS,783,350,433,783,ITI,ITI1,9,Toscana
2024-12-06,FVG,458,230,228,458,ITH,ITH4,6,Friuli-Venezia Giulia
2024-11-28,LOM,3507,1597,1910,3507,ITC,ITC4,3,Lombardia
2024-10-22,SAR,170,75,95,170,ITG,ITG2,20,Sardegna
2024-10-22,PIE,1289,598,691,1289,ITC,ITC1,1,Piemonte
2024-11-15,TOS,2376,1133,1243,2376,ITI,ITI1,9,Toscana
2024-09-21,LOM,33,15,18,33,ITC,ITC4,3,Lombardia
2024-12-03,SIC,74,35,39,74,ITG,ITG1,19,Sicilia
2024-10-01,LIG,23,13,10,23,ITC,ITC3,7,Liguria
2024-10-31,FVG,546,265,281,546,ITH,ITH4,6,Friuli-Venezia Giulia
2024-10-18,PUG,302,158,144,302,ITF,ITF4,16,Puglia
2024-10-14,LAZ,431,229,202,431,ITI,ITI4,12,Lazio
2024-12-05,CAM,76,38,38,76,ITF,ITF3,15,Campania
2024-10-08,SAR,22,12,10,22,ITG,ITG2,20,Sardegna
2024-11-06,SIC,15,8,7,15,ITG,ITG1,19,Sicilia
2024-09-27,LAZ,10,4,6,10,ITI,ITI4,12,Lazio
2024-12-08,PIE,9,4,5,9,ITC,ITC1,1,Piemonte
2024-11-30,PAT,18,10,8,18,ITH,ITH2,4,Provincia Autonoma Trento
2024-10-12,VDA,24,15,9,24,ITC,ITC2,2,Valle d'Aosta / Vallée d'Aoste
2024-11-03,CAM,5,2,3,5,ITF,ITF3,15,Campania
2024-10-03,ABR,2,1,1,2,ITF,ITF1,13,Abruzzo
2024-10-20,PAB,1,0,1,1,ITH,ITH1,4,Provincia Autonoma Bolzano / Bozen
2024-11-03,PUG,1,1,0,1,ITF,ITF4,16,Puglia
2024-11-20,UMB,24,12,12,24,ITI,ITI2,10,Umbria
2024-11-26,PAT,193,83,110,193,ITH,ITH2,4,Provincia Autonoma Trento
2024-10-21,PAT,268,143,125,268,ITH,ITH2,4,Provincia Autonoma Trento
2024-11-09,PAT,115,55,60,115,ITH,ITH2,4,Provincia Autonoma Trento
2024-11-10,FVG,15,6,9,15,ITH,ITH4,6,Friuli-Venezia Giulia
2024-11-26,PUG,740,378,362,740,ITF,ITF4,16,Puglia
2024-11-09,PUG,110,54,56,110,ITF,ITF4,16,Puglia
2024-10-15,ABR,103,54,49,103,ITF,ITF1,13,Abruzzo
2024-11-07,UMB,57,34,23,57,ITI,ITI2,10,Umbria
2024-12-04,PUG,434,214,220,434,ITF,ITF4,16,Puglia
2024-10-25,VDA,86,38,48,86,ITC,ITC2,2,Valle d'Aosta / Vallée d'Aoste
2024-10-26,LAZ,670,331,339,670,ITI,ITI4,12,Lazio
2024-10-31,MAR,257,131,126,257,ITI,ITI3,11,Marche
2024-10-02,LAZ,79,36,43,79,ITI,ITI4,12,Lazio
2024-11-23,CAM,58,29,29,58,ITF,ITF3,15,Campania
2024-11-30,LIG,52,26,26,52,ITC,ITC3,7,Liguria
2024-12-09,SIC,7,4,3,7,ITG,ITG1,19,Sicilia
2024-11-18,SIC,24,13,11,24,ITG,ITG1,19,Sicilia
2024-10-25,MOL,50,27,23,50,ITF,ITF2,14,Molise
2024-11-12,SIC,44,28,16,44,ITG,ITG1,19,Sicilia
2024-11-26,SAR,151,77,74,151,ITG,ITG2,20,Sardegna
2024-11-20,PAB,375,178,197,375,ITH,ITH1,4,Provincia Autonoma Bolzano / Bozen
2024-10-25,MAR,579,289,290,579,ITI,ITI3,11,Marche
2024-12-06,PAB,130,64,66,130,ITH,ITH1,4,Provincia Autonoma Bolzano / Bozen
2024-10-16,CAM,35,18,17,35,ITF,ITF3,15,Campania
2024-10-10,SIC,13,7,6,13,ITG,ITG1,19,Sicilia
2024-09-28,TOS,3,2,1,3,ITI,ITI1,9,Toscana
2024-12-09,SAR,51,30,21,51,ITG,ITG2,20,Sardegna
2024-12-03,SAR,24,14,10,24,ITG,ITG2,20,Sardegna
2024-12-04,PAT,265,113,152,265,ITH,ITH2,4,Provincia Autonoma Trento
2024-10-07,LIG,70,36,34,70,ITC,ITC3,7,Liguria
2024-10-17,FVG,165,88,77,165,ITH,ITH4,6,Friuli-Venezia Giulia
2024-12-01,LAZ,67,32,35,67,ITI,ITI4,12,Lazio
2024-10-05,TOS,4,3,1,4,ITI,ITI1,9,Toscana
2024-11-07,PAB,46,19,27,46,ITH,ITH1,4,Provincia Autonoma Bolzano / Bozen
2024-12-07,SIC,2,1,1,2,ITG,ITG1,19,Sicilia
2024-12-01,FVG,1,0,1,1,ITH,ITH4,6,Friuli-Venezia Giulia
2024-12-06,UMB,2,1,1,2,ITI,ITI2,10,Umbria
2024-11-05,MOL,4,2,2,4,ITF,ITF2,14,Molise
2024-09-30,ABR,1,0,1,1,ITF,ITF1,13,Abruzzo
2024-11-19,MOL,7,5,2,7,ITF,ITF2,14,Molise
2024-11-17,LIG,1,0,1,1,ITC,ITC3,7,Liguria
2024-11-17,CAM,2,2,0,2,ITF,ITF3,15,Campania
2024-11-17,PAB,4,1,3,4,ITH,ITH1,4,Provincia Autonoma Bolzano / Bozen
2024-11-24,CAM,3,2,1,3,ITF,ITF3,15,Campania
2024-10-20,PUG,1,0,1,1,ITF,ITF4,16,Puglia
2024-11-16,MAR,137,67,70,137,ITI,ITI3,11,Marche
2024-10-05,LIG,9,5,4,9,ITC,ITC3,7,Liguria
2024-11-07,MAR,772,359,413,772,ITI,ITI3,11,Marche
2024-12-03,LIG,551,260,291,551,ITC,ITC3,7,Liguria
2024-10-28,MAR,358,190,168,358,ITI,ITI3,11,Marche
2024-11-27,LOM,3952,1803,2149,3952,ITC,ITC4,3,Lombardia
2024-11-06,PAB,503,260,243,503,ITH,ITH1,4,Provincia Autonoma Bolzano / Bozen
2024-11-15,SIC,69,40,29,69,ITG,ITG1,19,Sicilia
2024-11-06,LIG,650,315,335,650,ITC,ITC3,7,Liguria
2024-10-03,PIE,23,11,12,23,ITC,ITC1,1,Piemonte
2024-11-08,LAZ,1662,800,862,1662,ITI,ITI4,12,Lazio
2024-12-09,PUG,190,105,85,190,ITF,ITF4,16,Puglia
2024-10-15,EMR,3370,1651,1719,3370,ITH,ITH5,8,Emilia-Romagna
2024-10-14,TOS,967,462,505,967,ITI,ITI1,9,Toscana
2024-10-24,LAZ,1410,718,692,1410,ITI,ITI4,12,Lazio
2024-12-02,FVG,322,154,168,322,ITH,ITH4,6,Friuli-Venezia Giulia
2024-12-04,VDA,41,14,27,41,ITC,ITC2,2,Valle d'Aosta / Vallée d'Aoste
2024-11-26,MAR,160,75,85,160,ITI,ITI3,11,Marche
2024-11-12,TOS,2126,976,1150,2126,ITI,ITI1,9,Toscana
2024-12-12,LAZ,549,263,286,549,ITI,ITI4,12,Lazio
2024-10-11,LIG,96,51,45,96,ITC,ITC3,7,Liguria
2024-11-25,CAM,192,100,92,192,ITF,ITF3,15,Campania
2024-11-04,BAS,6,3,3,6,ITF,ITF5,17,Basilicata
2024-11-05,ABR,255,138,117,255,ITF,ITF1,13,Abruzzo
2024-12-11,VDA,23,12,11,23,ITC,ITC2,2,Valle d'Aosta / Vallée d'Aoste
2024-11-18,LAZ,973,462,511,973,ITI,ITI4,12,Lazio
2024-11-01,LAZ,24,9,15,24,ITI,ITI4,12,Lazio
2024-12-10,FVG,312,162,150,312,ITH,ITH4,6,Friuli-Venezia Giulia
2024-10-23,PUG,397,211,186,397,ITF,ITF4,16,Puglia
2024-11-09,LIG,90,44,46,90,ITC,ITC3,7,Liguria
2024-11-23,FVG,469,228,241,469,ITH,ITH4,6,Friuli-Venezia Giulia
2024-10-07,PIE,60,35,25,60,ITC,ITC1,1,Piemonte
2024-10-17,VEN,540,273,267,540,ITH,ITH3,5,Veneto
2024-11-28,SAR,130,71,59,130,ITG,ITG2,20,Sardegna
2024-11-28,PIE,1243,575,668,1243,ITC,ITC1,1,Piemonte
2024-10-17,CAM,72,39,33,72,ITF,ITF3,15,Campania
2024-11-27,SAR,132,63,69,132,ITG,ITG2,20,Sardegna
2024-11-12,LAZ,1564,750,814,1564,ITI,ITI4,12,Lazio
2024-11-13,FVG,1054,481,573,1054,ITH,ITH4,6,Friuli-Venezia Giulia
2024-11-10,LAZ,56,23,33,56,ITI,ITI4,12,Lazio
2024-12-04,FVG,243,120,123,243,ITH,ITH4,6,Friuli-Venezia Giulia
2024-10-30,ABR,134,79,55,134,ITF,ITF1,13,Abruzzo
2024-10-23,PAT,532,244,288,532,ITH,ITH2,4,Provincia Autonoma Trento
2024-10-30,PIE,1674,789,885,1674,ITC,ITC1,1,Piemonte
2024-11-30,TOS,162,72,90,162,ITI,ITI1,9,Toscana
2024-10-18,CAM,70,34,36,70,ITF,ITF3,15,Campania
2024-10-15,VEN,591,276,315,591,ITH,ITH3,5,Veneto
2024-11-14,MOL,5,4,1,5,ITF,ITF2,14,Molise
2024-11-17,PIE,18,7,11,18,ITC,ITC1,1,Piemonte
2024-11-11,MOL,8,5,3,8,ITF,ITF2,14,Molise
2024-11-02,VDA,6,2,4,6,ITC,ITC2,2,Valle d'Aosta / Vallée d'Aoste
2024-09-24,EMR,4,2,2,4,ITH,ITH5,8,Emilia-Romagna
2024-11-07,MOL,5,3,2,5,ITF,ITF2,14,Molise
2024-11-26,VDA,7,1,6,7,ITC,ITC2,2,Valle d'Aosta / Vallée d'Aoste
2024-11-16,SIC,3,0,3,3,ITG,ITG1,19,Sicilia
2024-10-20,ABR,1,1,0,1,ITF,ITF1,13,Abruzzo
2024-10-01,EMR,24,12,12,24,ITH,ITH5,8,Emilia-Romagna
2024-11-29,SIC,54,32,22,54,ITG,ITG1,19,Sicilia
2024-12-09,PAB,90,40,50,90,ITH,ITH1,4,Provincia Autonoma Bolzano / Bozen
2024-10-04,SAR,13,8,5,13,ITG,ITG2,20,Sardegna
2024-11-29,VEN,560,271,289,560,ITH,ITH3,5,Veneto
2024-11-30,PIE,476,241,235,476,ITC,ITC1,1,Piemonte
2024-11-12,MAR,373,187,186,373,ITI,ITI3,11,Marche
2024-11-13,EMR,5429,2588,2841,5429,ITH,ITH5,8,Emilia-Romagna
2024-10-26,PIE,806,388,418,806,ITC,ITC1,1,Piemonte
2024-10-17,LIG,456,253,203,456,ITC,ITC3,7,Liguria
2024-10-15,LOM,6464,3135,3329,6464,ITC,ITC4,3,Lombardia
2024-10-10,LAZ,254,120,134,254,ITI,ITI4,12,Lazio
2024-12-11,EMR,1144,568,576,1144,ITH,ITH5,8,Emilia-Romagna
2024-10-30,MOL,12,8,4,12,ITF,ITF2,14,Molise
2024-11-22,LOM,4978,2291,2687,4978,ITC,ITC4,3,Lombardia
2024-10-17,LOM,7095,3338,3757,7095,ITC,ITC4,3,Lombardia
2024-10-29,EMR,5982,2857,3125,5982,ITH,ITH5,8,Emilia-Romagna
2024-09-19,PUG,8,4,4,8,ITF,ITF4,16,Puglia
2024-09-30,LOM,122,69,53,122,ITC,ITC4,3,Lombardia
2024-10-07,CAM,18,11,7,18,ITF,ITF3,15,Campania
2024-09-26,LOM,88,51,37,88,ITC,ITC4,3,Lombardia
2024-12-06,EMR,1383,643,740,1383,ITH,ITH5,8,Emilia-Romagna
2024-11-15,EMR,3875,1769,2106,3875,ITH,ITH5,8,Emilia-Romagna
2024-11-11,VDA,59,33,26,59,ITC,ITC2,2,Valle d'Aosta / Vallée d'Aoste
2024-10-24,TOS,2822,1318,1504,2822,ITI,ITI1,9,Toscana
2024-09-27,EMR,60,28,32,60,ITH,ITH5,8,Emilia-Romagna
2024-10-25,PAT,453,231,222,453,ITH,ITH2,4,Provincia Autonoma Trento
2024-10-23,PAB,465,235,230,465,ITH,ITH1,4,Provincia Autonoma Bolzano / Bozen
2024-10-23,SAR,141,68,73,141,ITG,ITG2,20,Sardegna
2024-11-27,PIE,1341,646,695,1341,ITC,ITC1,1,Piemonte
2024-10-21,VEN,531,268,263,531,ITH,ITH3,5,Veneto
2024-11-08,MAR,755,386,369,755,ITI,ITI3,11,Marche
2024-11-21,CAM,154,98,56,154,ITF,ITF3,15,Campania
2024-10-02,SAR,12,8,4,12,ITG,ITG2,20,Sardegna
2024-11-14,SIC,33,22,11,33,ITG,ITG1,19,Sicilia
2024-11-26,PIE,1375,684,691,1375,ITC,ITC1,1,Piemonte
2024-11-05,SAR,253,140,113,253,ITG,ITG2,20,Sardegna
2024-10-28,LIG,423,214,209,423,ITC,ITC3,7,Liguria
2024-11-15,PAB,272,111,161,272,ITH,ITH1,4,Provincia Autonoma Bolzano / Bozen
2024-11-06,UMB,17,8,9,17,ITI,ITI2,10,Umbria
2024-10-23,UMB,6,2,4,6,ITI,ITI2,10,Umbria
2024-11-01,MAR,16,9,7,16,ITI,ITI3,11,Marche
2024-10-07,MAR,6,2,4,6,ITI,ITI3,11,Marche
2024-10-03,MOL,12,7,5,12,ITF,ITF2,14,Molise
2024-10-05,LAZ,4,1,3,4,ITI,ITI4,12,Lazio
2024-12-12,MAR,86,45,41,86,ITI,ITI3,11,Marche
2024-11-30,VDA,4,3,1,4,ITC,ITC2,2,Valle d'Aosta / Vallée d'Aoste
2024-12-07,TOS,51,20,31,51,ITI,ITI1,9,Toscana
2024-11-23,MOL,16,7,9,16,ITF,ITF2,14,Molise
2024-10-04,TOS,30,11,19,30,ITI,ITI1,9,Toscana
2024-10-14,SIC,15,7,8,15,ITG,ITG1,19,Sicilia
2024-12-10,VDA,7,3,4,7,ITC,ITC2,2,Valle d'Aosta / Vallée d'Aoste
2024-10-18,UMB,9,6,3,9,ITI,ITI2,10,Umbria
2024-11-19,UMB,29,13,16,29,ITI,ITI2,10,Umbria
2024-10-26,EMR,2271,1092,1179,2271,ITH,ITH5,8,Emilia-Romagna
2024-11-20,MAR,615,285,330,615,ITI,ITI3,11,Marche
2024-11-06,PAT,531,260,271,531,ITH,ITH2,4,Provincia Autonoma Trento
2024-12-02,VEN,305,134,171,305,ITH,ITH3,5,Veneto
2024-11-19,LOM,5787,2650,3137,5787,ITC,ITC4,3,Lombardia
2024-11-30,VEN,142,62,80,142,ITH,ITH3,5,Veneto
2024-11-04,VDA,80,40,40,80,ITC,ITC2,2,Valle d'Aosta / Vallée d'Aoste
2024-12-08,LAZ,3,3,0,3,ITI,ITI4,12,Lazio
2024-09-20,PUG,6,3,3,6,ITF,ITF4,16,Puglia
2024-10-16,VEN,439,215,224,439,ITH,ITH3,5,Veneto
2024-11-15,PIE,2375,1103,1272,2375,ITC,ITC1,1,Piemonte
2024-12-12,EMR,944,457,487,944,ITH,ITH5,8,Emilia-Romagna
2024-11-06,PUG,755,416,339,755,ITF,ITF4,16,Puglia
2024-09-25,LOM,70,33,37,70,ITC,ITC4,3,Lombardia
2024-11-19,EMR,3786,1776,2010,3786,ITH,ITH5,8,Emilia-Romagna
2024-11-08,PIE,2520,1223,1297,2520,ITC,ITC1,1,Piemonte
2024-11-19,PAB,422,186,236,422,ITH,ITH1,4,Provincia Autonoma Bolzano / Bozen
2024-10-14,ABR,70,44,26,70,ITF,ITF1,13,Abruzzo
2024-10-15,TOS,1163,525,638,1163,ITI,ITI1,9,Toscana
2024-10-28,ABR,126,62,64,126,ITF,ITF1,13,Abruzzo
2024-12-12,VEN,280,117,163,280,ITH,ITH3,5,Veneto
2024-10-22,MAR,343,176,167,343,ITI,ITI3,11,Marche
2024-11-20,LIG,598,296,302,598,ITC,ITC3,7,Liguria
2024-12-06,LIG,253,127,126,253,ITC,ITC3,7,Liguria
2024-12-12,SAR,34,15,19,34,ITG,ITG2,20,Sardegna
2024-10-16,EMR,3557,1709,1848,3557,ITH,ITH5,8,Emilia-Romagna
2024-10-03,LIG,45,26,19,45,ITC,ITC3,7,Liguria
2024-10-18,LIG,301,162,139,301,ITC,ITC3,7,Liguria
2024-11-27,TOS,1666,765,901,1666,ITI,ITI1,9,Toscana
2024-10-12,EMR,655,312,343,655,ITH,ITH5,8,Emilia-Romagna
2024-11-05,SIC,24,15,9,24,ITG,ITG1,19,Sicilia
2024-10-24,CAM,56,29,27,56,ITF,ITF3,15,Campania
2024-11-01,PIE,36,12,24,36,ITC,ITC1,1,Piemonte
2024-11-04,MAR,249,124,125,249,ITI,ITI3,11,Marche
2024-11-10,VEN,38,17,21,38,ITH,ITH3,5,Veneto
2024-12-03,FVG,432,211,221,432,ITH,ITH4,6,Friuli-Venezia Giulia
2024-11-06,CAM,91,50,41,91,ITF,ITF3,15,Campania
2024-11-30,PAB,1,0,1,1,ITH,ITH1,4,Provincia Autonoma Bolzano / Bozen
2024-11-16,CAM,65,36,29,65,ITF,ITF3,15,Campania
2024-10-09,CAM,24,12,12,24,ITF,ITF3,15,Campania
2024-10-15,VDA,51,28,23,51,ITC,ITC2,2,Valle d'Aosta / Vallée d'Aoste
2024-11-02,EMR,530,264,266,530,ITH,ITH5,8,Emilia-Romagna
2024-12-03,PAT,101,36,65,101,ITH,ITH2,4,Provincia Autonoma Trento
2024-10-11,ABR,40,25,15,40,ITF,ITF1,13,Abruzzo
2024-10-20,LAZ,44,20,24,44,ITI,ITI4,12,Lazio
2024-10-12,LOM,1516,739,777,1516,ITC,ITC4,3,Lombardia
2024-10-08,LAZ,251,136,115,251,ITI,ITI4,12,Lazio
2024-11-24,EMR,271,134,137,271,ITH,ITH5,8,Emilia-Romagna
2024-11-17,TOS,19,11,8,19,ITI,ITI1,9,Toscana
2024-11-24,VEN,11,5,6,11,ITH,ITH3,5,Veneto
2024-11-19,VEN,1362,648,714,1362,ITH,ITH3,5,Veneto
2024-11-08,CAM,132,77,55,132,ITF,ITF3,15,Campania
2024-11-06,PIE,1742,772,970,1742,ITC,ITC1,1,Piemonte
2024-12-07,EMR,366,168,198,366,ITH,ITH5,8,Emilia-Romagna
2024-11-29,MAR,119,59,60,119,ITI,ITI3,11,Marche
2024-10-18,PAB,264,127,137,264,ITH,ITH1,4,Provincia Autonoma Bolzano / Bozen
2024-11-19,SAR,238,126,112,238,ITG,ITG2,20,Sardegna
2024-11-25,LIG,470,220,250,470,ITC,ITC3,7,Liguria
2024-11-14,FVG,1007,480,527,1007,ITH,ITH4,6,Friuli-Venezia Giulia
2024-10-09,PIE,32,20,12,32,ITC,ITC1,1,Piemonte
2024-12-12,UMB,9,2,7,9,ITI,ITI2,10,Umbria
2024-11-12,BAS,32,16,16,32,ITF,ITF5,17,Basilicata
2024-11-16,PAT,65,30,35,65,ITH,ITH2,4,Provincia Autonoma Trento
2024-11-09,BAS,20,11,9,20,ITF,ITF5,17,Basilicata
2024-10-31,MOL,28,15,13,28,ITF,ITF2,14,Molise
2024-12-02,SAR,41,22,19,41,ITG,ITG2,20,Sardegna
2024-10-16,SAR,19,12,7,19,ITG,ITG2,20,Sardegna
2024-12-01,TOS,14,9,5,14,ITI,ITI1,9,Toscana
2024-09-27,FVG,23,11,12,23,ITH,ITH4,6,Friuli-Venezia Giulia
2024-11-18,BAS,10,6,4,10,ITF,ITF5,17,Basilicata
2024-09-28,LIG,1,0,1,1,ITC,ITC3,7,Liguria
2024-12-04,MOL,2,1,1,2,ITF,ITF2,14,Molise
2024-09-19,LOM,2,0,2,2,ITC,ITC4,3,Lombardia
2024-12-09,MOL,2,1,1,2,ITF,ITF2,14,Molise
