data,area,totale,m,f,d,N1,N2,ISTAT,reg
2023-11-16,LAZ,2409,1170,1239,2409,ITI,ITI4,12,Lazio
2023-11-06,FVG,931,411,520,931,ITH,ITH4,6,Friuli-Venezia Giulia
2023-11-18,UMB,235,120,115,235,ITI,ITI2,10,Umbria
2023-11-23,FVG,1238,576,662,1238,ITH,ITH4,6,Friuli-Venezia Giulia
2023-11-07,PAB,550,278,272,550,ITH,ITH1,4,Provincia Autonoma Bolzano / Bozen
2023-11-15,MAR,728,364,364,728,ITI,ITI3,11,Marche
2023-10-27,MAR,907,477,430,907,ITI,ITI3,11,Marche
2023-10-19,PAT,318,146,172,318,ITH,ITH2,4,Provincia Autonoma Trento
2023-11-29,VEN,4055,1920,2135,4055,ITH,ITH3,5,Veneto
2023-11-03,LAZ,1681,849,832,1681,ITI,ITI4,12,Lazio
2023-11-28,PUG,1717,878,839,1717,ITF,ITF4,16,Puglia
2023-10-17,PAB,494,251,243,494,ITH,ITH1,4,Provincia Autonoma Bolzano / Bozen
2023-10-17,LIG,350,149,201,350,ITC,ITC3,7,Liguria
2023-10-22,VEN,6,4,2,6,ITH,ITH3,5,Veneto
2023-10-11,FVG,72,36,36,72,ITH,ITH4,6,Friuli-Venezia Giulia
2023-11-07,UMB,479,227,252,479,ITI,ITI2,10,Umbria
2023-11-29,LOM,10619,5056,5563,10619,ITC,ITC4,3,Lombardia
2023-11-14,PAT,454,226,228,454,ITH,ITH2,4,Provincia Autonoma Trento
2023-11-05,MAR,28,11,17,28,ITI,ITI3,11,Marche
2023-11-13,LIG,394,190,204,394,ITC,ITC3,7,Liguria
2023-10-21,LAZ,442,217,225,442,ITI,ITI4,12,Lazio
2023-11-18,LIG,257,127,130,257,ITC,ITC3,7,Liguria
2023-11-28,PAT,465,212,253,465,ITH,ITH2,4,Provincia Autonoma Trento
2023-11-15,SIC,64,30,34,64,ITG,ITG1,19,Sicilia
2023-10-19,PUG,468,251,217,468,ITF,ITF4,16,Puglia
2023-10-14,TOS,358,182,176,358,ITI,ITI1,9,Toscana
2023-11-25,MOL,85,42,43,85,ITF,ITF2,14,Molise
2023-10-21,TOS,864,437,427,864,ITI,ITI1,9,Toscana
2023-10-03,PUG,10,7,3,10,ITF,ITF4,16,Puglia
2023-10-29,UMB,3,1,2,3,ITI,ITI2,10,Umbria
2023-10-27,LAZ,1369,688,681,1369,ITI,ITI4,12,Lazio
2023-11-06,CAL,45,29,16,45,ITF,ITF6,18,Calabria
2023-11-06,PUG,1226,636,590,1226,ITF,ITF4,16,Puglia
2023-12-02,PIE,1157,586,571,1157,ITC,ITC1,1,Piemonte
2023-11-15,LAZ,2405,1191,1214,2405,ITI,ITI4,12,Lazio
2023-11-16,MAR,830,417,413,830,ITI,ITI3,11,Marche
2023-10-16,LOM,4569,2407,2162,4569,ITC,ITC4,3,Lombardia
2023-11-23,VDA,85,49,36,85,ITC,ITC2,2,Valle d'Aosta / Vallée d'Aoste
2023-10-22,EMR,105,50,55,105,ITH,ITH5,8,Emilia-Romagna
2023-11-12,MOL,16,10,6,16,ITF,ITF2,14,Molise
2023-11-14,PUG,1827,943,884,1827,ITF,ITF4,16,Puglia
2023-10-24,PUG,1089,580,509,1089,ITF,ITF4,16,Puglia
2023-12-01,LIG,1110,567,543,1110,ITC,ITC3,7,Liguria
2023-10-31,PAT,448,243,205,448,ITH,ITH2,4,Provincia Autonoma Trento
2023-11-27,CAL,204,116,88,204,ITF,ITF6,18,Calabria
2023-11-29,SAR,854,433,421,854,ITG,ITG2,20,Sardegna
2023-11-13,UMB,415,201,214,415,ITI,ITI2,10,Umbria
2023-10-27,VDA,213,95,118,213,ITC,ITC2,2,Valle d'Aosta / Vallée d'Aoste
2023-11-14,BAS,24,10,14,24,ITF,ITF5,17,Basilicata
2023-10-05,SAR,42,23,19,42,ITG,ITG2,20,Sardegna
2023-10-31,PUG,852,436,416,852,ITF,ITF4,16,Puglia
2023-10-22,LOM,381,190,191,381,ITC,ITC4,3,Lombardia
2023-12-03,CAM,20,12,8,20,ITF,ITF3,15,Campania
2023-10-09,FVG,48,26,22,48,ITH,ITH4,6,Friuli-Venezia Giulia
2023-10-12,LIG,126,48,78,126,ITC,ITC3,7,Liguria
2023-11-11,SIC,31,16,15,31,ITG,ITG1,19,Sicilia
2023-11-21,MOL,47,29,18,47,ITF,ITF2,14,Molise
2023-11-16,VDA,116,57,59,116,ITC,ITC2,2,Valle d'Aosta / Vallée d'Aoste
2023-10-26,LAZ,841,412,429,841,ITI,ITI4,12,Lazio
2023-10-24,TOS,2449,1129,1320,2449,ITI,ITI1,9,Toscana
2023-11-09,LIG,1033,523,510,1033,ITC,ITC3,7,Liguria
2023-10-09,LOM,380,153,227,380,ITC,ITC4,3,Lombardia
2023-11-04,SIC,11,7,4,11,ITG,ITG1,19,Sicilia
2023-11-13,PAB,200,77,123,200,ITH,ITH1,4,Provincia Autonoma Bolzano / Bozen
2023-10-25,MOL,74,40,34,74,ITF,ITF2,14,Molise
2023-10-16,CAM,165,94,71,165,ITF,ITF3,15,Campania
2023-10-03,FVG,6,2,4,6,ITH,ITH4,6,Friuli-Venezia Giulia
2023-10-05,PIE,14,9,5,14,ITC,ITC1,1,Piemonte
2023-11-18,PAB,9,2,7,9,ITH,ITH1,4,Provincia Autonoma Bolzano / Bozen
2023-11-24,PUG,2009,997,1012,2009,ITF,ITF4,16,Puglia
2023-10-24,VEN,730,280,450,730,ITH,ITH3,5,Veneto
2023-10-20,FVG,571,289,282,571,ITH,ITH4,6,Friuli-Venezia Giulia
2023-11-03,LOM,8980,4260,4720,8980,ITC,ITC4,3,Lombardia
2023-12-07,PAT,353,155,198,353,ITH,ITH2,4,Provincia Autonoma Trento
2023-10-26,PIE,1471,728,743,1471,ITC,ITC1,1,Piemonte
2023-12-04,EMR,3471,1719,1752,3471,ITH,ITH5,8,Emilia-Romagna
2023-10-17,LAZ,432,232,200,432,ITI,ITI4,12,Lazio
2023-10-14,CAM,41,15,26,41,ITF,ITF3,15,Campania
2023-11-28,PAB,529,268,261,529,ITH,ITH1,4,Provincia Autonoma Bolzano / Bozen
2023-11-24,PAT,193,90,103,193,ITH,ITH2,4,Provincia Autonoma Trento
2023-10-21,LOM,3448,1738,1710,3448,ITC,ITC4,3,Lombardia
2023-11-07,VDA,100,45,55,100,ITC,ITC2,2,Valle d'Aosta / Vallée d'Aoste
2023-10-19,PIE,577,282,295,577,ITC,ITC1,1,Piemonte
2023-10-30,PAT,341,176,165,341,ITH,ITH2,4,Provincia Autonoma Trento
2023-10-19,MOL,55,18,37,55,ITF,ITF2,14,Molise
2023-12-01,LOM,10241,4770,5471,10241,ITC,ITC4,3,Lombardia
2023-11-30,LOM,10347,4935,5412,10347,ITC,ITC4,3,Lombardia
2023-11-18,TOS,2442,1213,1229,2442,ITI,ITI1,9,Toscana
2023-12-02,LIG,414,193,221,414,ITC,ITC3,7,Liguria
2023-11-06,SAR,313,148,165,313,ITG,ITG2,20,Sardegna
2023-11-16,FVG,1159,564,595,1159,ITH,ITH4,6,Friuli-Venezia Giulia
2023-11-16,CAL,129,70,59,129,ITF,ITF6,18,Calabria
2023-10-12,PUG,86,62,24,86,ITF,ITF4,16,Puglia
2023-10-27,CAM,278,148,130,278,ITF,ITF3,15,Campania
2023-11-13,VDA,61,30,31,61,ITC,ITC2,2,Valle d'Aosta / Vallée d'Aoste
2023-12-04,VEN,2306,1150,1156,2306,ITH,ITH3,5,Veneto
2023-11-30,PAB,530,257,273,530,ITH,ITH1,4,Provincia Autonoma Bolzano / Bozen
2023-11-20,LAZ,1468,746,722,1468,ITI,ITI4,12,Lazio
2023-11-02,PAB,344,158,186,344,ITH,ITH1,4,Provincia Autonoma Bolzano / Bozen
2023-12-06,FVG,1289,635,654,1289,ITH,ITH4,6,Friuli-Venezia Giulia
2023-11-28,UMB,736,369,367,736,ITI,ITI2,10,Umbria
2023-12-07,PUG,947,514,433,947,ITF,ITF4,16,Puglia
2023-11-11,TOS,2446,1117,1329,2446,ITI,ITI1,9,Toscana
2023-11-14,UMB,656,320,336,656,ITI,ITI2,10,Umbria
2023-11-25,VDA,101,49,52,101,ITC,ITC2,2,Valle d'Aosta / Vallée d'Aoste
2023-10-04,PAT,11,7,4,11,ITH,ITH2,4,Provincia Autonoma Trento
2023-11-10,EMR,7566,3691,3875,7566,ITH,ITH5,8,Emilia-Romagna
2023-11-30,VEN,3580,1774,1806,3580,ITH,ITH3,5,Veneto
2023-11-21,PAT,550,252,298,550,ITH,ITH2,4,Provincia Autonoma Trento
2023-11-10,PAB,271,131,140,271,ITH,ITH1,4,Provincia Autonoma Bolzano / Bozen
2023-10-24,EMR,3576,1697,1879,3576,ITH,ITH5,8,Emilia-Romagna
2023-10-04,TOS,274,153,121,274,ITI,ITI1,9,Toscana
2023-11-17,UMB,674,338,336,674,ITI,ITI2,10,Umbria
2023-10-30,PIE,1129,560,569,1129,ITC,ITC1,1,Piemonte
2023-11-28,EMR,5393,2590,2803,5393,ITH,ITH5,8,Emilia-Romagna
2023-11-22,PUG,1443,744,699,1443,ITF,ITF4,16,Puglia
2023-11-04,TOS,1964,944,1020,1964,ITI,ITI1,9,Toscana
2023-10-23,EMR,2251,1117,1134,2251,ITH,ITH5,8,Emilia-Romagna
2023-11-24,EMR,5287,2554,2733,5287,ITH,ITH5,8,Emilia-Romagna
2023-10-29,MAR,27,15,12,27,ITI,ITI3,11,Marche
2023-11-20,PIE,1926,865,1061,1926,ITC,ITC1,1,Piemonte
2023-11-05,LOM,788,382,406,788,ITC,ITC4,3,Lombardia
2023-12-01,CAM,698,373,325,698,ITF,ITF3,15,Campania
2023-10-16,TOS,730,315,415,730,ITI,ITI1,9,Toscana
2023-11-11,PUG,416,219,197,416,ITF,ITF4,16,Puglia
2023-11-30,EMR,5753,2804,2949,5753,ITH,ITH5,8,Emilia-Romagna
2023-10-27,MOL,3,2,1,3,ITF,ITF2,14,Molise
2023-11-08,UMB,666,332,334,666,ITI,ITI2,10,Umbria
2023-11-15,FVG,1092,520,572,1092,ITH,ITH4,6,Friuli-Venezia Giulia
2023-11-01,PUG,33,15,18,33,ITF,ITF4,16,Puglia
2023-11-03,CAM,350,198,152,350,ITF,ITF3,15,Campania
2023-10-13,TOS,681,341,340,681,ITI,ITI1,9,Toscana
2023-11-17,PAB,271,134,137,271,ITH,ITH1,4,Provincia Autonoma Bolzano / Bozen
2023-10-13,PUG,204,111,93,204,ITF,ITF4,16,Puglia
2023-11-28,SIC,307,184,123,307,ITG,ITG1,19,Sicilia
2023-11-27,SIC,143,66,77,143,ITG,ITG1,19,Sicilia
2023-11-01,CAM,21,10,11,21,ITF,ITF3,15,Campania
2023-10-31,VEN,1423,612,811,1423,ITH,ITH3,5,Veneto
2023-10-12,FVG,53,33,20,53,ITH,ITH4,6,Friuli-Venezia Giulia
2023-11-09,FVG,1303,593,710,1303,ITH,ITH4,6,Friuli-Venezia Giulia
2023-12-07,CAL,252,159,93,252,ITF,ITF6,18,Calabria
2023-11-22,PAT,392,185,207,392,ITH,ITH2,4,Provincia Autonoma Trento
2023-11-19,LIG,3,1,2,3,ITC,ITC3,7,Liguria
2023-10-12,CAL,12,5,7,12,ITF,ITF6,18,Calabria
2023-12-06,LOM,10559,5061,5498,10559,ITC,ITC4,3,Lombardia
2023-11-28,VEN,3806,1853,1953,3806,ITH,ITH3,5,Veneto
2023-10-18,LIG,274,105,169,274,ITC,ITC3,7,Liguria
2023-10-26,SAR,205,101,104,205,ITG,ITG2,20,Sardegna
2023-11-08,PAB,543,289,254,543,ITH,ITH1,4,Provincia Autonoma Bolzano / Bozen
2023-10-23,VEN,324,140,184,324,ITH,ITH3,5,Veneto
2023-10-31,SIC,79,48,31,79,ITG,ITG1,19,Sicilia
2023-11-02,SIC,59,33,26,59,ITG,ITG1,19,Sicilia
2023-11-14,PAB,573,276,297,573,ITH,ITH1,4,Provincia Autonoma Bolzano / Bozen
2023-11-14,LIG,1097,533,564,1097,ITC,ITC3,7,Liguria
2023-10-21,CAM,44,24,20,44,ITF,ITF3,15,Campania
2023-11-04,PUG,320,160,160,320,ITF,ITF4,16,Puglia
2023-11-23,MOL,41,23,18,41,ITF,ITF2,14,Molise
2023-10-25,TOS,3506,1683,1823,3506,ITI,ITI1,9,Toscana
2023-10-31,EMR,4532,2105,2427,4532,ITH,ITH5,8,Emilia-Romagna
2023-11-13,FVG,855,411,444,855,ITH,ITH4,6,Friuli-Venezia Giulia
2023-11-11,PAT,21,11,10,21,ITH,ITH2,4,Provincia Autonoma Trento
2023-10-10,PAB,438,248,190,438,ITH,ITH1,4,Provincia Autonoma Bolzano / Bozen
2023-11-19,PAB,1,0,1,1,ITH,ITH1,4,Provincia Autonoma Bolzano / Bozen
2023-11-10,SIC,45,28,17,45,ITG,ITG1,19,Sicilia
2023-10-19,SAR,119,71,48,119,ITG,ITG2,20,Sardegna
2023-10-16,MAR,142,81,61,142,ITI,ITI3,11,Marche
2023-11-17,VEN,2981,1390,1591,2981,ITH,ITH3,5,Veneto
2023-11-12,FVG,12,4,8,12,ITH,ITH4,6,Friuli-Venezia Giulia
2023-11-12,CAL,6,0,6,6,ITF,ITF6,18,Calabria
2023-10-28,UMB,79,25,54,79,ITI,ITI2,10,Umbria
2023-11-27,MAR,14,7,7,14,ITI,ITI3,11,Marche
2023-12-02,SIC,43,21,22,43,ITG,ITG1,19,Sicilia
2023-12-05,MAR,5,3,2,5,ITI,ITI3,11,Marche
2023-10-14,EMR,11,3,8,11,ITH,ITH5,8,Emilia-Romagna
2023-10-09,LIG,32,10,22,32,ITC,ITC3,7,Liguria
2023-11-10,MOL,60,31,29,60,ITF,ITF2,14,Molise
2023-10-11,MOL,6,5,1,6,ITF,ITF2,14,Molise
2023-10-22,SIC,3,2,1,3,ITG,ITG1,19,Sicilia
2023-10-15,CAM,12,5,7,12,ITF,ITF3,15,Campania
2023-11-07,MOL,73,41,32,73,ITF,ITF2,14,Molise
2023-10-30,LAZ,924,451,473,924,ITI,ITI4,12,Lazio
2023-10-25,SAR,213,105,108,213,ITG,ITG2,20,Sardegna
2023-10-18,FVG,140,77,63,140,ITH,ITH4,6,Friuli-Venezia Giulia
2023-11-11,MOL,38,5,33,38,ITF,ITF2,14,Molise
2023-10-04,LIG,12,4,8,12,ITC,ITC3,7,Liguria
2023-10-28,LAZ,715,347,368,715,ITI,ITI4,12,Lazio
2023-12-01,LAZ,3303,1621,1682,3303,ITI,ITI4,12,Lazio
2023-10-25,PAB,615,302,313,615,ITH,ITH1,4,Provincia Autonoma Bolzano / Bozen
2023-11-27,FVG,749,368,381,749,ITH,ITH4,6,Friuli-Venezia Giulia
2023-11-25,VEN,2122,1038,1084,2122,ITH,ITH3,5,Veneto
2023-10-18,CAM,340,194,146,340,ITF,ITF3,15,Campania
2023-11-14,CAM,464,280,184,464,ITF,ITF3,15,Campania
2023-11-13,MOL,76,48,28,76,ITF,ITF2,14,Molise
2023-12-02,PUG,306,165,141,306,ITF,ITF4,16,Puglia
2023-10-23,MAR,387,192,195,387,ITI,ITI3,11,Marche
2023-10-30,SIC,29,19,10,29,ITG,ITG1,19,Sicilia
2023-11-03,VDA,191,88,103,191,ITC,ITC2,2,Valle d'Aosta / Vallée d'Aoste
2023-11-29,PIE,2750,1309,1441,2750,ITC,ITC1,1,Piemonte
2023-11-29,UMB,768,390,378,768,ITI,ITI2,10,Umbria
2023-10-21,MAR,208,101,107,208,ITI,ITI3,11,Marche
2023-10-13,EMR,86,35,51,86,ITH,ITH5,8,Emilia-Romagna
2023-12-05,PIE,2908,1389,1519,2908,ITC,ITC1,1,Piemonte
2023-11-25,EMR,1876,929,947,1876,ITH,ITH5,8,Emilia-Romagna
2023-11-02,PUG,1244,636,608,1244,ITF,ITF4,16,Puglia
2023-11-22,SIC,204,113,91,204,ITG,ITG1,19,Sicilia
2023-11-20,LIG,608,300,308,608,ITC,ITC3,7,Liguria
2023-11-14,PIE,2875,1337,1538,2875,ITC,ITC1,1,Piemonte
2023-11-17,TOS,6595,3117,3478,6595,ITI,ITI1,9,Toscana
2023-12-01,MAR,20,7,13,20,ITI,ITI3,11,Marche
2023-10-02,TOS,286,162,124,286,ITI,ITI1,9,Toscana
2023-10-25,VEN,963,339,624,963,ITH,ITH3,5,Veneto
2023-11-29,PAB,543,250,293,543,ITH,ITH1,4,Provincia Autonoma Bolzano / Bozen
2023-10-30,MAR,418,201,217,418,ITI,ITI3,11,Marche
2023-10-28,MAR,738,376,362,738,ITI,ITI3,11,Marche
2023-11-24,TOS,6553,3077,3476,6553,ITI,ITI1,9,Toscana
2023-11-06,VDA,86,48,38,86,ITC,ITC2,2,Valle d'Aosta / Vallée d'Aoste
2023-11-21,SIC,119,61,58,119,ITG,ITG1,19,Sicilia
2023-11-12,MAR,78,41,37,78,ITI,ITI3,11,Marche
2023-12-04,PAT,551,259,292,551,ITH,ITH2,4,Provincia Autonoma Trento
2023-10-26,MAR,170,77,93,170,ITI,ITI3,11,Marche
2023-10-20,SIC,27,17,10,27,ITG,ITG1,19,Sicilia
2023-12-05,CAM,874,462,412,874,ITF,ITF3,15,Campania
2023-10-10,TOS,315,152,163,315,ITI,ITI1,9,Toscana
2023-12-04,PUG,1381,728,653,1381,ITF,ITF4,16,Puglia
2023-12-04,TOS,3066,1464,1602,3066,ITI,ITI1,9,Toscana
2023-10-26,VDA,117,57,60,117,ITC,ITC2,2,Valle d'Aosta / Vallée d'Aoste
2023-11-09,EMR,7664,3718,3946,7664,ITH,ITH5,8,Emilia-Romagna
2023-11-15,SAR,585,306,279,585,ITG,ITG2,20,Sardegna
2023-10-15,LAZ,61,26,35,61,ITI,ITI4,12,Lazio
2023-11-25,FVG,651,347,304,651,ITH,ITH4,6,Friuli-Venezia Giulia
2023-10-11,PIE,136,70,66,136,ITC,ITC1,1,Piemonte
2023-12-05,PAT,580,265,315,580,ITH,ITH2,4,Provincia Autonoma Trento
2023-11-01,LAZ,25,11,14,25,ITI,ITI4,12,Lazio
2023-11-13,BAS,20,11,9,20,ITF,ITF5,17,Basilicata
2023-10-25,LIG,624,294,330,624,ITC,ITC3,7,Liguria
2023-11-16,PAT,658,333,325,658,ITH,ITH2,4,Provincia Autonoma Trento
2023-12-07,PIE,3028,1476,1552,3028,ITC,ITC1,1,Piemonte
2023-12-07,UMB,382,192,190,382,ITI,ITI2,10,Umbria
2023-10-30,VDA,102,55,47,102,ITC,ITC2,2,Valle d'Aosta / Vallée d'Aoste
2023-10-13,PAT,54,24,30,54,ITH,ITH2,4,Provincia Autonoma Trento
2023-11-08,PIE,3101,1515,1586,3101,ITC,ITC1,1,Piemonte
2023-11-06,LAZ,1499,758,741,1499,ITI,ITI4,12,Lazio
2023-10-20,MAR,511,267,244,511,ITI,ITI3,11,Marche
2023-10-18,SAR,167,86,81,167,ITG,ITG2,20,Sardegna
2023-11-17,CAM,470,259,211,470,ITF,ITF3,15,Campania
2023-10-18,VEN,237,63,174,237,ITH,ITH3,5,Veneto
2023-12-04,LIG,800,380,420,800,ITC,ITC3,7,Liguria
2023-10-25,FVG,675,327,348,675,ITH,ITH4,6,Friuli-Venezia Giulia
2023-11-22,BAS,49,25,24,49,ITF,ITF5,17,Basilicata
2023-10-03,LAZ,56,28,28,56,ITI,ITI4,12,Lazio
2023-11-26,LAZ,12,4,8,12,ITI,ITI4,12,Lazio
2023-10-04,SAR,24,10,14,24,ITG,ITG2,20,Sardegna
2023-11-16,PUG,1895,972,923,1895,ITF,ITF4,16,Puglia
2023-10-21,EMR,1051,513,538,1051,ITH,ITH5,8,Emilia-Romagna
2023-11-30,BAS,74,42,32,74,ITF,ITF5,17,Basilicata
2023-12-07,PAB,268,122,146,268,ITH,ITH1,4,Provincia Autonoma Bolzano / Bozen
2023-11-21,VDA,70,29,41,70,ITC,ITC2,2,Valle d'Aosta / Vallée d'Aoste
2023-11-27,EMR,3527,1669,1858,3527,ITH,ITH5,8,Emilia-Romagna
2023-12-04,PIE,1937,905,1032,1937,ITC,ITC1,1,Piemonte
2023-10-27,PIE,2149,1043,1106,2149,ITC,ITC1,1,Piemonte
2023-12-02,VEN,1807,912,895,1807,ITH,ITH3,5,Veneto
2023-11-17,LOM,8963,4147,4816,8963,ITC,ITC4,3,Lombardia
2023-11-11,VEN,1946,986,960,1946,ITH,ITH3,5,Veneto
2023-11-20,TOS,4076,1879,2197,4076,ITI,ITI1,9,Toscana
2023-11-29,MOL,106,63,43,106,ITF,ITF2,14,Molise
2023-11-18,BAS,25,9,16,25,ITF,ITF5,17,Basilicata
2023-10-31,LAZ,1468,728,740,1468,ITI,ITI4,12,Lazio
2023-12-07,TOS,3958,1906,2052,3958,ITI,ITI1,9,Toscana
2023-10-18,LOM,5850,2948,2902,5850,ITC,ITC4,3,Lombardia
2023-11-15,VEN,2952,1365,1587,2952,ITH,ITH3,5,Veneto
2023-10-25,LOM,9594,4602,4992,9594,ITC,ITC4,3,Lombardia
2023-11-30,SIC,280,142,138,280,ITG,ITG1,19,Sicilia
2023-11-06,SIC,47,23,24,47,ITG,ITG1,19,Sicilia
2023-10-13,FVG,40,18,22,40,ITH,ITH4,6,Friuli-Venezia Giulia
2023-11-27,VDA,65,33,32,65,ITC,ITC2,2,Valle d'Aosta / Vallée d'Aoste
2023-11-17,CAL,93,44,49,93,ITF,ITF6,18,Calabria
2023-10-15,TOS,15,9,6,15,ITI,ITI1,9,Toscana
2023-11-25,LOM,73,31,42,73,ITC,ITC4,3,Lombardia
2023-10-20,VDA,143,67,76,143,ITC,ITC2,2,Valle d'Aosta / Vallée d'Aoste
2023-12-04,CAM,663,372,291,663,ITF,ITF3,15,Campania
2023-11-21,EMR,5709,2729,2980,5709,ITH,ITH5,8,Emilia-Romagna
2023-10-10,CAM,64,39,25,64,ITF,ITF3,15,Campania
2023-11-17,LIG,689,350,339,689,ITC,ITC3,7,Liguria
2023-10-11,TOS,598,290,308,598,ITI,ITI1,9,Toscana
2023-11-26,SIC,25,15,10,25,ITG,ITG1,19,Sicilia
2023-12-02,FVG,470,238,232,470,ITH,ITH4,6,Friuli-Venezia Giulia
2023-11-02,MOL,32,16,16,32,ITF,ITF2,14,Molise
2023-10-06,LAZ,69,40,29,69,ITI,ITI4,12,Lazio
2023-11-30,LAZ,3386,1716,1670,3386,ITI,ITI4,12,Lazio
2023-11-14,TOS,4718,2136,2582,4718,ITI,ITI1,9,Toscana
2023-10-19,LAZ,361,169,192,361,ITI,ITI4,12,Lazio
2023-09-29,LIG,86,27,59,86,ITC,ITC3,7,Liguria
2023-11-22,VDA,112,52,60,112,ITC,ITC2,2,Valle d'Aosta / Vallée d'Aoste
2023-11-28,MAR,13,3,10,13,ITI,ITI3,11,Marche
2023-11-11,UMB,371,172,199,371,ITI,ITI2,10,Umbria
2023-11-24,MOL,36,23,13,36,ITF,ITF2,14,Molise
2023-10-10,LIG,7,3,4,7,ITC,ITC3,7,Liguria
2023-11-28,VDA,77,40,37,77,ITC,ITC2,2,Valle d'Aosta / Vallée d'Aoste
2023-10-28,SIC,9,2,7,9,ITG,ITG1,19,Sicilia
2023-11-10,CAM,325,184,141,325,ITF,ITF3,15,Campania
2023-11-18,LAZ,1219,600,619,1219,ITI,ITI4,12,Lazio
2023-11-14,VEN,2390,1142,1248,2390,ITH,ITH3,5,Veneto
2023-11-16,VEN,2891,1409,1482,2891,ITH,ITH3,5,Veneto
2023-12-05,LOM,9959,4762,5197,9959,ITC,ITC4,3,Lombardia
2023-11-08,FVG,1039,500,539,1039,ITH,ITH4,6,Friuli-Venezia Giulia
2023-11-07,LIG,1551,800,751,1551,ITC,ITC3,7,Liguria
2023-11-20,CAL,148,75,73,148,ITF,ITF6,18,Calabria
2023-11-01,PIE,151,75,76,151,ITC,ITC1,1,Piemonte
2023-10-27,SAR,175,81,94,175,ITG,ITG2,20,Sardegna
2023-12-06,TOS,5130,2423,2707,5130,ITI,ITI1,9,Toscana
2023-10-22,TOS,19,7,12,19,ITI,ITI1,9,Toscana
2023-11-21,BAS,32,17,15,32,ITF,ITF5,17,Basilicata
2023-11-15,CAL,211,134,77,211,ITF,ITF6,18,Calabria
2023-11-17,EMR,5710,2722,2988,5710,ITH,ITH5,8,Emilia-Romagna
2023-11-09,SIC,97,51,46,97,ITG,ITG1,19,Sicilia
2023-11-14,CAL,224,146,78,224,ITF,ITF6,18,Calabria
2023-10-11,PUG,217,111,106,217,ITF,ITF4,16,Puglia
2023-10-27,PUG,1020,536,484,1020,ITF,ITF4,16,Puglia
2023-11-29,PAT,396,201,195,396,ITH,ITH2,4,Provincia Autonoma Trento
2023-11-04,MAR,367,176,191,367,ITI,ITI3,11,Marche
2023-11-23,PAB,456,188,268,456,ITH,ITH1,4,Provincia Autonoma Bolzano / Bozen
2023-10-23,LAZ,587,275,312,587,ITI,ITI4,12,Lazio
2023-11-08,PAT,620,277,343,620,ITH,ITH2,4,Provincia Autonoma Trento
2023-10-09,LAZ,127,80,47,127,ITI,ITI4,12,Lazio
2023-11-02,CAM,283,143,140,283,ITF,ITF3,15,Campania
2023-10-17,PIE,397,199,198,397,ITC,ITC1,1,Piemonte
2023-11-11,MAR,345,177,168,345,ITI,ITI3,11,Marche
2023-12-07,FVG,784,402,382,784,ITH,ITH4,6,Friuli-Venezia Giulia
2023-11-23,CAM,494,267,227,494,ITF,ITF3,15,Campania
2023-11-12,LAZ,200,90,110,200,ITI,ITI4,12,Lazio
2023-10-06,TOS,228,103,125,228,ITI,ITI1,9,Toscana
2023-11-09,BAS,15,12,3,15,ITF,ITF5,17,Basilicata
2023-11-02,LOM,9514,4573,4941,9514,ITC,ITC4,3,Lombardia
2023-11-29,PUG,1811,867,944,1811,ITF,ITF4,16,Puglia
2023-11-08,PUG,1618,810,808,1618,ITF,ITF4,16,Puglia
2023-11-16,SAR,502,246,256,502,ITG,ITG2,20,Sardegna
2023-11-10,LIG,820,394,426,820,ITC,ITC3,7,Liguria
2023-11-14,SAR,544,275,269,544,ITG,ITG2,20,Sardegna
2023-11-07,CAM,329,194,135,329,ITF,ITF3,15,Campania
2023-11-08,CAL,110,71,39,110,ITF,ITF6,18,Calabria
2023-11-27,PAB,35,20,15,35,ITH,ITH1,4,Provincia Autonoma Bolzano / Bozen
2023-10-31,UMB,282,136,146,282,ITI,ITI2,10,Umbria
2023-11-06,UMB,323,151,172,323,ITI,ITI2,10,Umbria
2023-11-03,FVG,709,352,357,709,ITH,ITH4,6,Friuli-Venezia Giulia
2023-11-08,SAR,292,155,137,292,ITG,ITG2,20,Sardegna
2023-11-21,PUG,1762,847,915,1762,ITF,ITF4,16,Puglia
2023-10-16,SIC,8,5,3,8,ITG,ITG1,19,Sicilia
2023-10-06,FVG,152,81,71,152,ITH,ITH4,6,Friuli-Venezia Giulia
2023-10-30,PUG,906,447,459,906,ITF,ITF4,16,Puglia
2023-10-23,PAT,145,75,70,145,ITH,ITH2,4,Provincia Autonoma Trento
2023-11-28,LOM,10481,4852,5629,10481,ITC,ITC4,3,Lombardia
2023-11-02,VEN,1780,796,984,1780,ITH,ITH3,5,Veneto
2023-10-28,FVG,601,319,282,601,ITH,ITH4,6,Friuli-Venezia Giulia
2023-10-30,CAM,371,214,157,371,ITF,ITF3,15,Campania
2023-10-25,VDA,304,138,166,304,ITC,ITC2,2,Valle d'Aosta / Vallée d'Aoste
2023-11-02,EMR,4076,1947,2129,4076,ITH,ITH5,8,Emilia-Romagna
2023-10-31,PAB,544,255,289,544,ITH,ITH1,4,Provincia Autonoma Bolzano / Bozen
2023-11-24,VEN,3255,1645,1610,3255,ITH,ITH3,5,Veneto
2023-11-10,VEN,2687,1297,1390,2687,ITH,ITH3,5,Veneto
2023-10-17,TOS,651,295,356,651,ITI,ITI1,9,Toscana
2023-11-06,LOM,4259,2011,2248,4259,ITC,ITC4,3,Lombardia
2023-11-29,LAZ,3727,1826,1901,3727,ITI,ITI4,12,Lazio
2023-10-23,CAM,306,167,139,306,ITF,ITF3,15,Campania
2023-11-21,TOS,4996,2277,2719,4996,ITI,ITI1,9,Toscana
2023-10-23,PUG,851,422,429,851,ITF,ITF4,16,Puglia
2023-10-11,EMR,54,17,37,54,ITH,ITH5,8,Emilia-Romagna
2023-11-07,MAR,741,355,386,741,ITI,ITI3,11,Marche
2023-10-05,LIG,61,18,43,61,ITC,ITC3,7,Liguria
2023-12-02,UMB,158,76,82,158,ITI,ITI2,10,Umbria
2023-10-26,CAL,15,7,8,15,ITF,ITF6,18,Calabria
2023-11-06,PAB,164,76,88,164,ITH,ITH1,4,Provincia Autonoma Bolzano / Bozen
2023-10-14,PUG,11,4,7,11,ITF,ITF4,16,Puglia
2023-12-05,MOL,61,34,27,61,ITF,ITF2,14,Molise
2023-10-28,CAL,12,7,5,12,ITF,ITF6,18,Calabria
2023-09-29,CAM,11,6,5,11,ITF,ITF3,15,Campania
2023-11-19,UMB,20,11,9,20,ITI,ITI2,10,Umbria
2023-11-05,FVG,11,7,4,11,ITH,ITH4,6,Friuli-Venezia Giulia
2023-10-02,EMR,1,0,1,1,ITH,ITH5,8,Emilia-Romagna
2023-10-28,VEN,733,354,379,733,ITH,ITH3,5,Veneto
2023-11-27,CAM,403,228,175,403,ITF,ITF3,15,Campania
2023-11-22,LIG,1121,549,572,1121,ITC,ITC3,7,Liguria
2023-11-03,UMB,532,283,249,532,ITI,ITI2,10,Umbria
2023-10-21,PAB,3,0,3,3,ITH,ITH1,4,Provincia Autonoma Bolzano / Bozen
2023-11-21,CAM,406,216,190,406,ITF,ITF3,15,Campania
2023-11-24,VDA,123,66,57,123,ITC,ITC2,2,Valle d'Aosta / Vallée d'Aoste
2023-11-22,LOM,10321,4871,5450,10321,ITC,ITC4,3,Lombardia
2023-11-28,CAL,187,114,73,187,ITF,ITF6,18,Calabria
2023-11-28,LIG,1113,582,531,1113,ITC,ITC3,7,Liguria
2023-10-24,FVG,664,341,323,664,ITH,ITH4,6,Friuli-Venezia Giulia
2023-12-03,VEN,196,104,92,196,ITH,ITH3,5,Veneto
2023-11-20,SIC,61,35,26,61,ITG,ITG1,19,Sicilia
2023-10-12,MAR,29,15,14,29,ITI,ITI3,11,Marche
2023-12-02,TOS,1422,692,730,1422,ITI,ITI1,9,Toscana
2023-11-30,FVG,1181,544,637,1181,ITH,ITH4,6,Friuli-Venezia Giulia
2023-12-01,VDA,133,67,66,133,ITC,ITC2,2,Valle d'Aosta / Vallée d'Aoste
2023-11-03,PAB,301,139,162,301,ITH,ITH1,4,Provincia Autonoma Bolzano / Bozen
2023-11-09,PAT,738,386,352,738,ITH,ITH2,4,Provincia Autonoma Trento
2023-10-05,LOM,362,191,171,362,ITC,ITC4,3,Lombardia
2023-10-20,LOM,5909,2919,2990,5909,ITC,ITC4,3,Lombardia
2023-11-21,PIE,2861,1330,1531,2861,ITC,ITC1,1,Piemonte
2023-11-10,MAR,970,496,474,970,ITI,ITI3,11,Marche
2023-11-03,TOS,5913,2791,3122,5913,ITI,ITI1,9,Toscana
2023-11-14,SIC,114,55,59,114,ITG,ITG1,19,Sicilia
2023-10-30,VEN,1288,580,708,1288,ITH,ITH3,5,Veneto
2023-10-26,PAB,780,388,392,780,ITH,ITH1,4,Provincia Autonoma Bolzano / Bozen
2023-11-08,SIC,31,17,14,31,ITG,ITG1,19,Sicilia
2023-11-09,PUG,1551,825,726,1551,ITF,ITF4,16,Puglia
2023-11-05,VDA,7,2,5,7,ITC,ITC2,2,Valle d'Aosta / Vallée d'Aoste
2023-11-22,FVG,1078,514,564,1078,ITH,ITH4,6,Friuli-Venezia Giulia
2023-11-27,LIG,325,167,158,325,ITC,ITC3,7,Liguria
2023-11-14,MAR,671,352,319,671,ITI,ITI3,11,Marche
2023-10-19,FVG,306,147,159,306,ITH,ITH4,6,Friuli-Venezia Giulia
2023-10-30,SAR,170,94,76,170,ITG,ITG2,20,Sardegna
2023-11-04,CAL,40,21,19,40,ITF,ITF6,18,Calabria
2023-10-16,VDA,104,50,54,104,ITC,ITC2,2,Valle d'Aosta / Vallée d'Aoste
2023-11-21,LIG,1693,849,844,1693,ITC,ITC3,7,Liguria
2023-10-16,EMR,716,311,405,716,ITH,ITH5,8,Emilia-Romagna
2023-11-16,MOL,111,50,61,111,ITF,ITF2,14,Molise
2023-12-06,EMR,4542,2262,2280,4542,ITH,ITH5,8,Emilia-Romagna
2023-11-08,LAZ,2175,1031,1144,2175,ITI,ITI4,12,Lazio
2023-11-25,PIE,1384,710,674,1384,ITC,ITC1,1,Piemonte
2023-11-06,MAR,408,206,202,408,ITI,ITI3,11,Marche
2023-11-18,FVG,322,164,158,322,ITH,ITH4,6,Friuli-Venezia Giulia
2023-11-18,PUG,335,171,164,335,ITF,ITF4,16,Puglia
2023-10-04,LAZ,16,9,7,16,ITI,ITI4,12,Lazio
2023-11-03,SAR,217,112,105,217,ITG,ITG2,20,Sardegna
2023-10-20,VEN,466,227,239,466,ITH,ITH3,5,Veneto
2023-12-07,LAZ,2903,1407,1496,2903,ITI,ITI4,12,Lazio
2023-10-26,LIG,823,413,410,823,ITC,ITC3,7,Liguria
2023-12-03,FVG,8,2,6,8,ITH,ITH4,6,Friuli-Venezia Giulia
2023-11-03,VEN,1353,619,734,1353,ITH,ITH3,5,Veneto
2023-10-29,FVG,9,4,5,9,ITH,ITH4,6,Friuli-Venezia Giulia
2023-10-21,UMB,24,13,11,24,ITI,ITI2,10,Umbria
2023-09-29,TOS,3,0,3,3,ITI,ITI1,9,Toscana
2023-12-03,UMB,9,3,6,9,ITI,ITI2,10,Umbria
2023-10-26,UMB,127,60,67,127,ITI,ITI2,10,Umbria
2023-10-13,MOL,9,7,2,9,ITF,ITF2,14,Molise
2023-10-30,CAL,59,30,29,59,ITF,ITF6,18,Calabria
2023-11-18,PAT,44,21,23,44,ITH,ITH2,4,Provincia Autonoma Trento
2023-09-26,TOS,15,7,8,15,ITI,ITI1,9,Toscana
2023-10-20,CAL,6,4,2,6,ITF,ITF6,18,Calabria
2023-10-15,MAR,1,1,0,1,ITI,ITI3,11,Marche
2023-10-29,PAT,1,0,1,1,ITH,ITH2,4,Provincia Autonoma Trento
2023-10-26,VEN,989,455,534,989,ITH,ITH3,5,Veneto
2023-12-07,LOM,7833,3842,3991,7833,ITC,ITC4,3,Lombardia
2023-11-22,CAL,224,120,104,224,ITF,ITF6,18,Calabria
2023-12-03,LAZ,82,40,42,82,ITI,ITI4,12,Lazio
2023-10-20,CAM,186,101,85,186,ITF,ITF3,15,Campania
2023-11-20,PAT,417,192,225,417,ITH,ITH2,4,Provincia Autonoma Trento
2023-10-06,PUG,13,8,5,13,ITF,ITF4,16,Puglia
2023-10-10,SAR,54,32,22,54,ITG,ITG2,20,Sardegna
2023-10-19,EMR,1938,966,972,1938,ITH,ITH5,8,Emilia-Romagna
2023-11-23,PIE,3153,1460,1693,3153,ITC,ITC1,1,Piemonte
2023-11-15,LOM,10321,4696,5625,10321,ITC,ITC4,3,Lombardia
2023-10-23,TOS,2218,1039,1179,2218,ITI,ITI1,9,Toscana
2023-11-13,PIE,1953,900,1053,1953,ITC,ITC1,1,Piemonte
2023-10-17,CAM,313,180,133,313,ITF,ITF3,15,Campania
2023-11-10,CAL,66,31,35,66,ITF,ITF6,18,Calabria
2023-11-19,PIE,153,74,79,153,ITC,ITC1,1,Piemonte
2023-10-27,PAT,428,192,236,428,ITH,ITH2,4,Provincia Autonoma Trento
2023-11-06,MOL,86,46,40,86,ITF,ITF2,14,Molise
2023-11-01,TOS,129,52,77,129,ITI,ITI1,9,Toscana
2023-12-04,FVG,819,401,418,819,ITH,ITH4,6,Friuli-Venezia Giulia
2023-12-05,EMR,4918,2386,2532,4918,ITH,ITH5,8,Emilia-Romagna
2023-11-27,BAS,32,16,16,32,ITF,ITF5,17,Basilicata
2023-11-05,PIE,68,26,42,68,ITC,ITC1,1,Piemonte
2023-10-18,MAR,369,205,164,369,ITI,ITI3,11,Marche
2023-11-12,SIC,3,1,2,3,ITG,ITG1,19,Sicilia
2023-11-23,LIG,1206,626,580,1206,ITC,ITC3,7,Liguria
2023-11-13,CAM,331,176,155,331,ITF,ITF3,15,Campania
2023-11-09,LAZ,2276,1072,1204,2276,ITI,ITI4,12,Lazio
2023-10-27,VEN,1659,771,888,1659,ITH,ITH3,5,Veneto
2023-11-02,LIG,780,389,391,780,ITC,ITC3,7,Liguria
2023-10-10,LOM,582,257,325,582,ITC,ITC4,3,Lombardia
2023-11-18,SIC,7,2,5,7,ITG,ITG1,19,Sicilia
2023-12-05,VDA,72,37,35,72,ITC,ITC2,2,Valle d'Aosta / Vallée d'Aoste
2023-11-30,MOL,81,42,39,81,ITF,ITF2,14,Molise
2023-11-02,CAL,41,15,26,41,ITF,ITF6,18,Calabria
2023-10-22,PAB,3,2,1,3,ITH,ITH1,4,Provincia Autonoma Bolzano / Bozen
2023-11-05,CAM,6,3,3,6,ITF,ITF3,15,Campania
2023-11-19,CAM,14,5,9,14,ITF,ITF3,15,Campania
2023-09-27,EMR,1,1,0,1,ITH,ITH5,8,Emilia-Romagna
2023-10-28,MOL,42,12,30,42,ITF,ITF2,14,Molise
2023-09-30,TOS,1,1,0,1,ITI,ITI1,9,Toscana
2023-12-02,MAR,1,1,0,1,ITI,ITI3,11,Marche
2023-12-03,LOM,657,320,337,657,ITC,ITC4,3,Lombardia
2023-10-13,PIE,202,112,90,202,ITC,ITC1,1,Piemonte
2023-11-26,EMR,339,170,169,339,ITH,ITH5,8,Emilia-Romagna
2023-11-07,EMR,6257,2909,3348,6257,ITH,ITH5,8,Emilia-Romagna
2023-11-22,PAB,513,252,261,513,ITH,ITH1,4,Provincia Autonoma Bolzano / Bozen
2023-11-08,TOS,6436,2941,3495,6436,ITI,ITI1,9,Toscana
2023-10-16,FVG,121,64,57,121,ITH,ITH4,6,Friuli-Venezia Giulia
2023-10-11,LAZ,160,90,70,160,ITI,ITI4,12,Lazio
2023-11-25,CAM,180,92,88,180,ITF,ITF3,15,Campania
2023-11-09,MOL,78,25,53,78,ITF,ITF2,14,Molise
2023-12-05,PUG,1746,893,853,1746,ITF,ITF4,16,Puglia
2023-11-03,LIG,669,344,325,669,ITC,ITC3,7,Liguria
2023-10-26,TOS,4657,2172,2485,4657,ITI,ITI1,9,Toscana
2023-12-05,CAL,372,207,165,372,ITF,ITF6,18,Calabria
2023-11-24,SIC,210,107,103,210,ITG,ITG1,19,Sicilia
2023-11-18,VEN,1631,799,832,1631,ITH,ITH3,5,Veneto
2023-11-09,UMB,704,336,368,704,ITI,ITI2,10,Umbria
2023-11-27,PIE,2286,1058,1228,2286,ITC,ITC1,1,Piemonte
2023-10-30,LIG,400,205,195,400,ITC,ITC3,7,Liguria
2023-10-13,PAB,232,121,111,232,ITH,ITH1,4,Provincia Autonoma Bolzano / Bozen
2023-11-22,SAR,754,383,371,754,ITG,ITG2,20,Sardegna
2023-10-29,EMR,328,169,159,328,ITH,ITH5,8,Emilia-Romagna
2023-10-27,TOS,4044,1916,2128,4044,ITI,ITI1,9,Toscana
2023-10-02,LAZ,17,7,10,17,ITI,ITI4,12,Lazio
2023-10-25,PIE,1798,815,983,1798,ITC,ITC1,1,Piemonte
2023-11-18,EMR,2117,1030,1087,2117,ITH,ITH5,8,Emilia-Romagna
2023-11-29,BAS,81,41,40,81,ITF,ITF5,17,Basilicata
2023-11-22,UMB,640,309,331,640,ITI,ITI2,10,Umbria
2023-11-17,LAZ,2506,1216,1290,2506,ITI,ITI4,12,Lazio
2023-11-27,PUG,1143,589,554,1143,ITF,ITF4,16,Puglia
2023-10-20,LIG,84,33,51,84,ITC,ITC3,7,Liguria
2023-10-20,PAB,302,152,150,302,ITH,ITH1,4,Provincia Autonoma Bolzano / Bozen
2023-11-22,VEN,3309,1509,1800,3309,ITH,ITH3,5,Veneto
2023-10-18,PUG,444,240,204,444,ITF,ITF4,16,Puglia
2023-10-29,LOM,640,314,326,640,ITC,ITC4,3,Lombardia
2023-10-29,VEN,35,19,16,35,ITH,ITH3,5,Veneto
2023-11-27,PAT,70,22,48,70,ITH,ITH2,4,Provincia Autonoma Trento
2023-10-25,CAM,301,178,123,301,ITF,ITF3,15,Campania
2023-10-28,LIG,102,40,62,102,ITC,ITC3,7,Liguria
2023-11-21,PAB,553,278,275,553,ITH,ITH1,4,Provincia Autonoma Bolzano / Bozen
2023-12-01,SIC,323,164,159,323,ITG,ITG1,19,Sicilia
2023-11-24,LAZ,2060,993,1067,2060,ITI,ITI4,12,Lazio
2023-11-04,VEN,1456,726,730,1456,ITH,ITH3,5,Veneto
2023-11-26,LOM,1045,515,530,1045,ITC,ITC4,3,Lombardia
2023-10-12,EMR,55,24,31,55,ITH,ITH5,8,Emilia-Romagna
2023-10-30,PAB,185,83,102,185,ITH,ITH1,4,Provincia Autonoma Bolzano / Bozen
2023-11-22,EMR,5930,2900,3030,5930,ITH,ITH5,8,Emilia-Romagna
2023-10-07,PIE,47,24,23,47,ITC,ITC1,1,Piemonte
2023-11-28,TOS,4402,2027,2375,4402,ITI,ITI1,9,Toscana
2023-11-04,UMB,175,82,93,175,ITI,ITI2,10,Umbria
2023-11-15,MOL,78,44,34,78,ITF,ITF2,14,Molise
2023-11-08,VDA,206,103,103,206,ITC,ITC2,2,Valle d'Aosta / Vallée d'Aoste
2023-11-19,FVG,46,19,27,46,ITH,ITH4,6,Friuli-Venezia Giulia
2023-10-09,PUG,14,7,7,14,ITF,ITF4,16,Puglia
2023-10-05,CAM,40,24,16,40,ITF,ITF3,15,Campania
2023-11-11,PAB,36,17,19,36,ITH,ITH1,4,Provincia Autonoma Bolzano / Bozen
2023-12-06,MAR,8,3,5,8,ITI,ITI3,11,Marche
2023-10-11,MAR,4,2,2,4,ITI,ITI3,11,Marche
2023-10-18,TOS,1079,521,558,1079,ITI,ITI1,9,Toscana
2023-11-24,PAB,190,98,92,190,ITH,ITH1,4,Provincia Autonoma Bolzano / Bozen
2023-11-24,LIG,560,275,285,560,ITC,ITC3,7,Liguria
2023-10-30,UMB,315,156,159,315,ITI,ITI2,10,Umbria
2023-10-19,VDA,113,59,54,113,ITC,ITC2,2,Valle d'Aosta / Vallée d'Aoste
2023-11-17,FVG,1346,660,686,1346,ITH,ITH4,6,Friuli-Venezia Giulia
2023-11-18,LOM,6283,2974,3309,6283,ITC,ITC4,3,Lombardia
2023-11-19,TOS,206,90,116,206,ITI,ITI1,9,Toscana
2023-10-12,TOS,804,360,444,804,ITI,ITI1,9,Toscana
2023-11-03,CAL,52,26,26,52,ITF,ITF6,18,Calabria
2023-10-11,LOM,451,173,278,451,ITC,ITC4,3,Lombardia
2023-12-05,PAB,361,172,189,361,ITH,ITH1,4,Provincia Autonoma Bolzano / Bozen
2023-10-13,CAL,6,4,2,6,ITF,ITF6,18,Calabria
2023-11-07,PIE,2559,1199,1360,2559,ITC,ITC1,1,Piemonte
2023-11-09,LOM,10176,4778,5398,10176,ITC,ITC4,3,Lombardia
2023-10-18,PIE,419,219,200,419,ITC,ITC1,1,Piemonte
2023-10-26,PAT,607,293,314,607,ITH,ITH2,4,Provincia Autonoma Trento
2023-11-06,PIE,1620,806,814,1620,ITC,ITC1,1,Piemonte
2023-10-24,PAT,593,268,325,593,ITH,ITH2,4,Provincia Autonoma Trento
2023-11-11,VDA,81,33,48,81,ITC,ITC2,2,Valle d'Aosta / Vallée d'Aoste
2023-10-12,PAB,565,292,273,565,ITH,ITH1,4,Provincia Autonoma Bolzano / Bozen
2023-10-19,MAR,357,171,186,357,ITI,ITI3,11,Marche
2023-11-27,UMB,353,185,168,353,ITI,ITI2,10,Umbria
2023-10-26,SIC,51,26,25,51,ITG,ITG1,19,Sicilia
2023-10-17,SAR,129,64,65,129,ITG,ITG2,20,Sardegna
2023-10-19,CAM,298,169,129,298,ITF,ITF3,15,Campania
2023-11-21,UMB,600,283,317,600,ITI,ITI2,10,Umbria
2023-10-27,LOM,9068,4309,4759,9068,ITC,ITC4,3,Lombardia
2023-10-26,PUG,1333,663,670,1333,ITF,ITF4,16,Puglia
2023-11-21,SAR,499,243,256,499,ITG,ITG2,20,Sardegna
2023-11-27,SAR,539,274,265,539,ITG,ITG2,20,Sardegna
2023-11-09,VEN,2190,1013,1177,2190,ITH,ITH3,5,Veneto
2023-11-04,VDA,109,57,52,109,ITC,ITC2,2,Valle d'Aosta / Vallée d'Aoste
2023-10-10,LAZ,199,113,86,199,ITI,ITI4,12,Lazio
2023-11-24,CAM,361,203,158,361,ITF,ITF3,15,Campania
2023-11-13,VEN,1712,814,898,1712,ITH,ITH3,5,Veneto
2023-11-12,EMR,799,381,418,799,ITH,ITH5,8,Emilia-Romagna
2023-11-23,CAL,114,67,47,114,ITF,ITF6,18,Calabria
2023-11-26,CAM,19,10,9,19,ITF,ITF3,15,Campania
2023-10-13,MAR,100,55,45,100,ITI,ITI3,11,Marche
2023-11-02,UMB,417,218,199,417,ITI,ITI2,10,Umbria
2023-11-28,LAZ,3061,1514,1547,3061,ITI,ITI4,12,Lazio
2023-10-20,EMR,2211,1075,1136,2211,ITH,ITH5,8,Emilia-Romagna
2023-12-04,SIC,367,196,171,367,ITG,ITG1,19,Sicilia
2023-11-16,EMR,6531,3102,3429,6531,ITH,ITH5,8,Emilia-Romagna
2023-11-28,FVG,1255,608,647,1255,ITH,ITH4,6,Friuli-Venezia Giulia
2023-11-05,VEN,49,30,19,49,ITH,ITH3,5,Veneto
2023-11-01,MAR,34,12,22,34,ITI,ITI3,11,Marche
2023-10-14,PAB,21,7,14,21,ITH,ITH1,4,Provincia Autonoma Bolzano / Bozen
2023-12-03,PUG,67,36,31,67,ITF,ITF4,16,Puglia
2023-11-10,UMB,675,315,360,675,ITI,ITI2,10,Umbria
2023-11-15,TOS,6206,2860,3346,6206,ITI,ITI1,9,Toscana
2023-11-23,SAR,605,326,279,605,ITG,ITG2,20,Sardegna
2023-10-10,FVG,48,25,23,48,ITH,ITH4,6,Friuli-Venezia Giulia
2023-10-20,LAZ,740,371,369,740,ITI,ITI4,12,Lazio
2023-12-06,MOL,159,79,80,159,ITF,ITF2,14,Molise
2023-11-11,PIE,1881,936,945,1881,ITC,ITC1,1,Piemonte
2023-11-15,EMR,6674,3176,3498,6674,ITH,ITH5,8,Emilia-Romagna
2023-11-04,PIE,1379,677,702,1379,ITC,ITC1,1,Piemonte
2023-10-16,PAB,150,72,78,150,ITH,ITH1,4,Provincia Autonoma Bolzano / Bozen
2023-11-20,CAM,441,257,184,441,ITF,ITF3,15,Campania
2023-10-17,MAR,231,109,122,231,ITI,ITI3,11,Marche
2023-11-02,LAZ,1355,642,713,1355,ITI,ITI4,12,Lazio
2023-12-03,PAT,9,6,3,9,ITH,ITH2,4,Provincia Autonoma Trento
2023-10-03,CAM,29,18,11,29,ITF,ITF3,15,Campania
2023-10-02,CAM,4,3,1,4,ITF,ITF3,15,Campania
2023-11-06,BAS,5,3,2,5,ITF,ITF5,17,Basilicata
2023-10-11,VEN,1,0,1,1,ITH,ITH3,5,Veneto
2023-11-01,VDA,1,0,1,1,ITC,ITC2,2,Valle d'Aosta / Vallée d'Aoste
2023-10-20,TOS,2175,1054,1121,2175,ITI,ITI1,9,Toscana
2023-11-07,PUG,1263,624,639,1263,ITF,ITF4,16,Puglia
2023-11-28,MOL,38,21,17,38,ITF,ITF2,14,Molise
2023-11-27,TOS,3650,1727,1923,3650,ITI,ITI1,9,Toscana
2023-11-08,CAM,407,228,179,407,ITF,ITF3,15,Campania
2023-10-17,SIC,17,9,8,17,ITG,ITG1,19,Sicilia
2023-12-05,UMB,599,308,291,599,ITI,ITI2,10,Umbria
2023-12-07,VDA,44,20,24,44,ITC,ITC2,2,Valle d'Aosta / Vallée d'Aoste
2023-11-02,TOS,3739,1824,1915,3739,ITI,ITI1,9,Toscana
2023-10-25,PUG,1112,547,565,1112,ITF,ITF4,16,Puglia
2023-12-05,LAZ,3803,1870,1933,3803,ITI,ITI4,12,Lazio
2023-11-11,LIG,158,69,89,158,ITC,ITC3,7,Liguria
2023-11-07,PAT,562,285,277,562,ITH,ITH2,4,Provincia Autonoma Trento
2023-11-16,UMB,796,384,412,796,ITI,ITI2,10,Umbria
2023-11-09,MAR,1147,533,614,1147,ITI,ITI3,11,Marche
2023-10-05,TOS,421,224,197,421,ITI,ITI1,9,Toscana
2023-11-10,FVG,1103,512,591,1103,ITH,ITH4,6,Friuli-Venezia Giulia
2023-10-17,CAL,7,2,5,7,ITF,ITF6,18,Calabria
2023-11-11,BAS,13,5,8,13,ITF,ITF5,17,Basilicata
2023-10-28,TOS,1250,644,606,1250,ITI,ITI1,9,Toscana
2023-11-27,LAZ,2173,1102,1071,2173,ITI,ITI4,12,Lazio
2023-11-16,TOS,8977,4130,4847,8977,ITI,ITI1,9,Toscana
2023-12-03,EMR,236,108,128,236,ITH,ITH5,8,Emilia-Romagna
2023-11-03,EMR,5425,2594,2831,5425,ITH,ITH5,8,Emilia-Romagna
2023-11-17,PUG,2181,1114,1067,2181,ITF,ITF4,16,Puglia
2023-10-25,PAT,418,196,222,418,ITH,ITH2,4,Provincia Autonoma Trento
2023-11-05,LAZ,64,22,42,64,ITI,ITI4,12,Lazio
2023-10-06,LOM,240,99,141,240,ITC,ITC4,3,Lombardia
2023-10-15,EMR,1,0,1,1,ITH,ITH5,8,Emilia-Romagna
2023-10-16,SAR,125,63,62,125,ITG,ITG2,20,Sardegna
2023-10-23,VDA,138,64,74,138,ITC,ITC2,2,Valle d'Aosta / Vallée d'Aoste
2023-11-17,MOL,44,27,17,44,ITF,ITF2,14,Molise
2023-10-04,PIE,20,14,6,20,ITC,ITC1,1,Piemonte
2023-12-05,SAR,798,403,395,798,ITG,ITG2,20,Sardegna
2023-10-16,LAZ,329,165,164,329,ITI,ITI4,12,Lazio
2023-11-16,PAB,568,267,301,568,ITH,ITH1,4,Provincia Autonoma Bolzano / Bozen
2023-10-19,LOM,6059,2998,3061,6059,ITC,ITC4,3,Lombardia
2023-11-02,FVG,701,350,351,701,ITH,ITH4,6,Friuli-Venezia Giulia
2023-10-28,EMR,1864,897,967,1864,ITH,ITH5,8,Emilia-Romagna
2023-10-18,SIC,21,14,7,21,ITG,ITG1,19,Sicilia
2023-11-07,SAR,168,94,74,168,ITG,ITG2,20,Sardegna
2023-10-18,PAT,245,129,116,245,ITH,ITH2,4,Provincia Autonoma Trento
2023-11-29,EMR,5524,2672,2852,5524,ITH,ITH5,8,Emilia-Romagna
2023-11-18,MAR,34,10,24,34,ITI,ITI3,11,Marche
2023-11-24,FVG,1107,514,593,1107,ITH,ITH4,6,Friuli-Venezia Giulia
2023-11-25,PUG,269,142,127,269,ITF,ITF4,16,Puglia
2023-11-08,LIG,916,445,471,916,ITC,ITC3,7,Liguria
2023-10-03,LIG,30,14,16,30,ITC,ITC3,7,Liguria
2023-11-17,SIC,49,25,24,49,ITG,ITG1,19,Sicilia
2023-10-22,PUG,23,9,14,23,ITF,ITF4,16,Puglia
2023-10-02,FVG,30,18,12,30,ITH,ITH4,6,Friuli-Venezia Giulia
2023-12-06,VEN,3579,1719,1860,3579,ITH,ITH3,5,Veneto
2023-10-24,CAL,45,28,17,45,ITF,ITF6,18,Calabria
2023-12-07,MAR,7,2,5,7,ITI,ITI3,11,Marche
2023-11-19,VEN,91,39,52,91,ITH,ITH3,5,Veneto
2023-11-17,PAT,418,199,219,418,ITH,ITH2,4,Provincia Autonoma Trento
2023-12-01,BAS,106,49,57,106,ITF,ITF5,17,Basilicata
2023-10-31,CAL,36,21,15,36,ITF,ITF6,18,Calabria
2023-11-04,LIG,127,60,67,127,ITC,ITC3,7,Liguria
2023-11-10,LAZ,2505,1202,1303,2505,ITI,ITI4,12,Lazio
2023-10-24,VDA,165,79,86,165,ITC,ITC2,2,Valle d'Aosta / Vallée d'Aoste
2023-11-13,PAT,461,230,231,461,ITH,ITH2,4,Provincia Autonoma Trento
2023-11-24,UMB,862,411,451,862,ITI,ITI2,10,Umbria
2023-12-04,CAL,411,199,212,411,ITF,ITF6,18,Calabria
2023-11-08,MAR,95,35,60,95,ITI,ITI3,11,Marche
2023-10-19,LIG,171,81,90,171,ITC,ITC3,7,Liguria
2023-12-01,PIE,3555,1750,1805,3555,ITC,ITC1,1,Piemonte
2023-11-20,LOM,8407,3968,4439,8407,ITC,ITC4,3,Lombardia
2023-11-14,EMR,5712,2723,2989,5712,ITH,ITH5,8,Emilia-Romagna
2023-11-13,PUG,1240,604,636,1240,ITF,ITF4,16,Puglia
2023-11-26,FVG,42,17,25,42,ITH,ITH4,6,Friuli-Venezia Giulia
2023-10-09,CAM,59,36,23,59,ITF,ITF3,15,Campania
2023-11-19,PUG,31,15,16,31,ITF,ITF4,16,Puglia
2023-10-03,LOM,167,75,92,167,ITC,ITC4,3,Lombardia
2023-11-12,CAM,12,5,7,12,ITF,ITF3,15,Campania
2023-10-01,MAR,1,1,0,1,ITI,ITI3,11,Marche
2023-10-12,UMB,6,3,3,6,ITI,ITI2,10,Umbria
2023-10-13,LIG,56,18,38,56,ITC,ITC3,7,Liguria
2023-10-28,PAB,7,2,5,7,ITH,ITH1,4,Provincia Autonoma Bolzano / Bozen
2023-10-29,CAM,2,0,2,2,ITF,ITF3,15,Campania
2023-10-22,PAT,1,0,1,1,ITH,ITH2,4,Provincia Autonoma Trento
2023-10-14,UMB,6,3,3,6,ITI,ITI2,10,Umbria
2023-11-19,SIC,1,1,0,1,ITG,ITG1,19,Sicilia
2023-09-26,EMR,2,2,0,2,ITH,ITH5,8,Emilia-Romagna
2023-09-29,SAR,1,1,0,1,ITG,ITG2,20,Sardegna
2023-12-01,VEN,3285,1632,1653,3285,ITH,ITH3,5,Veneto
2023-10-17,LOM,4959,2585,2374,4959,ITC,ITC4,3,Lombardia
2023-11-12,VEN,26,13,13,26,ITH,ITH3,5,Veneto
2023-10-13,LAZ,248,119,129,248,ITI,ITI4,12,Lazio
2023-12-03,PIE,22,12,10,22,ITC,ITC1,1,Piemonte
2023-11-18,PIE,1254,637,617,1254,ITC,ITC1,1,Piemonte
2023-10-24,CAM,354,199,155,354,ITF,ITF3,15,Campania
2023-11-13,EMR,3846,1850,1996,3846,ITH,ITH5,8,Emilia-Romagna
2023-11-02,MAR,622,305,317,622,ITI,ITI3,11,Marche
2023-11-12,UMB,127,73,54,127,ITI,ITI2,10,Umbria
2023-10-31,FVG,1065,503,562,1065,ITH,ITH4,6,Friuli-Venezia Giulia
2023-10-12,SAR,48,27,21,48,ITG,ITG2,20,Sardegna
2023-11-16,SIC,85,46,39,85,ITG,ITG1,19,Sicilia
2023-11-10,LOM,9835,4578,5257,9835,ITC,ITC4,3,Lombardia
2023-11-19,EMR,261,116,145,261,ITH,ITH5,8,Emilia-Romagna
2023-11-30,PAT,680,344,336,680,ITH,ITH2,4,Provincia Autonoma Trento
2023-12-06,PAB,408,214,194,408,ITH,ITH1,4,Provincia Autonoma Bolzano / Bozen
2023-11-08,BAS,30,22,8,30,ITF,ITF5,17,Basilicata
2023-11-24,MAR,777,407,370,777,ITI,ITI3,11,Marche
2023-11-05,EMR,193,103,90,193,ITH,ITH5,8,Emilia-Romagna
2023-10-24,PIE,1281,628,653,1281,ITC,ITC1,1,Piemonte
2023-11-23,LOM,8810,4113,4697,8810,ITC,ITC4,3,Lombardia
2023-10-26,CAM,402,225,177,402,ITF,ITF3,15,Campania
2023-11-30,PUG,1995,949,1046,1995,ITF,ITF4,16,Puglia
2023-10-23,LIG,290,145,145,290,ITC,ITC3,7,Liguria
2023-11-29,FVG,1324,630,694,1324,ITH,ITH4,6,Friuli-Venezia Giulia
2023-11-09,PAB,551,266,285,551,ITH,ITH1,4,Provincia Autonoma Bolzano / Bozen
2023-12-02,LAZ,1392,681,711,1392,ITI,ITI4,12,Lazio
2023-11-02,VDA,158,70,88,158,ITC,ITC2,2,Valle d'Aosta / Vallée d'Aoste
2023-11-19,LOM,491,235,256,491,ITC,ITC4,3,Lombardia
2023-10-12,LOM,563,245,318,563,ITC,ITC4,3,Lombardia
2023-10-16,PAT,226,76,150,226,ITH,ITH2,4,Provincia Autonoma Trento
2023-10-09,SAR,66,32,34,66,ITG,ITG2,20,Sardegna
2023-12-06,UMB,962,487,475,962,ITI,ITI2,10,Umbria
2023-11-09,TOS,8123,3846,4277,8123,ITI,ITI1,9,Toscana
2023-11-22,CAM,547,301,246,547,ITF,ITF3,15,Campania
2023-11-09,PIE,2923,1410,1513,2923,ITC,ITC1,1,Piemonte
2023-11-23,EMR,6105,2940,3165,6105,ITH,ITH5,8,Emilia-Romagna
2023-12-01,PUG,2015,1002,1013,2015,ITF,ITF4,16,Puglia
2023-11-28,CAM,511,265,246,511,ITF,ITF3,15,Campania
2023-11-04,LAZ,726,371,355,726,ITI,ITI4,12,Lazio
2023-11-11,LAZ,990,492,498,990,ITI,ITI4,12,Lazio
2023-10-24,LIG,893,364,529,893,ITC,ITC3,7,Liguria
2023-11-06,PAT,425,207,218,425,ITH,ITH2,4,Provincia Autonoma Trento
2023-10-27,SIC,57,33,24,57,ITG,ITG1,19,Sicilia
2023-11-27,MOL,56,30,26,56,ITF,ITF2,14,Molise
2023-10-28,PUG,382,201,181,382,ITF,ITF4,16,Puglia
2023-12-01,PAT,686,355,331,686,ITH,ITH2,4,Provincia Autonoma Trento
2023-11-07,LOM,10394,4806,5588,10394,ITC,ITC4,3,Lombardia
2023-10-17,EMR,1201,585,616,1201,ITH,ITH5,8,Emilia-Romagna
2023-12-06,LIG,1554,747,807,1554,ITC,ITC3,7,Liguria
2023-10-20,SAR,120,59,61,120,ITG,ITG2,20,Sardegna
2023-11-20,MAR,576,308,268,576,ITI,ITI3,11,Marche
2023-11-01,EMR,236,92,144,236,ITH,ITH5,8,Emilia-Romagna
2023-10-28,PAT,47,16,31,47,ITH,ITH2,4,Provincia Autonoma Trento
2023-10-29,PUG,62,39,23,62,ITF,ITF4,16,Puglia
2023-12-01,SAR,839,425,414,839,ITG,ITG2,20,Sardegna
2023-11-15,VDA,152,84,68,152,ITC,ITC2,2,Valle d'Aosta / Vallée d'Aoste
2023-11-13,LOM,8568,4019,4549,8568,ITC,ITC4,3,Lombardia
2023-10-23,FVG,332,166,166,332,ITH,ITH4,6,Friuli-Venezia Giulia
2023-10-23,PAB,216,99,117,216,ITH,ITH1,4,Provincia Autonoma Bolzano / Bozen
2023-10-09,PAB,80,39,41,80,ITH,ITH1,4,Provincia Autonoma Bolzano / Bozen
2023-10-29,PIE,22,10,12,22,ITC,ITC1,1,Piemonte
2023-11-10,VDA,160,73,87,160,ITC,ITC2,2,Valle d'Aosta / Vallée d'Aoste
2023-10-30,MOL,25,12,13,25,ITF,ITF2,14,Molise
2023-10-10,MAR,5,3,2,5,ITI,ITI3,11,Marche
2023-11-12,PAB,2,2,0,2,ITH,ITH1,4,Provincia Autonoma Bolzano / Bozen
2023-10-12,VEN,1,1,0,1,ITH,ITH3,5,Veneto
2023-10-03,VEN,1,1,0,1,ITH,ITH3,5,Veneto
2023-11-23,TOS,8036,3797,4239,8036,ITI,ITI1,9,Toscana
2023-11-06,TOS,3912,1889,2023,3912,ITI,ITI1,9,Toscana
2023-11-29,CAM,628,344,284,628,ITF,ITF3,15,Campania
2023-11-01,UMB,15,8,7,15,ITI,ITI2,10,Umbria
2023-10-06,LIG,61,21,40,61,ITC,ITC3,7,Liguria
2023-11-20,UMB,369,183,186,369,ITI,ITI2,10,Umbria
2023-10-24,LAZ,1004,517,487,1004,ITI,ITI4,12,Lazio
2023-11-20,MOL,91,54,37,91,ITF,ITF2,14,Molise
2023-11-07,CAL,114,68,46,114,ITF,ITF6,18,Calabria
2023-11-20,SAR,401,207,194,401,ITG,ITG2,20,Sardegna
2023-11-15,PAB,567,284,283,567,ITH,ITH1,4,Provincia Autonoma Bolzano / Bozen
2023-11-30,TOS,7190,3377,3813,7190,ITI,ITI1,9,Toscana
2023-11-14,FVG,1417,717,700,1417,ITH,ITH4,6,Friuli-Venezia Giulia
2023-11-20,VEN,2192,1099,1093,2192,ITH,ITH3,5,Veneto
2023-10-24,SIC,77,43,34,77,ITG,ITG1,19,Sicilia
2023-11-10,TOS,6739,3189,3550,6739,ITI,ITI1,9,Toscana
2023-11-07,VEN,1864,820,1044,1864,ITH,ITH3,5,Veneto
2023-10-13,LOM,520,203,317,520,ITC,ITC4,3,Lombardia
2023-11-04,EMR,2863,1397,1466,2863,ITH,ITH5,8,Emilia-Romagna
2023-11-03,MAR,829,429,400,829,ITI,ITI3,11,Marche
2023-11-17,MAR,39,20,19,39,ITI,ITI3,11,Marche
2023-11-10,PUG,1887,993,894,1887,ITF,ITF4,16,Puglia
2023-11-15,UMB,878,449,429,878,ITI,ITI2,10,Umbria
2023-12-06,LAZ,4269,2048,2221,4269,ITI,ITI4,12,Lazio
2023-12-01,MOL,126,74,52,126,ITF,ITF2,14,Molise
2023-10-19,TOS,2346,1116,1230,2346,ITI,ITI1,9,Toscana
2023-11-02,PAT,514,259,255,514,ITH,ITH2,4,Provincia Autonoma Trento
2023-10-18,VDA,145,69,76,145,ITC,ITC2,2,Valle d'Aosta / Vallée d'Aoste
2023-10-16,PIE,189,110,79,189,ITC,ITC1,1,Piemonte
2023-11-17,VDA,162,74,88,162,ITC,ITC2,2,Valle d'Aosta / Vallée d'Aoste
2023-11-04,LOM,5642,2713,2929,5642,ITC,ITC4,3,Lombardia
2023-12-05,FVG,1005,466,539,1005,ITH,ITH4,6,Friuli-Venezia Giulia
2023-11-10,PAT,588,270,318,588,ITH,ITH2,4,Provincia Autonoma Trento
2023-10-20,MOL,35,13,22,35,ITF,ITF2,14,Molise
2023-11-26,VEN,7,4,3,7,ITH,ITH3,5,Veneto
2023-11-15,LIG,1036,523,513,1036,ITC,ITC3,7,Liguria
2023-12-07,EMR,2989,1420,1569,2989,ITH,ITH5,8,Emilia-Romagna
2023-12-07,SAR,898,475,423,898,ITG,ITG2,20,Sardegna
2023-12-07,VEN,2759,1363,1396,2759,ITH,ITH3,5,Veneto
2023-11-16,LIG,1027,515,512,1027,ITC,ITC3,7,Liguria
2023-10-27,LIG,607,256,351,607,ITC,ITC3,7,Liguria
2023-11-25,BAS,64,29,35,64,ITF,ITF5,17,Basilicata
2023-10-09,TOS,490,257,233,490,ITI,ITI1,9,Toscana
2023-10-23,SIC,34,19,15,34,ITG,ITG1,19,Sicilia
2023-11-01,LIG,81,9,72,81,ITC,ITC3,7,Liguria
2023-10-22,PIE,8,3,5,8,ITC,ITC1,1,Piemonte
2023-11-26,UMB,10,3,7,10,ITI,ITI2,10,Umbria
2023-11-22,MOL,94,56,38,94,ITF,ITF2,14,Molise
2023-11-23,LAZ,2202,1112,1090,2202,ITI,ITI4,12,Lazio
2023-10-31,TOS,2437,1095,1342,2437,ITI,ITI1,9,Toscana
2023-10-16,PUG,282,145,137,282,ITF,ITF4,16,Puglia
2023-10-03,TOS,132,64,68,132,ITI,ITI1,9,Toscana
2023-11-26,PAB,1,1,0,1,ITH,ITH1,4,Provincia Autonoma Bolzano / Bozen
2023-10-16,CAL,17,11,6,17,ITF,ITF6,18,Calabria
2023-12-04,VDA,14,5,9,14,ITC,ITC2,2,Valle d'Aosta / Vallée d'Aoste
2023-09-29,VDA,6,2,4,6,ITC,ITC2,2,Valle d'Aosta / Vallée d'Aoste
2023-10-15,PAB,8,4,4,8,ITH,ITH1,4,Provincia Autonoma Bolzano / Bozen
2023-10-22,CAM,3,1,2,3,ITF,ITF3,15,Campania
2023-10-23,MOL,37,14,23,37,ITF,ITF2,14,Molise
2023-10-25,MAR,530,265,265,530,ITI,ITI3,11,Marche
2023-11-13,SAR,354,183,171,354,ITG,ITG2,20,Sardegna
2023-11-03,SIC,55,28,27,55,ITG,ITG1,19,Sicilia
2023-11-13,MAR,471,226,245,471,ITI,ITI3,11,Marche
2023-11-03,PAT,357,173,184,357,ITH,ITH2,4,Provincia Autonoma Trento
2023-12-03,SIC,144,75,69,144,ITG,ITG1,19,Sicilia
2023-11-30,MAR,11,8,3,11,ITI,ITI3,11,Marche
2023-11-05,PAB,6,2,4,6,ITH,ITH1,4,Provincia Autonoma Bolzano / Bozen
2023-11-09,SAR,303,160,143,303,ITG,ITG2,20,Sardegna
2023-10-21,PUG,221,101,120,221,ITF,ITF4,16,Puglia
2023-11-04,CAM,89,50,39,89,ITF,ITF3,15,Campania
2023-10-06,VDA,18,10,8,18,ITC,ITC2,2,Valle d'Aosta / Vallée d'Aoste
2023-11-24,BAS,59,31,28,59,ITF,ITF5,17,Basilicata
2023-11-21,VEN,2893,1393,1500,2893,ITH,ITH3,5,Veneto
2023-10-17,VEN,159,60,99,159,ITH,ITH3,5,Veneto
2023-11-03,PUG,1604,828,776,1604,ITF,ITF4,16,Puglia
2023-11-23,MAR,47,19,28,47,ITI,ITI3,11,Marche
2023-10-13,CAM,127,61,66,127,ITF,ITF3,15,Campania
2023-11-11,EMR,3336,1617,1719,3336,ITH,ITH5,8,Emilia-Romagna
2023-11-27,VEN,2311,1086,1225,2311,ITH,ITH3,5,Veneto
2023-11-09,CAL,121,64,57,121,ITF,ITF6,18,Calabria
2023-10-26,FVG,850,422,428,850,ITH,ITH4,6,Friuli-Venezia Giulia
2023-12-01,TOS,5585,2599,2986,5585,ITI,ITI1,9,Toscana
2023-11-29,CAL,185,109,76,185,ITF,ITF6,18,Calabria
2023-10-05,FVG,29,11,18,29,ITH,ITH4,6,Friuli-Venezia Giulia
2023-12-01,EMR,5114,2410,2704,5114,ITH,ITH5,8,Emilia-Romagna
2023-12-04,LAZ,2622,1243,1379,2622,ITI,ITI4,12,Lazio
2023-11-22,TOS,6212,2867,3345,6212,ITI,ITI1,9,Toscana
2023-10-11,SAR,89,42,47,89,ITG,ITG2,20,Sardegna
2023-10-12,PIE,105,50,55,105,ITC,ITC1,1,Piemonte
2023-11-05,TOS,186,97,89,186,ITI,ITI1,9,Toscana
2023-11-21,LAZ,2236,1111,1125,2236,ITI,ITI4,12,Lazio
2023-11-08,LOM,11347,5201,6146,11347,ITC,ITC4,3,Lombardia
2023-10-01,LOM,2772,1464,1308,2772,ITC,ITC4,3,Lombardia
2023-11-02,PIE,1548,750,798,1548,ITC,ITC1,1,Piemonte
2023-11-23,SIC,246,136,110,246,ITG,ITG1,19,Sicilia
2023-12-01,PAB,263,133,130,263,ITH,ITH1,4,Provincia Autonoma Bolzano / Bozen
2023-12-02,CAM,157,89,68,157,ITF,ITF3,15,Campania
2023-10-31,VDA,152,75,77,152,ITC,ITC2,2,Valle d'Aosta / Vallée d'Aoste
2023-10-18,PAB,625,301,324,625,ITH,ITH1,4,Provincia Autonoma Bolzano / Bozen
2023-11-10,BAS,12,6,6,12,ITF,ITF5,17,Basilicata
2023-11-22,LAZ,2209,1055,1154,2209,ITI,ITI4,12,Lazio
2023-11-10,PIE,3354,1623,1731,3354,ITC,ITC1,1,Piemonte
2023-11-13,TOS,3852,1799,2053,3852,ITI,ITI1,9,Toscana
2023-11-26,PIE,56,27,29,56,ITC,ITC1,1,Piemonte
2023-10-31,CAM,123,56,67,123,ITF,ITF3,15,Campania
2023-11-23,VEN,3141,1587,1554,3141,ITH,ITH3,5,Veneto
2023-11-12,LOM,1022,487,535,1022,ITC,ITC4,3,Lombardia
2023-11-18,CAL,34,21,13,34,ITF,ITF6,18,Calabria
2023-10-21,VEN,49,21,28,49,ITH,ITH3,5,Veneto
2023-11-14,VDA,105,49,56,105,ITC,ITC2,2,Valle d'Aosta / Vallée d'Aoste
2023-11-05,UMB,137,72,65,137,ITI,ITI2,10,Umbria
2023-10-21,PAT,65,35,30,65,ITH,ITH2,4,Provincia Autonoma Trento
2023-11-29,LIG,1352,648,704,1352,ITC,ITC3,7,Liguria
2023-10-31,MAR,600,293,307,600,ITI,ITI3,11,Marche
2023-11-06,CAM,335,195,140,335,ITF,ITF3,15,Campania
2023-10-24,MAR,569,297,272,569,ITI,ITI3,11,Marche
2023-12-05,TOS,4084,1888,2196,4084,ITI,ITI1,9,Toscana
2023-10-21,SIC,6,3,3,6,ITG,ITG1,19,Sicilia
2023-12-02,VDA,6,3,3,6,ITC,ITC2,2,Valle d'Aosta / Vallée d'Aoste
2023-11-01,VEN,6,2,4,6,ITH,ITH3,5,Veneto
2023-11-25,MAR,5,1,4,5,ITI,ITI3,11,Marche
2023-11-20,BAS,5,1,4,5,ITF,ITF5,17,Basilicata
2023-11-26,VDA,3,0,3,3,ITC,ITC2,2,Valle d'Aosta / Vallée d'Aoste
2023-12-03,CAL,3,2,1,3,ITF,ITF6,18,Calabria
2023-11-26,BAS,3,2,1,3,ITF,ITF5,17,Basilicata
2023-11-30,SAR,930,476,454,930,ITG,ITG2,20,Sardegna
2023-12-04,SAR,755,378,377,755,ITG,ITG2,20,Sardegna
2023-11-20,VDA,40,19,21,40,ITC,ITC2,2,Valle d'Aosta / Vallée d'Aoste
2023-11-25,TOS,1893,897,996,1893,ITI,ITI1,9,Toscana
2023-10-17,VDA,63,29,34,63,ITC,ITC2,2,Valle d'Aosta / Vallée d'Aoste
2023-11-05,PUG,22,13,9,22,ITF,ITF4,16,Puglia
2023-11-08,VEN,2242,1076,1166,2242,ITH,ITH3,5,Veneto
2023-10-28,LOM,5973,2955,3018,5973,ITC,ITC4,3,Lombardia
2023-11-02,SAR,171,93,78,171,ITG,ITG2,20,Sardegna
2023-11-12,TOS,189,87,102,189,ITI,ITI1,9,Toscana
2023-11-28,BAS,145,87,58,145,ITF,ITF5,17,Basilicata
2023-10-28,CAM,77,42,35,77,ITF,ITF3,15,Campania
2023-11-24,CAL,135,87,48,135,ITF,ITF6,18,Calabria
2023-12-07,MOL,145,71,74,145,ITF,ITF2,14,Molise
2023-10-10,PUG,82,33,49,82,ITF,ITF4,16,Puglia
2023-11-30,VDA,81,39,42,81,ITC,ITC2,2,Valle d'Aosta / Vallée d'Aoste
2023-12-02,CAL,92,54,38,92,ITF,ITF6,18,Calabria
2023-10-25,EMR,4280,2031,2249,4280,ITH,ITH5,8,Emilia-Romagna
2023-11-25,UMB,222,97,125,222,ITI,ITI2,10,Umbria
2023-11-27,LOM,309,91,218,309,ITC,ITC4,3,Lombardia
2023-10-13,VEN,98,29,69,98,ITH,ITH3,5,Veneto
2023-10-13,SAR,111,56,55,111,ITG,ITG2,20,Sardegna
2023-11-20,PAB,130,59,71,130,ITH,ITH1,4,Provincia Autonoma Bolzano / Bozen
2023-12-07,LIG,985,498,487,985,ITC,ITC3,7,Liguria
2023-11-07,BAS,30,20,10,30,ITF,ITF5,17,Basilicata
2023-10-28,VDA,86,42,44,86,ITC,ITC2,2,Valle d'Aosta / Vallée d'Aoste
2023-10-25,UMB,39,34,5,39,ITI,ITI2,10,Umbria
2023-10-14,MAR,49,21,28,49,ITI,ITI3,11,Marche
2023-10-18,CAL,12,9,3,12,ITF,ITF6,18,Calabria
2023-11-25,PAB,5,1,4,5,ITH,ITH1,4,Provincia Autonoma Bolzano / Bozen
2023-12-02,PAT,2,0,2,2,ITH,ITH2,4,Provincia Autonoma Trento
2023-10-07,LOM,4,2,2,4,ITC,ITC4,3,Lombardia
2023-10-15,LIG,1,0,1,1,ITC,ITC3,7,Liguria
2023-10-05,EMR,1,0,1,1,ITH,ITH5,8,Emilia-Romagna
2023-12-01,FVG,943,460,483,943,ITH,ITH4,6,Friuli-Venezia Giulia
2023-11-14,LAZ,2248,1089,1159,2248,ITI,ITI4,12,Lazio
2023-12-05,LIG,1784,860,924,1784,ITC,ITC3,7,Liguria
2023-10-04,LOM,287,138,149,287,ITC,ITC4,3,Lombardia
2023-11-29,TOS,6153,2894,3259,6153,ITI,ITI1,9,Toscana
2023-10-19,SIC,38,24,14,38,ITG,ITG1,19,Sicilia
2023-11-21,FVG,1146,554,592,1146,ITH,ITH4,6,Friuli-Venezia Giulia
2023-10-23,SAR,128,69,59,128,ITG,ITG2,20,Sardegna
2023-10-13,VDA,77,35,42,77,ITC,ITC2,2,Valle d'Aosta / Vallée d'Aoste
2023-11-22,PIE,3011,1417,1594,3011,ITC,ITC1,1,Piemonte
2023-10-12,CAM,232,130,102,232,ITF,ITF3,15,Campania
2023-11-15,PUG,2016,996,1020,2016,ITF,ITF4,16,Puglia
2023-10-11,PAB,474,257,217,474,ITH,ITH1,4,Provincia Autonoma Bolzano / Bozen
2023-11-15,CAM,427,243,184,427,ITF,ITF3,15,Campania
2023-10-22,LAZ,42,21,21,42,ITI,ITI4,12,Lazio
2023-11-24,LOM,10758,5019,5739,10758,ITC,ITC4,3,Lombardia
2023-11-28,SAR,553,265,288,553,ITG,ITG2,20,Sardegna
2023-10-07,TOS,241,137,104,241,ITI,ITI1,9,Toscana
2023-11-09,CAM,407,227,180,407,ITF,ITF3,15,Campania
2023-12-06,CAL,288,169,119,288,ITF,ITF6,18,Calabria
2023-11-15,PAT,532,273,259,532,ITH,ITH2,4,Provincia Autonoma Trento
2023-11-16,CAM,490,261,229,490,ITF,ITF3,15,Campania
2023-10-31,SAR,183,81,102,183,ITG,ITG2,20,Sardegna
2023-10-16,LIG,141,43,98,141,ITC,ITC3,7,Liguria
2023-11-21,LOM,9263,4300,4963,9263,ITC,ITC4,3,Lombardia
2023-12-06,PIE,2843,1348,1495,2843,ITC,ITC1,1,Piemonte
2023-10-26,EMR,4214,2002,2212,4214,ITH,ITH5,8,Emilia-Romagna
2023-10-04,FVG,43,24,19,43,ITH,ITH4,6,Friuli-Venezia Giulia
2023-10-20,PUG,757,394,363,757,ITF,ITF4,16,Puglia
2023-11-17,PIE,3081,1490,1591,3081,ITC,ITC1,1,Piemonte
2023-11-16,BAS,37,17,20,37,ITF,ITF5,17,Basilicata
2023-10-29,LAZ,26,11,15,26,ITI,ITI4,12,Lazio
2023-10-21,FVG,100,43,57,100,ITH,ITH4,6,Friuli-Venezia Giulia
2023-10-09,MAR,6,1,5,6,ITI,ITI3,11,Marche
2023-11-30,UMB,789,391,398,789,ITI,ITI2,10,Umbria
2023-11-26,TOS,122,61,61,122,ITI,ITI1,9,Toscana
2023-11-23,UMB,795,387,408,795,ITI,ITI2,10,Umbria
2023-10-17,FVG,396,203,193,396,ITH,ITH4,6,Friuli-Venezia Giulia
2023-11-21,CAL,327,188,139,327,ITF,ITF6,18,Calabria
2023-10-27,UMB,390,193,197,390,ITI,ITI2,10,Umbria
2023-10-20,PAT,344,159,185,344,ITH,ITH2,4,Provincia Autonoma Trento
2023-12-01,CAL,143,84,59,143,ITF,ITF6,18,Calabria
2023-10-24,PAB,678,333,345,678,ITH,ITH1,4,Provincia Autonoma Bolzano / Bozen
2023-10-09,MOL,10,6,4,10,ITF,ITF2,14,Molise
2023-10-19,VEN,207,84,123,207,ITH,ITH3,5,Veneto
2023-12-04,PAB,103,51,52,103,ITH,ITH1,4,Provincia Autonoma Bolzano / Bozen
2023-10-23,LOM,7492,3724,3768,7492,ITC,ITC4,3,Lombardia
2023-11-11,FVG,818,383,435,818,ITH,ITH4,6,Friuli-Venezia Giulia
2023-11-11,CAL,45,22,23,45,ITF,ITF6,18,Calabria
2023-10-06,PIE,31,18,13,31,ITC,ITC1,1,Piemonte
2023-10-11,LIG,53,14,39,53,ITC,ITC3,7,Liguria
2023-11-03,PIE,2431,1208,1223,2431,ITC,ITC1,1,Piemonte
2023-11-20,PUG,1136,583,553,1136,ITF,ITF4,16,Puglia
2023-11-17,SAR,491,242,249,491,ITG,ITG2,20,Sardegna
2023-10-02,LOM,145,63,82,145,ITC,ITC4,3,Lombardia
2023-10-30,LOM,8249,3955,4294,8249,ITC,ITC4,3,Lombardia
2023-11-08,MOL,91,54,37,91,ITF,ITF2,14,Molise
2023-10-18,MOL,27,14,13,27,ITF,ITF2,14,Molise
2023-10-05,LAZ,47,24,23,47,ITI,ITI4,12,Lazio
2023-11-26,PUG,22,11,11,22,ITF,ITF4,16,Puglia
2023-10-14,LOM,7,3,4,7,ITC,ITC4,3,Lombardia
2023-12-03,TOS,28,9,19,28,ITI,ITI1,9,Toscana
2023-11-19,MAR,6,1,5,6,ITI,ITI3,11,Marche
2023-09-28,TOS,1,0,1,1,ITI,ITI1,9,Toscana
2023-11-04,FVG,158,75,83,158,ITH,ITH4,6,Friuli-Venezia Giulia
2023-10-17,PAT,213,69,144,213,ITH,ITH2,4,Provincia Autonoma Trento
2023-12-04,MAR,538,264,274,538,ITI,ITI3,11,Marche
2023-11-16,PIE,2986,1409,1577,2986,ITC,ITC1,1,Piemonte
2023-10-19,CAL,23,12,11,23,ITF,ITF6,18,Calabria
2023-12-05,SIC,439,226,213,439,ITG,ITG1,19,Sicilia
2023-11-15,BAS,28,15,13,28,ITF,ITF5,17,Basilicata
2023-10-17,PUG,262,148,114,262,ITF,ITF4,16,Puglia
2023-12-06,SAR,677,356,321,677,ITG,ITG2,20,Sardegna
2023-11-20,EMR,3763,1796,1967,3763,ITH,ITH5,8,Emilia-Romagna
2023-10-09,PIE,85,35,50,85,ITC,ITC1,1,Piemonte
2023-10-11,CAM,174,95,79,174,ITF,ITF3,15,Campania
2023-10-27,EMR,4813,2292,2521,4813,ITH,ITH5,8,Emilia-Romagna
2023-11-01,LOM,1247,550,697,1247,ITC,ITC4,3,Lombardia
2023-12-04,MOL,131,73,58,131,ITF,ITF2,14,Molise
2023-11-12,PIE,54,26,28,54,ITC,ITC1,1,Piemonte
2023-11-11,LOM,5937,2837,3100,5937,ITC,ITC4,3,Lombardia
2023-12-05,VEN,3470,1718,1752,3470,ITH,ITH3,5,Veneto
2023-11-07,SIC,87,49,38,87,ITG,ITG1,19,Sicilia
2023-10-16,VEN,152,72,80,152,ITH,ITH3,5,Veneto
2023-10-25,CAL,24,14,10,24,ITF,ITF6,18,Calabria
2023-10-27,PAB,352,171,181,352,ITH,ITH1,4,Provincia Autonoma Bolzano / Bozen
2023-11-23,PUG,1778,865,913,1778,ITF,ITF4,16,Puglia
2023-11-19,LAZ,57,32,25,57,ITI,ITI4,12,Lazio
2023-11-30,CAM,656,372,284,656,ITF,ITF3,15,Campania
2023-12-07,CAM,863,484,379,863,ITF,ITF3,15,Campania
2023-10-25,SIC,40,25,15,40,ITG,ITG1,19,Sicilia
2023-10-18,UMB,18,9,9,18,ITI,ITI2,10,Umbria
2023-11-15,PIE,2817,1299,1518,2817,ITC,ITC1,1,Piemonte
2023-10-31,LOM,4643,2117,2526,4643,ITC,ITC4,3,Lombardia
2023-11-06,LIG,480,239,241,480,ITC,ITC3,7,Liguria
2023-10-12,LAZ,144,77,67,144,ITI,ITI4,12,Lazio
2023-11-23,PAT,578,264,314,578,ITH,ITH2,4,Provincia Autonoma Trento
2023-10-24,MOL,36,12,24,36,ITF,ITF2,14,Molise
2023-11-25,CAL,17,8,9,17,ITF,ITF6,18,Calabria
2023-10-04,CAM,30,20,10,30,ITF,ITF3,15,Campania
2023-10-30,EMR,3237,1499,1738,3237,ITH,ITH5,8,Emilia-Romagna
2023-10-31,LIG,1056,479,577,1056,ITC,ITC3,7,Liguria
2023-12-02,LOM,6047,3007,3040,6047,ITC,ITC4,3,Lombardia
2023-11-11,CAM,94,57,37,94,ITF,ITF3,15,Campania
2023-11-07,FVG,1265,603,662,1265,ITH,ITH4,6,Friuli-Venezia Giulia
2023-11-13,SIC,35,21,14,35,ITG,ITG1,19,Sicilia
2023-10-14,LAZ,13,8,5,13,ITI,ITI4,12,Lazio
2023-10-18,LAZ,493,254,239,493,ITI,ITI4,12,Lazio
2023-10-20,PIE,830,420,410,830,ITC,ITC1,1,Piemonte
2023-11-14,LOM,10310,4689,5621,10310,ITC,ITC4,3,Lombardia
2023-11-18,CAM,83,40,43,83,ITF,ITF3,15,Campania
2023-11-13,CAL,92,48,44,92,ITF,ITF6,18,Calabria
2023-10-30,TOS,2468,1164,1304,2468,ITI,ITI1,9,Toscana
2023-11-22,MAR,29,10,19,29,ITI,ITI3,11,Marche
2023-11-30,LIG,1466,712,754,1466,ITC,ITC3,7,Liguria
2023-12-01,UMB,888,434,454,888,ITI,ITI2,10,Umbria
2023-10-06,SAR,50,24,26,50,ITG,ITG2,20,Sardegna
2023-10-28,PIE,880,440,440,880,ITC,ITC1,1,Piemonte
2023-11-21,MAR,634,311,323,634,ITI,ITI3,11,Marche
2023-11-25,SIC,12,7,5,12,ITG,ITG1,19,Sicilia
2023-12-06,VDA,119,61,58,119,ITC,ITC2,2,Valle d'Aosta / Vallée d'Aoste
2023-10-26,MOL,9,4,5,9,ITF,ITF2,14,Molise
2023-10-15,LOM,3,2,1,3,ITC,ITC4,3,Lombardia
2023-10-29,PAB,1,0,1,1,ITH,ITH1,4,Provincia Autonoma Bolzano / Bozen
2023-11-25,LAZ,1274,660,614,1274,ITI,ITI4,12,Lazio
2023-11-07,LAZ,2291,1121,1170,2291,ITI,ITI4,12,Lazio
2023-12-06,CAM,1061,582,479,1061,ITF,ITF3,15,Campania
2023-10-26,LOM,9903,4716,5187,9903,ITC,ITC4,3,Lombardia
2023-10-27,FVG,916,458,458,916,ITH,ITH4,6,Friuli-Venezia Giulia
2023-12-06,PUG,1999,1024,975,1999,ITF,ITF4,16,Puglia
2023-11-29,SIC,198,105,93,198,ITG,ITG1,19,Sicilia
2023-11-30,CAL,309,181,128,309,ITF,ITF6,18,Calabria
2023-10-27,CAL,70,36,34,70,ITF,ITF6,18,Calabria
2023-10-29,TOS,36,15,21,36,ITI,ITI1,9,Toscana
2023-12-02,EMR,1572,746,826,1572,ITH,ITH5,8,Emilia-Romagna
2023-11-16,LOM,10018,4694,5324,10018,ITC,ITC4,3,Lombardia
2023-10-03,SAR,6,1,5,6,ITG,ITG2,20,Sardegna
2023-12-06,PAT,412,188,224,412,ITH,ITH2,4,Provincia Autonoma Trento
2023-10-19,PAB,802,390,412,802,ITH,ITH1,4,Provincia Autonoma Bolzano / Bozen
2023-11-28,PIE,2928,1335,1593,2928,ITC,ITC1,1,Piemonte
2023-11-06,VEN,1483,688,795,1483,ITH,ITH3,5,Veneto
2023-10-24,SAR,191,84,107,191,ITG,ITG2,20,Sardegna
2023-11-01,FVG,23,10,13,23,ITH,ITH4,6,Friuli-Venezia Giulia
2023-12-02,MOL,37,20,17,37,ITF,ITF2,14,Molise
2023-11-18,VDA,80,42,38,80,ITC,ITC2,2,Valle d'Aosta / Vallée d'Aoste
2023-12-04,UMB,354,168,186,354,ITI,ITI2,10,Umbria
2023-11-20,FVG,1105,561,544,1105,ITH,ITH4,6,Friuli-Venezia Giulia
2023-11-13,LAZ,1708,896,812,1708,ITI,ITI4,12,Lazio
2023-10-31,PIE,1538,756,782,1538,ITC,ITC1,1,Piemonte
2023-10-10,PIE,95,51,44,95,ITC,ITC1,1,Piemonte
2023-10-06,CAM,28,15,13,28,ITF,ITF3,15,Campania
2023-11-30,PIE,3234,1548,1686,3234,ITC,ITC1,1,Piemonte
2023-10-25,LAZ,990,492,498,990,ITI,ITI4,12,Lazio
2023-10-23,PIE,790,380,410,790,ITC,ITC1,1,Piemonte
2023-11-06,EMR,3947,1818,2129,3947,ITH,ITH5,8,Emilia-Romagna
2023-10-22,MAR,54,30,24,54,ITI,ITI3,11,Marche
2023-11-24,PIE,3565,1722,1843,3565,ITC,ITC1,1,Piemonte
2023-10-24,LOM,9007,4429,4578,9007,ITC,ITC4,3,Lombardia
2023-10-21,PIE,339,180,159,339,ITC,ITC1,1,Piemonte
2023-10-30,FVG,532,274,258,532,ITH,ITH4,6,Friuli-Venezia Giulia
2023-11-09,VDA,154,73,81,154,ITC,ITC2,2,Valle d'Aosta / Vallée d'Aoste
2023-10-31,MOL,33,13,20,33,ITF,ITF2,14,Molise
2023-11-24,SAR,570,293,277,570,ITG,ITG2,20,Sardegna
2023-11-07,TOS,5201,2426,2775,5201,ITI,ITI1,9,Toscana
2023-11-08,EMR,6894,3241,3653,6894,ITH,ITH5,8,Emilia-Romagna
2023-11-10,SAR,332,159,173,332,ITG,ITG2,20,Sardegna
2023-12-04,LOM,8965,4344,4621,8965,ITC,ITC4,3,Lombardia
2023-10-18,EMR,1499,716,783,1499,ITH,ITH5,8,Emilia-Romagna
2023-11-29,VDA,128,62,66,128,ITC,ITC2,2,Valle d'Aosta / Vallée d'Aoste
2023-10-23,CAL,17,12,5,17,ITF,ITF6,18,Calabria
2023-11-12,PUG,51,30,21,51,ITF,ITF4,16,Puglia
2023-10-14,PIE,43,20,23,43,ITC,ITC1,1,Piemonte
2023-11-14,MOL,31,19,12,31,ITF,ITF2,14,Molise
2023-11-17,BAS,12,8,4,12,ITF,ITF5,17,Basilicata
2023-10-21,CAL,13,9,4,13,ITF,ITF6,18,Calabria
2023-11-23,BAS,44,28,16,44,ITF,ITF5,17,Basilicata
2023-10-12,VDA,12,6,6,12,ITC,ITC2,2,Valle d'Aosta / Vallée d'Aoste
2023-11-29,MAR,16,9,7,16,ITI,ITI3,11,Marche
