data,area,totale,m,f,d,N1,N2,ISTAT,reg
2024-11-25,CAL,137,74,63,137,ITF,ITF6,18,Calabria
2024-11-04,ABR,259,140,119,259,ITF,ITF1,13,Abruzzo
2024-11-25,ABR,157,77,80,157,ITF,ITF1,13,Abruzzo
2024-12-11,TOS,566,273,293,566,ITI,ITI1,9,Toscana
2024-11-17,LOM,497,233,264,497,ITC,ITC4,3,Lombardia
2024-10-26,PUG,49,28,21,49,ITF,ITF4,16,Puglia
2024-10-30,PUG,554,290,264,554,ITF,ITF4,16,Puglia
2024-10-09,LIG,102,54,48,102,ITC,ITC3,7,Liguria
2024-12-20,CAL,18,10,8,18,ITF,ITF6,18,Calabria
2024-11-17,VEN,3,1,2,3,ITH,ITH3,5,Veneto
2024-11-08,SIC,56,35,21,56,ITG,ITG1,19,Sicilia
2024-10-16,TOS,1391,644,747,1391,ITI,ITI1,9,Toscana
2024-12-20,ABR,47,21,26,47,ITF,ITF1,13,Abruzzo
2024-11-07,LIG,905,439,466,905,ITC,ITC3,7,Liguria
2024-11-27,EMR,3108,1449,1659,3108,ITH,ITH5,8,Emilia-Romagna
2024-10-11,LAZ,351,193,158,351,ITI,ITI4,12,Lazio
2024-10-29,TOS,2551,1175,1376,2551,ITI,ITI1,9,Toscana
2024-10-21,PAB,224,124,100,224,ITH,ITH1,4,Provincia Autonoma Bolzano / Bozen
2024-11-24,PUG,10,5,5,10,ITF,ITF4,16,Puglia
2024-10-17,PIE,678,346,332,678,ITC,ITC1,1,Piemonte
2024-10-22,CAM,74,44,30,74,ITF,ITF3,15,Campania
2024-11-25,FVG,540,260,280,540,ITH,ITH4,6,Friuli-Venezia Giulia
2024-11-11,PAB,243,117,126,243,ITH,ITH1,4,Provincia Autonoma Bolzano / Bozen
2024-10-23,CAL,19,12,7,19,ITF,ITF6,18,Calabria
2024-10-18,FVG,225,112,113,225,ITH,ITH4,6,Friuli-Venezia Giulia
2024-11-16,LAZ,420,226,194,420,ITI,ITI4,12,Lazio
2024-11-22,VDA,59,32,27,59,ITC,ITC2,2,Valle d'Aosta / Vallée d'Aoste
2024-11-11,UMB,28,10,18,28,ITI,ITI2,10,Umbria
2024-11-27,VEN,900,426,474,900,ITH,ITH3,5,Veneto
2024-10-11,TOS,701,309,392,701,ITI,ITI1,9,Toscana
2024-11-09,MAR,340,169,171,340,ITI,ITI3,11,Marche
2024-11-10,VDA,1,1,0,1,ITC,ITC2,2,Valle d'Aosta / Vallée d'Aoste
2024-11-29,LOM,3405,1567,1838,3405,ITC,ITC4,3,Lombardia
2024-12-19,CAM,66,35,31,66,ITF,ITF3,15,Campania
2024-10-15,SAR,57,22,35,57,ITG,ITG2,20,Sardegna
2024-10-12,TOS,266,118,148,266,ITI,ITI1,9,Toscana
2024-12-21,EMR,126,55,71,126,ITH,ITH5,8,Emilia-Romagna
2024-09-29,EMR,2,1,1,2,ITH,ITH5,8,Emilia-Romagna
2024-10-23,FVG,467,237,230,467,ITH,ITH4,6,Friuli-Venezia Giulia
2024-12-13,TOS,595,271,324,595,ITI,ITI1,9,Toscana
2024-11-09,TOS,914,440,474,914,ITI,ITI1,9,Toscana
2024-10-03,PAT,25,15,10,25,ITH,ITH2,4,Provincia Autonoma Trento
2024-11-18,MAR,209,108,101,209,ITI,ITI3,11,Marche
2024-12-12,VDA,22,7,15,22,ITC,ITC2,2,Valle d'Aosta / Vallée d'Aoste
2024-11-23,PAT,30,14,16,30,ITH,ITH2,4,Provincia Autonoma Trento
2024-11-28,VEN,970,436,534,970,ITH,ITH3,5,Veneto
2024-11-23,PUG,86,48,38,86,ITF,ITF4,16,Puglia
2024-10-17,SAR,99,45,54,99,ITG,ITG2,20,Sardegna
2024-11-12,VDA,79,47,32,79,ITC,ITC2,2,Valle d'Aosta / Vallée d'Aoste
2024-11-22,FVG,1024,466,558,1024,ITH,ITH4,6,Friuli-Venezia Giulia
2024-11-04,UMB,46,25,21,46,ITI,ITI2,10,Umbria
2024-11-05,PUG,725,394,331,725,ITF,ITF4,16,Puglia
2024-10-07,LOM,1034,507,527,1034,ITC,ITC4,3,Lombardia
2024-11-06,MAR,646,307,339,646,ITI,ITI3,11,Marche
2024-12-09,FVG,238,106,132,238,ITH,ITH4,6,Friuli-Venezia Giulia
2024-11-26,TOS,1442,668,774,1442,ITI,ITI1,9,Toscana
2024-12-17,MAR,72,37,35,72,ITI,ITI3,11,Marche
2024-11-14,LIG,851,380,471,851,ITC,ITC3,7,Liguria
2024-09-24,LOM,62,33,29,62,ITC,ITC4,3,Lombardia
2024-12-20,SAR,1,1,0,1,ITG,ITG2,20,Sardegna
2024-11-11,LIG,415,206,209,415,ITC,ITC3,7,Liguria
2024-12-16,FVG,228,94,134,228,ITH,ITH4,6,Friuli-Venezia Giulia
2024-11-28,EMR,2831,1384,1447,2831,ITH,ITH5,8,Emilia-Romagna
2024-11-28,PUG,674,334,340,674,ITF,ITF4,16,Puglia
2024-10-17,ABR,221,131,90,221,ITF,ITF1,13,Abruzzo
2024-10-19,PAT,54,27,27,54,ITH,ITH2,4,Provincia Autonoma Trento
2024-12-11,LAZ,1039,510,529,1039,ITI,ITI4,12,Lazio
2024-11-26,LAZ,1171,508,663,1171,ITI,ITI4,12,Lazio
2024-11-20,LOM,5611,2482,3129,5611,ITC,ITC4,3,Lombardia
2024-11-13,PUG,775,401,374,775,ITF,ITF4,16,Puglia
2024-10-25,SIC,34,17,17,34,ITG,ITG1,19,Sicilia
2024-11-13,PAT,434,218,216,434,ITH,ITH2,4,Provincia Autonoma Trento
2024-12-18,LOM,1195,455,740,1195,ITC,ITC4,3,Lombardia
2024-10-30,PAT,141,52,89,141,ITH,ITH2,4,Provincia Autonoma Trento
2024-12-20,LOM,916,394,522,916,ITC,ITC4,3,Lombardia
2024-11-20,FVG,621,303,318,621,ITH,ITH4,6,Friuli-Venezia Giulia
2024-11-02,PUG,29,12,17,29,ITF,ITF4,16,Puglia
2024-12-06,LOM,1958,819,1139,1958,ITC,ITC4,3,Lombardia
2024-11-02,TOS,192,96,96,192,ITI,ITI1,9,Toscana
2024-11-21,FVG,843,414,429,843,ITH,ITH4,6,Friuli-Venezia Giulia
2024-10-28,LAZ,646,320,326,646,ITI,ITI4,12,Lazio
2024-10-14,LIG,238,128,110,238,ITC,ITC3,7,Liguria
2024-12-14,EMR,265,116,149,265,ITH,ITH5,8,Emilia-Romagna
2024-09-27,LIG,19,14,5,19,ITC,ITC3,7,Liguria
2024-10-08,ABR,12,5,7,12,ITF,ITF1,13,Abruzzo
2024-12-25,EMR,2,0,2,2,ITH,ITH5,8,Emilia-Romagna
2024-11-10,SIC,1,0,1,1,ITG,ITG1,19,Sicilia
2024-10-04,VDA,3,2,1,3,ITC,ITC2,2,Valle d'Aosta / Vallée d'Aoste
2024-10-19,PUG,53,20,33,53,ITF,ITF4,16,Puglia
2024-10-03,PUG,14,9,5,14,ITF,ITF4,16,Puglia
2024-10-03,CAM,7,6,1,7,ITF,ITF3,15,Campania
2024-10-24,VDA,118,61,57,118,ITC,ITC2,2,Valle d'Aosta / Vallée d'Aoste
2024-12-09,VDA,4,1,3,4,ITC,ITC2,2,Valle d'Aosta / Vallée d'Aoste
2024-11-18,VDA,8,1,7,8,ITC,ITC2,2,Valle d'Aosta / Vallée d'Aoste
2024-12-24,PIE,10,2,8,10,ITC,ITC1,1,Piemonte
2024-09-23,LIG,7,5,2,7,ITC,ITC3,7,Liguria
2024-10-01,SIC,1,0,1,1,ITG,ITG1,19,Sicilia
2024-12-08,ABR,2,1,1,2,ITF,ITF1,13,Abruzzo
2024-11-02,PIE,212,98,114,212,ITC,ITC1,1,Piemonte
2024-11-19,LAZ,590,293,297,590,ITI,ITI4,12,Lazio
2024-11-29,PUG,640,340,300,640,ITF,ITF4,16,Puglia
2024-10-04,TOS,30,11,19,30,ITI,ITI1,9,Toscana
2024-12-05,SAR,24,14,10,24,ITG,ITG2,20,Sardegna
2024-10-31,VEN,1118,478,640,1118,ITH,ITH3,5,Veneto
2024-10-12,LAZ,168,88,80,168,ITI,ITI4,12,Lazio
2024-12-03,PUG,573,303,270,573,ITF,ITF4,16,Puglia
2024-12-20,LIG,105,46,59,105,ITC,ITC3,7,Liguria
2024-11-16,LIG,88,49,39,88,ITC,ITC3,7,Liguria
2024-10-14,SIC,15,7,8,15,ITG,ITG1,19,Sicilia
2024-12-20,PAB,20,11,9,20,ITH,ITH1,4,Provincia Autonoma Bolzano / Bozen
2024-11-08,MOL,27,14,13,27,ITF,ITF2,14,Molise
2024-11-20,TOS,2103,1000,1103,2103,ITI,ITI1,9,Toscana
2024-11-30,ABR,39,20,19,39,ITF,ITF1,13,Abruzzo
2024-11-04,LOM,6650,3155,3495,6650,ITC,ITC4,3,Lombardia
2024-10-25,TOS,2639,1219,1420,2639,ITI,ITI1,9,Toscana
2024-10-07,EMR,545,241,304,545,ITH,ITH5,8,Emilia-Romagna
2024-10-04,FVG,61,25,36,61,ITH,ITH4,6,Friuli-Venezia Giulia
2024-10-22,PUG,402,214,188,402,ITF,ITF4,16,Puglia
2024-12-12,PAT,40,21,19,40,ITH,ITH2,4,Provincia Autonoma Trento
2024-10-18,ABR,71,44,27,71,ITF,ITF1,13,Abruzzo
2024-11-21,PAT,338,153,185,338,ITH,ITH2,4,Provincia Autonoma Trento
2024-10-30,BAS,15,7,8,15,ITF,ITF5,17,Basilicata
2024-11-06,LAZ,1985,999,986,1985,ITI,ITI4,12,Lazio
2024-10-22,PAT,442,194,248,442,ITH,ITH2,4,Provincia Autonoma Trento
2024-12-16,ABR,104,49,55,104,ITF,ITF1,13,Abruzzo
2024-10-26,CAL,12,7,5,12,ITF,ITF6,18,Calabria
2024-11-14,VDA,126,54,72,126,ITC,ITC2,2,Valle d'Aosta / Vallée d'Aoste
2024-10-03,EMR,86,45,41,86,ITH,ITH5,8,Emilia-Romagna
2024-10-20,PIE,6,2,4,6,ITC,ITC1,1,Piemonte
2024-11-23,PIE,676,357,319,676,ITC,ITC1,1,Piemonte
2024-11-19,TOS,1640,764,876,1640,ITI,ITI1,9,Toscana
2024-11-25,LOM,3948,1858,2090,3948,ITC,ITC4,3,Lombardia
2024-11-03,ABR,26,13,13,26,ITF,ITF1,13,Abruzzo
2024-11-04,PAB,221,111,110,221,ITH,ITH1,4,Provincia Autonoma Bolzano / Bozen
2024-11-08,TOS,2867,1393,1474,2867,ITI,ITI1,9,Toscana
2024-10-17,UMB,14,8,6,14,ITI,ITI2,10,Umbria
2024-11-10,TOS,23,16,7,23,ITI,ITI1,9,Toscana
2024-11-07,VDA,154,88,66,154,ITC,ITC2,2,Valle d'Aosta / Vallée d'Aoste
2024-11-05,CAL,51,29,22,51,ITF,ITF6,18,Calabria
2024-12-07,CAM,29,12,17,29,ITF,ITF3,15,Campania
2024-09-25,LIG,27,17,10,27,ITC,ITC3,7,Liguria
2024-12-03,LAZ,784,368,416,784,ITI,ITI4,12,Lazio
2024-10-12,PUG,37,16,21,37,ITF,ITF4,16,Puglia
2024-11-20,CAM,172,99,73,172,ITF,ITF3,15,Campania
2024-11-22,CAM,134,65,69,134,ITF,ITF3,15,Campania
2024-12-19,PAT,81,36,45,81,ITH,ITH2,4,Provincia Autonoma Trento
2024-12-05,ABR,89,49,40,89,ITF,ITF1,13,Abruzzo
2024-12-05,CAL,54,28,26,54,ITF,ITF6,18,Calabria
2024-12-08,EMR,99,42,57,99,ITH,ITH5,8,Emilia-Romagna
2024-10-17,PAB,463,242,221,463,ITH,ITH1,4,Provincia Autonoma Bolzano / Bozen
2024-12-06,CAM,96,47,49,96,ITF,ITF3,15,Campania
2024-12-15,LAZ,12,6,6,12,ITI,ITI4,12,Lazio
2024-10-14,VDA,67,31,36,67,ITC,ITC2,2,Valle d'Aosta / Vallée d'Aoste
2024-11-21,PUG,595,327,268,595,ITF,ITF4,16,Puglia
2024-12-10,PIE,657,317,340,657,ITC,ITC1,1,Piemonte
2024-10-13,EMR,59,21,38,59,ITH,ITH5,8,Emilia-Romagna
2024-12-19,PUG,303,152,151,303,ITF,ITF4,16,Puglia
2024-12-10,ABR,112,55,57,112,ITF,ITF1,13,Abruzzo
2024-12-19,VEN,161,84,77,161,ITH,ITH3,5,Veneto
2024-11-10,PUG,33,16,17,33,ITF,ITF4,16,Puglia
2024-11-14,MAR,711,344,367,711,ITI,ITI3,11,Marche
2024-12-17,LAZ,343,156,187,343,ITI,ITI4,12,Lazio
2024-10-19,FVG,75,31,44,75,ITH,ITH4,6,Friuli-Venezia Giulia
2024-12-10,CAL,41,23,18,41,ITF,ITF6,18,Calabria
2024-11-15,LIG,574,265,309,574,ITC,ITC3,7,Liguria
2024-12-02,PAT,69,30,39,69,ITH,ITH2,4,Provincia Autonoma Trento
2024-12-09,CAM,83,47,36,83,ITF,ITF3,15,Campania
2024-11-19,PUG,864,424,440,864,ITF,ITF4,16,Puglia
2024-10-09,VDA,44,25,19,44,ITC,ITC2,2,Valle d'Aosta / Vallée d'Aoste
2024-10-19,PIE,349,161,188,349,ITC,ITC1,1,Piemonte
2024-10-30,EMR,6088,2855,3233,6088,ITH,ITH5,8,Emilia-Romagna
2024-12-02,PUG,351,184,167,351,ITF,ITF4,16,Puglia
2024-11-15,MAR,286,152,134,286,ITI,ITI3,11,Marche
2024-10-23,LOM,9003,4364,4639,9003,ITC,ITC4,3,Lombardia
2024-12-12,TOS,556,254,302,556,ITI,ITI1,9,Toscana
2024-10-29,PUG,655,354,301,655,ITF,ITF4,16,Puglia
2024-10-07,VEN,102,49,53,102,ITH,ITH3,5,Veneto
2024-11-09,LAZ,774,366,408,774,ITI,ITI4,12,Lazio
2024-10-19,CAL,13,10,3,13,ITF,ITF6,18,Calabria
2024-12-09,PAT,82,30,52,82,ITH,ITH2,4,Provincia Autonoma Trento
2024-11-13,BAS,41,22,19,41,ITF,ITF5,17,Basilicata
2024-11-30,CAL,26,11,15,26,ITF,ITF6,18,Calabria
2024-11-04,EMR,2962,1386,1576,2962,ITH,ITH5,8,Emilia-Romagna
2024-12-05,FVG,471,189,282,471,ITH,ITH4,6,Friuli-Venezia Giulia
2024-10-31,PUG,522,286,236,522,ITF,ITF4,16,Puglia
2024-10-15,LIG,450,252,198,450,ITC,ITC3,7,Liguria
2024-12-23,LIG,189,83,106,189,ITC,ITC3,7,Liguria
2024-11-04,VEN,769,330,439,769,ITH,ITH3,5,Veneto
2024-11-01,TOS,62,28,34,62,ITI,ITI1,9,Toscana
2024-10-29,PAT,338,181,157,338,ITH,ITH2,4,Provincia Autonoma Trento
2024-10-22,VEN,695,300,395,695,ITH,ITH3,5,Veneto
2024-11-05,PIE,1780,807,973,1780,ITC,ITC1,1,Piemonte
2024-10-08,VEN,192,95,97,192,ITH,ITH3,5,Veneto
2024-11-17,EMR,281,132,149,281,ITH,ITH5,8,Emilia-Romagna
2024-10-31,PAT,284,130,154,284,ITH,ITH2,4,Provincia Autonoma Trento
2024-12-08,LOM,79,30,49,79,ITC,ITC4,3,Lombardia
2024-09-26,LIG,7,2,5,7,ITC,ITC3,7,Liguria
2024-11-10,PAT,8,4,4,8,ITH,ITH2,4,Provincia Autonoma Trento
2024-11-07,SIC,10,5,5,10,ITG,ITG1,19,Sicilia
2024-10-02,LIG,86,43,43,86,ITC,ITC3,7,Liguria
2024-10-09,SIC,6,5,1,6,ITG,ITG1,19,Sicilia
2024-11-03,FVG,1,1,0,1,ITH,ITH4,6,Friuli-Venezia Giulia
2024-11-11,SIC,6,3,3,6,ITG,ITG1,19,Sicilia
2024-11-29,MOL,2,2,0,2,ITF,ITF2,14,Molise
2024-10-03,VEN,5,1,4,5,ITH,ITH3,5,Veneto
2024-12-08,VEN,1,0,1,1,ITH,ITH3,5,Veneto
2024-10-13,VEN,1,0,1,1,ITH,ITH3,5,Veneto
2024-11-29,LIG,295,127,168,295,ITC,ITC3,7,Liguria
2024-11-29,PAB,116,58,58,116,ITH,ITH1,4,Provincia Autonoma Bolzano / Bozen
2024-12-20,MOL,2,2,0,2,ITF,ITF2,14,Molise
2024-10-31,LOM,7397,3501,3896,7397,ITC,ITC4,3,Lombardia
2024-12-03,PAB,166,86,80,166,ITH,ITH1,4,Provincia Autonoma Bolzano / Bozen
2024-12-09,EMR,928,449,479,928,ITH,ITH5,8,Emilia-Romagna
2024-11-18,EMR,2603,1226,1377,2603,ITH,ITH5,8,Emilia-Romagna
2024-11-21,VEN,1210,553,657,1210,ITH,ITH3,5,Veneto
2024-12-02,PIE,717,356,361,717,ITC,ITC1,1,Piemonte
2024-11-23,LAZ,406,205,201,406,ITI,ITI4,12,Lazio
2024-12-02,TOS,758,359,399,758,ITI,ITI1,9,Toscana
2024-10-31,LIG,664,340,324,664,ITC,ITC3,7,Liguria
2024-10-25,UMB,39,16,23,39,ITI,ITI2,10,Umbria
2024-12-21,ABR,31,12,19,31,ITF,ITF1,13,Abruzzo
2024-09-23,LOM,17,8,9,17,ITC,ITC4,3,Lombardia
2024-11-15,VDA,94,44,50,94,ITC,ITC2,2,Valle d'Aosta / Vallée d'Aoste
2024-11-22,VEN,1127,513,614,1127,ITH,ITH3,5,Veneto
2024-12-03,TOS,832,388,444,832,ITI,ITI1,9,Toscana
2024-11-22,SAR,153,70,83,153,ITG,ITG2,20,Sardegna
2024-11-13,VEN,1343,630,713,1343,ITH,ITH3,5,Veneto
2024-10-18,LOM,6411,3163,3248,6411,ITC,ITC4,3,Lombardia
2024-10-18,CAL,35,19,16,35,ITF,ITF6,18,Calabria
2024-12-23,LAZ,92,44,48,92,ITI,ITI4,12,Lazio
2024-12-07,MAR,17,7,10,17,ITI,ITI3,11,Marche
2024-12-19,TOS,375,170,205,375,ITI,ITI1,9,Toscana
2024-11-16,PUG,347,191,156,347,ITF,ITF4,16,Puglia
2024-12-15,TOS,4,3,1,4,ITI,ITI1,9,Toscana
2024-10-25,LAZ,1363,678,685,1363,ITI,ITI4,12,Lazio
2024-10-26,ABR,6,2,4,6,ITF,ITF1,13,Abruzzo
2024-10-18,VEN,766,391,375,766,ITH,ITH3,5,Veneto
2024-11-11,MAR,408,188,220,408,ITI,ITI3,11,Marche
2024-12-24,CAM,4,2,2,4,ITF,ITF3,15,Campania
2024-11-26,EMR,3240,1535,1705,3240,ITH,ITH5,8,Emilia-Romagna
2024-12-07,ABR,6,4,2,6,ITF,ITF1,13,Abruzzo
2024-10-29,MAR,437,222,215,437,ITI,ITI3,11,Marche
2024-11-25,PUG,440,223,217,440,ITF,ITF4,16,Puglia
2024-10-09,TOS,279,135,144,279,ITI,ITI1,9,Toscana
2024-12-12,FVG,227,121,106,227,ITH,ITH4,6,Friuli-Venezia Giulia
2024-11-13,SAR,357,201,156,357,ITG,ITG2,20,Sardegna
2024-10-30,VEN,1110,472,638,1110,ITH,ITH3,5,Veneto
2024-12-24,LOM,203,89,114,203,ITC,ITC4,3,Lombardia
2024-09-30,SIC,5,2,3,5,ITG,ITG1,19,Sicilia
2024-09-26,LAZ,9,6,3,9,ITI,ITI4,12,Lazio
2024-11-05,LAZ,1775,832,943,1775,ITI,ITI4,12,Lazio
2024-10-14,EMR,1963,941,1022,1963,ITH,ITH5,8,Emilia-Romagna
2024-11-21,MAR,630,307,323,630,ITI,ITI3,11,Marche
2024-11-03,LOM,224,114,110,224,ITC,ITC4,3,Lombardia
2024-10-19,LAZ,639,324,315,639,ITI,ITI4,12,Lazio
2024-10-15,SIC,20,14,6,20,ITG,ITG1,19,Sicilia
2024-11-23,EMR,967,448,519,967,ITH,ITH5,8,Emilia-Romagna
2024-11-19,LIG,755,366,389,755,ITC,ITC3,7,Liguria
2024-11-25,VEN,552,256,296,552,ITH,ITH3,5,Veneto
2024-10-30,FVG,587,276,311,587,ITH,ITH4,6,Friuli-Venezia Giulia
2024-10-28,VDA,71,28,43,71,ITC,ITC2,2,Valle d'Aosta / Vallée d'Aoste
2024-10-16,FVG,137,60,77,137,ITH,ITH4,6,Friuli-Venezia Giulia
2024-11-25,SAR,126,59,67,126,ITG,ITG2,20,Sardegna
2024-11-13,UMB,77,36,41,77,ITI,ITI2,10,Umbria
2024-10-26,MAR,478,249,229,478,ITI,ITI3,11,Marche
2024-12-04,PIE,683,319,364,683,ITC,ITC1,1,Piemonte
2024-12-03,EMR,1773,831,942,1773,ITH,ITH5,8,Emilia-Romagna
2024-12-18,LIG,293,138,155,293,ITC,ITC3,7,Liguria
2024-10-30,SAR,164,75,89,164,ITG,ITG2,20,Sardegna
2024-11-02,ABR,17,9,8,17,ITF,ITF1,13,Abruzzo
2024-12-18,PAB,11,7,4,11,ITH,ITH1,4,Provincia Autonoma Bolzano / Bozen
2024-12-14,PAT,15,7,8,15,ITH,ITH2,4,Provincia Autonoma Trento
2024-10-23,CAM,74,45,29,74,ITF,ITF3,15,Campania
2024-12-14,PUG,54,28,26,54,ITF,ITF4,16,Puglia
2024-12-21,CAM,23,13,10,23,ITF,ITF3,15,Campania
2024-10-18,SAR,88,43,45,88,ITG,ITG2,20,Sardegna
2024-11-20,EMR,4169,2019,2150,4169,ITH,ITH5,8,Emilia-Romagna
2024-12-10,MAR,189,101,88,189,ITI,ITI3,11,Marche
2024-11-27,MOL,4,3,1,4,ITF,ITF2,14,Molise
2024-12-16,TOS,289,129,160,289,ITI,ITI1,9,Toscana
2024-11-26,ABR,233,120,113,233,ITF,ITF1,13,Abruzzo
2024-11-22,LAZ,1251,592,659,1251,ITI,ITI4,12,Lazio
2024-10-15,LAZ,475,237,238,475,ITI,ITI4,12,Lazio
2024-11-22,SIC,72,32,40,72,ITG,ITG1,19,Sicilia
2024-11-30,MOL,9,3,6,9,ITF,ITF2,14,Molise
2024-11-19,FVG,827,380,447,827,ITH,ITH4,6,Friuli-Venezia Giulia
2024-10-03,TOS,60,12,48,60,ITI,ITI1,9,Toscana
2024-12-16,PIE,373,178,195,373,ITC,ITC1,1,Piemonte
2024-10-23,PIE,1641,770,871,1641,ITC,ITC1,1,Piemonte
2024-10-24,PIE,1556,799,757,1556,ITC,ITC1,1,Piemonte
2024-10-16,PUG,280,154,126,280,ITF,ITF4,16,Puglia
2024-12-24,LIG,20,14,6,20,ITC,ITC3,7,Liguria
2024-10-17,PUG,314,171,143,314,ITF,ITF4,16,Puglia
2024-09-27,LOM,100,52,48,100,ITC,ITC4,3,Lombardia
2024-11-02,MAR,206,100,106,206,ITI,ITI3,11,Marche
2024-09-30,LAZ,30,19,11,30,ITI,ITI4,12,Lazio
2024-10-17,PAT,173,95,78,173,ITH,ITH2,4,Provincia Autonoma Trento
2024-10-16,PAT,349,195,154,349,ITH,ITH2,4,Provincia Autonoma Trento
2024-10-17,CAL,8,6,2,8,ITF,ITF6,18,Calabria
2024-11-24,FVG,5,3,2,5,ITH,ITH4,6,Friuli-Venezia Giulia
2024-12-11,SIC,43,21,22,43,ITG,ITG1,19,Sicilia
2024-10-01,LAZ,10,5,5,10,ITI,ITI4,12,Lazio
2024-09-19,TOS,7,3,4,7,ITI,ITI1,9,Toscana
2024-12-22,ABR,2,1,1,2,ITF,ITF1,13,Abruzzo
2024-11-15,MOL,43,19,24,43,ITF,ITF2,14,Molise
2024-10-12,LIG,10,6,4,10,ITC,ITC3,7,Liguria
2024-12-20,VDA,6,1,5,6,ITC,ITC2,2,Valle d'Aosta / Vallée d'Aoste
2024-12-22,MAR,9,4,5,9,ITI,ITI3,11,Marche
2024-12-01,CAM,4,3,1,4,ITF,ITF3,15,Campania
2024-11-28,MOL,1,0,1,1,ITF,ITF2,14,Molise
2024-10-31,BAS,1,1,0,1,ITF,ITF5,17,Basilicata
2024-09-27,SAR,5,4,1,5,ITG,ITG2,20,Sardegna
2024-11-12,PUG,838,437,401,838,ITF,ITF4,16,Puglia
2024-11-08,PUG,761,378,383,761,ITF,ITF4,16,Puglia
2024-11-04,PAT,284,140,144,284,ITH,ITH2,4,Provincia Autonoma Trento
2024-10-09,PUG,61,41,20,61,ITF,ITF4,16,Puglia
2024-11-12,PAT,433,201,232,433,ITH,ITH2,4,Provincia Autonoma Trento
2024-12-23,VDA,1,0,1,1,ITC,ITC2,2,Valle d'Aosta / Vallée d'Aoste
2024-11-14,SAR,270,138,132,270,ITG,ITG2,20,Sardegna
2024-10-21,MAR,131,74,57,131,ITI,ITI3,11,Marche
2024-12-07,PUG,234,122,112,234,ITF,ITF4,16,Puglia
2024-12-23,CAM,21,11,10,21,ITF,ITF3,15,Campania
2024-10-04,LAZ,63,37,26,63,ITI,ITI4,12,Lazio
2024-12-08,PUG,35,16,19,35,ITF,ITF4,16,Puglia
2024-10-14,PAT,36,19,17,36,ITH,ITH2,4,Provincia Autonoma Trento
2024-12-05,VDA,20,8,12,20,ITC,ITC2,2,Valle d'Aosta / Vallée d'Aoste
2024-12-16,LOM,1050,455,595,1050,ITC,ITC4,3,Lombardia
2024-11-04,PUG,342,182,160,342,ITF,ITF4,16,Puglia
2024-10-14,PUG,161,88,73,161,ITF,ITF4,16,Puglia
2024-11-25,PAB,137,65,72,137,ITH,ITH1,4,Provincia Autonoma Bolzano / Bozen
2024-12-07,PAT,18,7,11,18,ITH,ITH2,4,Provincia Autonoma Trento
2024-11-27,FVG,717,321,396,717,ITH,ITH4,6,Friuli-Venezia Giulia
2024-12-19,EMR,784,376,408,784,ITH,ITH5,8,Emilia-Romagna
2024-12-23,MAR,60,19,41,60,ITI,ITI3,11,Marche
2024-11-25,TOS,1435,694,741,1435,ITI,ITI1,9,Toscana
2024-12-13,PAB,50,26,24,50,ITH,ITH1,4,Provincia Autonoma Bolzano / Bozen
2024-10-08,PUG,29,20,9,29,ITF,ITF4,16,Puglia
2024-10-14,SAR,46,28,18,46,ITG,ITG2,20,Sardegna
2024-11-24,VDA,1,1,0,1,ITC,ITC2,2,Valle d'Aosta / Vallée d'Aoste
2024-11-14,EMR,4879,2318,2561,4879,ITH,ITH5,8,Emilia-Romagna
2024-12-12,LOM,1619,662,957,1619,ITC,ITC4,3,Lombardia
2024-10-16,PIE,452,252,200,452,ITC,ITC1,1,Piemonte
2024-11-19,PIE,1715,803,912,1715,ITC,ITC1,1,Piemonte
2024-11-12,LIG,802,406,396,802,ITC,ITC3,7,Liguria
2024-10-30,LIG,625,330,295,625,ITC,ITC3,7,Liguria
2024-12-05,EMR,1757,838,919,1757,ITH,ITH5,8,Emilia-Romagna
2024-11-29,ABR,124,60,64,124,ITF,ITF1,13,Abruzzo
2024-12-20,PUG,184,99,85,184,ITF,ITF4,16,Puglia
2024-10-30,PAB,13,5,8,13,ITH,ITH1,4,Provincia Autonoma Bolzano / Bozen
2024-12-02,UMB,7,0,7,7,ITI,ITI2,10,Umbria
2024-11-25,MOL,6,3,3,6,ITF,ITF2,14,Molise
2024-11-24,TOS,43,12,31,43,ITI,ITI1,9,Toscana
2024-12-11,MAR,189,81,108,189,ITI,ITI3,11,Marche
2024-11-12,LOM,7542,3586,3956,7542,ITC,ITC4,3,Lombardia
2024-11-19,CAM,173,94,79,173,ITF,ITF3,15,Campania
2024-12-20,PAT,47,24,23,47,ITH,ITH2,4,Provincia Autonoma Trento
2024-12-07,CAL,7,5,2,7,ITF,ITF6,18,Calabria
2024-10-14,LOM,4832,2346,2486,4832,ITC,ITC4,3,Lombardia
2024-11-04,CAL,77,44,33,77,ITF,ITF6,18,Calabria
2024-12-14,PIE,212,117,95,212,ITC,ITC1,1,Piemonte
2024-12-12,LIG,413,182,231,413,ITC,ITC3,7,Liguria
2024-10-12,PIE,52,25,27,52,ITC,ITC1,1,Piemonte
2024-10-02,EMR,15,7,8,15,ITH,ITH5,8,Emilia-Romagna
2024-10-21,ABR,94,52,42,94,ITF,ITF1,13,Abruzzo
2024-11-26,LOM,4335,2017,2318,4335,ITC,ITC4,3,Lombardia
2024-12-18,CAM,91,45,46,91,ITF,ITF3,15,Campania
2024-09-20,FVG,23,12,11,23,ITH,ITH4,6,Friuli-Venezia Giulia
2024-11-13,PAB,424,214,210,424,ITH,ITH1,4,Provincia Autonoma Bolzano / Bozen
2024-11-12,FVG,1055,463,592,1055,ITH,ITH4,6,Friuli-Venezia Giulia
2024-11-24,PIE,42,18,24,42,ITC,ITC1,1,Piemonte
2024-12-07,VEN,61,27,34,61,ITH,ITH3,5,Veneto
2024-12-13,SIC,56,28,28,56,ITG,ITG1,19,Sicilia
2024-11-20,CAL,71,32,39,71,ITF,ITF6,18,Calabria
2024-11-20,PUG,745,372,373,745,ITF,ITF4,16,Puglia
2024-12-06,PUG,498,263,235,498,ITF,ITF4,16,Puglia
2024-10-29,UMB,23,14,9,23,ITI,ITI2,10,Umbria
2024-09-24,LIG,8,4,4,8,ITC,ITC3,7,Liguria
2024-10-04,LOM,671,322,349,671,ITC,ITC4,3,Lombardia
2024-11-20,PAT,376,177,199,376,ITH,ITH2,4,Provincia Autonoma Trento
2024-12-20,MAR,98,52,46,98,ITI,ITI3,11,Marche
2024-10-29,SAR,154,88,66,154,ITG,ITG2,20,Sardegna
2024-10-30,UMB,18,9,9,18,ITI,ITI2,10,Umbria
2024-11-04,LIG,184,89,95,184,ITC,ITC3,7,Liguria
2024-11-27,SIC,54,24,30,54,ITG,ITG1,19,Sicilia
2024-10-29,VEN,995,477,518,995,ITH,ITH3,5,Veneto
2024-11-02,LOM,2041,985,1056,2041,ITC,ITC4,3,Lombardia
2024-11-29,EMR,2143,992,1151,2143,ITH,ITH5,8,Emilia-Romagna
2024-11-17,LAZ,43,22,21,43,ITI,ITI4,12,Lazio
2024-11-09,FVG,458,239,219,458,ITH,ITH4,6,Friuli-Venezia Giulia
2024-11-30,LAZ,242,109,133,242,ITI,ITI4,12,Lazio
2024-12-17,FVG,246,114,132,246,ITH,ITH4,6,Friuli-Venezia Giulia
2024-12-06,PAT,108,33,75,108,ITH,ITH2,4,Provincia Autonoma Trento
2024-12-12,PIE,613,291,322,613,ITC,ITC1,1,Piemonte
2024-12-13,LAZ,567,249,318,567,ITI,ITI4,12,Lazio
2024-11-13,TOS,2576,1226,1350,2576,ITI,ITI1,9,Toscana
2024-10-28,FVG,337,160,177,337,ITH,ITH4,6,Friuli-Venezia Giulia
2024-12-06,VEN,510,198,312,510,ITH,ITH3,5,Veneto
2024-10-21,LOM,8371,4161,4210,8371,ITC,ITC4,3,Lombardia
2024-11-04,CAM,106,61,45,106,ITF,ITF3,15,Campania
2024-10-31,VDA,72,31,41,72,ITC,ITC2,2,Valle d'Aosta / Vallée d'Aoste
2024-11-06,MOL,12,4,8,12,ITF,ITF2,14,Molise
2024-12-14,TOS,68,38,30,68,ITI,ITI1,9,Toscana
2024-10-22,FVG,265,132,133,265,ITH,ITH4,6,Friuli-Venezia Giulia
2024-11-26,CAL,62,30,32,62,ITF,ITF6,18,Calabria
2024-12-06,SAR,4,1,3,4,ITG,ITG2,20,Sardegna
2024-10-11,SIC,11,6,5,11,ITG,ITG1,19,Sicilia
2024-11-09,LOM,5337,2609,2728,5337,ITC,ITC4,3,Lombardia
2024-12-02,EMR,1216,590,626,1216,ITH,ITH5,8,Emilia-Romagna
2024-10-21,EMR,2746,1309,1437,2746,ITH,ITH5,8,Emilia-Romagna
2024-12-07,LOM,582,301,281,582,ITC,ITC4,3,Lombardia
2024-10-13,LOM,194,96,98,194,ITC,ITC4,3,Lombardia
2024-10-04,EMR,102,28,74,102,ITH,ITH5,8,Emilia-Romagna
2024-11-03,VEN,1,0,1,1,ITH,ITH3,5,Veneto
2024-12-18,PIE,485,216,269,485,ITC,ITC1,1,Piemonte
2024-10-19,EMR,1450,702,748,1450,ITH,ITH5,8,Emilia-Romagna
2024-10-22,UMB,18,10,8,18,ITI,ITI2,10,Umbria
2024-10-31,ABR,170,86,84,170,ITF,ITF1,13,Abruzzo
2024-12-12,CAM,57,35,22,57,ITF,ITF3,15,Campania
2024-11-16,MOL,20,11,9,20,ITF,ITF2,14,Molise
2024-12-22,LOM,16,8,8,16,ITC,ITC4,3,Lombardia
2024-10-07,FVG,4,1,3,4,ITH,ITH4,6,Friuli-Venezia Giulia
2024-12-03,UMB,6,4,2,6,ITI,ITI2,10,Umbria
2024-11-03,SAR,13,6,7,13,ITG,ITG2,20,Sardegna
2024-11-17,BAS,8,4,4,8,ITF,ITF5,17,Basilicata
2024-11-23,UMB,1,1,0,1,ITI,ITI2,10,Umbria
2024-10-05,VDA,1,0,1,1,ITC,ITC2,2,Valle d'Aosta / Vallée d'Aoste
2024-12-06,LAZ,885,440,445,885,ITI,ITI4,12,Lazio
2024-11-11,CAM,168,99,69,168,ITF,ITF3,15,Campania
2024-10-24,EMR,5754,2764,2990,5754,ITH,ITH5,8,Emilia-Romagna
2024-10-30,MAR,445,217,228,445,ITI,ITI3,11,Marche
2024-11-18,SAR,212,99,113,212,ITG,ITG2,20,Sardegna
2024-11-08,PAB,366,178,188,366,ITH,ITH1,4,Provincia Autonoma Bolzano / Bozen
2024-12-23,PIE,145,73,72,145,ITC,ITC1,1,Piemonte
2024-10-01,LOM,394,221,173,394,ITC,ITC4,3,Lombardia
2024-10-05,PUG,29,24,5,29,ITF,ITF4,16,Puglia
2024-11-21,SIC,37,20,17,37,ITG,ITG1,19,Sicilia
2024-11-12,MOL,13,10,3,13,ITF,ITF2,14,Molise
2024-10-11,SAR,22,11,11,22,ITG,ITG2,20,Sardegna
2024-12-10,LAZ,647,318,329,647,ITI,ITI4,12,Lazio
2024-12-06,VDA,21,11,10,21,ITC,ITC2,2,Valle d'Aosta / Vallée d'Aoste
2024-10-24,SAR,120,70,50,120,ITG,ITG2,20,Sardegna
2024-10-22,SIC,23,13,10,23,ITG,ITG1,19,Sicilia
2024-10-18,SIC,21,14,7,21,ITG,ITG1,19,Sicilia
2024-10-25,PIE,2372,1176,1196,2372,ITC,ITC1,1,Piemonte
2024-12-15,PIE,61,34,27,61,ITC,ITC1,1,Piemonte
2024-10-09,LOM,1822,858,964,1822,ITC,ITC4,3,Lombardia
2024-12-04,LIG,434,207,227,434,ITC,ITC3,7,Liguria
2024-12-05,LAZ,859,404,455,859,ITI,ITI4,12,Lazio
2024-11-08,VEN,1165,533,632,1165,ITH,ITH3,5,Veneto
2024-11-06,EMR,6152,2933,3219,6152,ITH,ITH5,8,Emilia-Romagna
2024-10-08,TOS,199,83,116,199,ITI,ITI1,9,Toscana
2024-10-21,PUG,306,153,153,306,ITF,ITF4,16,Puglia
2024-12-13,LIG,167,84,83,167,ITC,ITC3,7,Liguria
2024-11-26,SIC,70,38,32,70,ITG,ITG1,19,Sicilia
2024-11-02,FVG,45,22,23,45,ITH,ITH4,6,Friuli-Venezia Giulia
2024-10-08,PAT,17,10,7,17,ITH,ITH2,4,Provincia Autonoma Trento
2024-11-18,PAT,71,35,36,71,ITH,ITH2,4,Provincia Autonoma Trento
2024-11-11,EMR,3085,1459,1626,3085,ITH,ITH5,8,Emilia-Romagna
2024-11-30,LOM,1488,712,776,1488,ITC,ITC4,3,Lombardia
2024-09-26,CAM,1,1,0,1,ITF,ITF3,15,Campania
2024-11-27,UMB,69,40,29,69,ITI,ITI2,10,Umbria
2024-10-16,PAB,410,223,187,410,ITH,ITH1,4,Provincia Autonoma Bolzano / Bozen
2024-12-04,CAL,42,22,20,42,ITF,ITF6,18,Calabria
2024-11-26,VEN,771,346,425,771,ITH,ITH3,5,Veneto
2024-10-09,PAT,53,26,27,53,ITH,ITH2,4,Provincia Autonoma Trento
2024-11-13,PIE,1772,822,950,1772,ITC,ITC1,1,Piemonte
2024-11-28,FVG,766,344,422,766,ITH,ITH4,6,Friuli-Venezia Giulia
2024-12-11,PIE,703,360,343,703,ITC,ITC1,1,Piemonte
2024-12-09,VEN,218,89,129,218,ITH,ITH3,5,Veneto
2024-10-24,PAT,668,263,405,668,ITH,ITH2,4,Provincia Autonoma Trento
2024-11-23,MAR,68,36,32,68,ITI,ITI3,11,Marche
2024-11-27,LIG,603,277,326,603,ITC,ITC3,7,Liguria
2024-11-27,PAB,99,35,64,99,ITH,ITH1,4,Provincia Autonoma Bolzano / Bozen
2024-12-10,LOM,1937,794,1143,1937,ITC,ITC4,3,Lombardia
2024-11-02,SIC,13,9,4,13,ITG,ITG1,19,Sicilia
2024-10-24,PUG,361,186,175,361,ITF,ITF4,16,Puglia
2024-11-26,FVG,482,219,263,482,ITH,ITH4,6,Friuli-Venezia Giulia
2024-10-15,MAR,44,22,22,44,ITI,ITI3,11,Marche
2024-09-27,PIE,10,6,4,10,ITC,ITC1,1,Piemonte
2024-11-25,EMR,2106,969,1137,2106,ITH,ITH5,8,Emilia-Romagna
2024-10-22,EMR,5102,2486,2616,5102,ITH,ITH5,8,Emilia-Romagna
2024-11-30,FVG,203,76,127,203,ITH,ITH4,6,Friuli-Venezia Giulia
2024-12-21,LAZ,37,19,18,37,ITI,ITI4,12,Lazio
2024-11-23,CAL,6,1,5,6,ITF,ITF6,18,Calabria
2024-11-21,EMR,4036,1923,2113,4036,ITH,ITH5,8,Emilia-Romagna
2024-11-07,VEN,1271,600,671,1271,ITH,ITH3,5,Veneto
2024-10-16,LIG,466,258,208,466,ITC,ITC3,7,Liguria
2024-10-15,CAM,65,37,28,65,ITF,ITF3,15,Campania
2024-10-23,LAZ,1715,881,834,1715,ITI,ITI4,12,Lazio
2024-12-02,CAL,63,36,27,63,ITF,ITF6,18,Calabria
2024-10-30,VDA,179,82,97,179,ITC,ITC2,2,Valle d'Aosta / Vallée d'Aoste
2024-11-13,VDA,138,74,64,138,ITC,ITC2,2,Valle d'Aosta / Vallée d'Aoste
2024-11-05,MAR,765,377,388,765,ITI,ITI3,11,Marche
2024-11-18,PUG,510,237,273,510,ITF,ITF4,16,Puglia
2024-12-14,ABR,28,8,20,28,ITF,ITF1,13,Abruzzo
2024-12-07,LAZ,199,94,105,199,ITI,ITI4,12,Lazio
2024-12-03,VEN,512,227,285,512,ITH,ITH3,5,Veneto
2024-12-09,LAZ,563,248,315,563,ITI,ITI4,12,Lazio
2024-12-04,SAR,53,27,26,53,ITG,ITG2,20,Sardegna
2024-11-15,BAS,36,26,10,36,ITF,ITF5,17,Basilicata
2024-12-11,ABR,68,34,34,68,ITF,ITF1,13,Abruzzo
2024-10-18,TOS,1900,919,981,1900,ITI,ITI1,9,Toscana
2024-11-20,VEN,951,464,487,951,ITH,ITH3,5,Veneto
2024-10-10,SAR,41,24,17,41,ITG,ITG2,20,Sardegna
2024-10-29,LIG,796,392,404,796,ITC,ITC3,7,Liguria
2024-10-11,PIE,232,113,119,232,ITC,ITC1,1,Piemonte
2024-10-26,FVG,253,129,124,253,ITH,ITH4,6,Friuli-Venezia Giulia
2024-11-05,VDA,65,29,36,65,ITC,ITC2,2,Valle d'Aosta / Vallée d'Aoste
2024-10-27,LAZ,60,27,33,60,ITI,ITI4,12,Lazio
2024-11-13,ABR,26,11,15,26,ITF,ITF1,13,Abruzzo
2024-11-16,EMR,1920,903,1017,1920,ITH,ITH5,8,Emilia-Romagna
2024-12-05,LOM,2694,1171,1523,2694,ITC,ITC4,3,Lombardia
2024-12-04,SIC,33,18,15,33,ITG,ITG1,19,Sicilia
2024-12-12,PUG,361,182,179,361,ITF,ITF4,16,Puglia
2024-12-16,VEN,144,59,85,144,ITH,ITH3,5,Veneto
2024-10-19,MAR,87,46,41,87,ITI,ITI3,11,Marche
2024-10-04,PUG,21,12,9,21,ITF,ITF4,16,Puglia
2024-11-28,UMB,52,25,27,52,ITI,ITI2,10,Umbria
2024-12-01,PUG,8,3,5,8,ITF,ITF4,16,Puglia
2024-12-18,MOL,3,2,1,3,ITF,ITF2,14,Molise
2024-11-04,MOL,27,11,16,27,ITF,ITF2,14,Molise
2024-10-19,ABR,14,7,7,14,ITF,ITF1,13,Abruzzo
2024-11-24,ABR,7,5,2,7,ITF,ITF1,13,Abruzzo
2024-10-04,PAT,4,3,1,4,ITH,ITH2,4,Provincia Autonoma Trento
2024-10-08,SIC,5,3,2,5,ITG,ITG1,19,Sicilia
2024-11-01,PUG,7,3,4,7,ITF,ITF4,16,Puglia
2024-11-24,MAR,8,4,4,8,ITI,ITI3,11,Marche
2024-10-19,VDA,31,13,18,31,ITC,ITC2,2,Valle d'Aosta / Vallée d'Aoste
2024-09-30,CAM,7,5,2,7,ITF,ITF3,15,Campania
2024-10-01,PIE,5,3,2,5,ITC,ITC1,1,Piemonte
2024-12-15,VEN,1,1,0,1,ITH,ITH3,5,Veneto
2024-11-23,VDA,1,1,0,1,ITC,ITC2,2,Valle d'Aosta / Vallée d'Aoste
2024-09-27,TOS,1,0,1,1,ITI,ITI1,9,Toscana
2024-10-28,SAR,121,58,63,121,ITG,ITG2,20,Sardegna
2024-11-12,PAB,433,205,228,433,ITH,ITH1,4,Provincia Autonoma Bolzano / Bozen
2024-10-21,FVG,258,138,120,258,ITH,ITH4,6,Friuli-Venezia Giulia
2024-10-16,UMB,11,6,5,11,ITI,ITI2,10,Umbria
2024-10-28,EMR,3954,1836,2118,3954,ITH,ITH5,8,Emilia-Romagna
2024-11-28,TOS,1699,780,919,1699,ITI,ITI1,9,Toscana
2024-10-11,EMR,1545,692,853,1545,ITH,ITH5,8,Emilia-Romagna
2024-10-17,TOS,2004,971,1033,2004,ITI,ITI1,9,Toscana
2024-10-26,LIG,82,38,44,82,ITC,ITC3,7,Liguria
2024-09-27,PAT,17,8,9,17,ITH,ITH2,4,Provincia Autonoma Trento
2024-10-30,TOS,2782,1279,1503,2782,ITI,ITI1,9,Toscana
2024-11-09,VEN,2994,1545,1449,2994,ITH,ITH3,5,Veneto
2024-12-03,LOM,2569,1108,1461,2569,ITC,ITC4,3,Lombardia
2024-12-18,LAZ,319,143,176,319,ITI,ITI4,12,Lazio
2024-11-27,LAZ,1459,689,770,1459,ITI,ITI4,12,Lazio
2024-12-23,FVG,88,25,63,88,ITH,ITH4,6,Friuli-Venezia Giulia
2024-11-11,BAS,72,36,36,72,ITF,ITF5,17,Basilicata
2024-12-19,LAZ,315,149,166,315,ITI,ITI4,12,Lazio
2024-10-03,LAZ,29,19,10,29,ITI,ITI4,12,Lazio
2024-10-02,LOM,317,158,159,317,ITC,ITC4,3,Lombardia
2024-10-28,VEN,784,353,431,784,ITH,ITH3,5,Veneto
2024-11-07,ABR,301,157,144,301,ITF,ITF1,13,Abruzzo
2024-10-29,MOL,21,14,7,21,ITF,ITF2,14,Molise
2024-10-25,EMR,5081,2408,2673,5081,ITH,ITH5,8,Emilia-Romagna
2024-11-29,FVG,776,364,412,776,ITH,ITH4,6,Friuli-Venezia Giulia
2024-11-14,UMB,56,32,24,56,ITI,ITI2,10,Umbria
2024-11-26,PAB,269,125,144,269,ITH,ITH1,4,Provincia Autonoma Bolzano / Bozen
2024-12-16,LAZ,235,109,126,235,ITI,ITI4,12,Lazio
2024-11-12,UMB,26,11,15,26,ITI,ITI2,10,Umbria
2024-10-13,TOS,47,16,31,47,ITI,ITI1,9,Toscana
2024-12-03,ABR,150,78,72,150,ITF,ITF1,13,Abruzzo
2024-12-17,ABR,73,36,37,73,ITF,ITF1,13,Abruzzo
2024-12-11,MOL,4,2,2,4,ITF,ITF2,14,Molise
2024-12-18,VDA,17,6,11,17,ITC,ITC2,2,Valle d'Aosta / Vallée d'Aoste
2024-11-20,LAZ,1519,740,779,1519,ITI,ITI4,12,Lazio
2024-12-06,MAR,119,63,56,119,ITI,ITI3,11,Marche
2024-10-23,LIG,571,306,265,571,ITC,ITC3,7,Liguria
2024-12-14,FVG,51,20,31,51,ITH,ITH4,6,Friuli-Venezia Giulia
2024-12-04,MAR,129,62,67,129,ITI,ITI3,11,Marche
2024-10-21,CAL,20,14,6,20,ITF,ITF6,18,Calabria
2024-10-25,CAL,27,15,12,27,ITF,ITF6,18,Calabria
2024-11-03,LAZ,9,3,6,9,ITI,ITI4,12,Lazio
2024-10-28,PIE,1223,591,632,1223,ITC,ITC1,1,Piemonte
2024-12-11,PAB,12,7,5,12,ITH,ITH1,4,Provincia Autonoma Bolzano / Bozen
2024-10-19,LIG,94,43,51,94,ITC,ITC3,7,Liguria
2024-12-15,LOM,102,53,49,102,ITC,ITC4,3,Lombardia
2024-11-11,PIE,1339,640,699,1339,ITC,ITC1,1,Piemonte
2024-12-06,TOS,841,395,446,841,ITI,ITI1,9,Toscana
2024-11-16,LOM,4480,2162,2318,4480,ITC,ITC4,3,Lombardia
2024-12-11,VEN,370,160,210,370,ITH,ITH3,5,Veneto
2024-10-22,LAZ,1227,639,588,1227,ITI,ITI4,12,Lazio
2024-11-15,FVG,860,443,417,860,ITH,ITH4,6,Friuli-Venezia Giulia
2024-10-29,SIC,41,24,17,41,ITG,ITG1,19,Sicilia
2024-12-11,SAR,32,16,16,32,ITG,ITG2,20,Sardegna
2024-11-07,CAM,163,92,71,163,ITF,ITF3,15,Campania
2024-10-10,PUG,115,72,43,115,ITF,ITF4,16,Puglia
2024-11-09,MOL,28,16,12,28,ITF,ITF2,14,Molise
2024-12-20,TOS,285,136,149,285,ITI,ITI1,9,Toscana
2024-12-10,SIC,50,25,25,50,ITG,ITG1,19,Sicilia
2024-10-09,EMR,1246,614,632,1246,ITH,ITH5,8,Emilia-Romagna
2024-10-24,PAB,637,336,301,637,ITH,ITH1,4,Provincia Autonoma Bolzano / Bozen
2024-11-06,ABR,248,130,118,248,ITF,ITF1,13,Abruzzo
2024-10-10,CAM,18,10,8,18,ITF,ITF3,15,Campania
2024-12-09,MAR,68,27,41,68,ITI,ITI3,11,Marche
2024-11-06,LOM,8740,4136,4604,8740,ITC,ITC4,3,Lombardia
2024-11-08,EMR,5937,2827,3110,5937,ITH,ITH5,8,Emilia-Romagna
2024-11-08,UMB,43,19,24,43,ITI,ITI2,10,Umbria
2024-12-02,SIC,21,14,7,21,ITG,ITG1,19,Sicilia
2024-10-10,PIE,90,50,40,90,ITC,ITC1,1,Piemonte
2024-11-29,LAZ,1048,494,554,1048,ITI,ITI4,12,Lazio
2024-10-23,MAR,526,273,253,526,ITI,ITI3,11,Marche
2024-11-22,LIG,398,191,207,398,ITC,ITC3,7,Liguria
2024-11-08,SAR,289,160,129,289,ITG,ITG2,20,Sardegna
2024-12-13,UMB,14,7,7,14,ITI,ITI2,10,Umbria
2024-12-21,FVG,3,1,2,3,ITH,ITH4,6,Friuli-Venezia Giulia
2024-12-05,LIG,512,247,265,512,ITC,ITC3,7,Liguria
2024-10-25,VEN,1061,499,562,1061,ITH,ITH3,5,Veneto
2024-12-23,LOM,220,89,131,220,ITC,ITC4,3,Lombardia
2024-11-13,MAR,632,309,323,632,ITI,ITI3,11,Marche
2024-10-28,PAB,218,89,129,218,ITH,ITH1,4,Provincia Autonoma Bolzano / Bozen
2024-11-05,TOS,2388,1079,1309,2388,ITI,ITI1,9,Toscana
2024-11-20,VDA,103,44,59,103,ITC,ITC2,2,Valle d'Aosta / Vallée d'Aoste
2024-11-18,PAB,235,110,125,235,ITH,ITH1,4,Provincia Autonoma Bolzano / Bozen
2024-11-18,VEN,646,290,356,646,ITH,ITH3,5,Veneto
2024-11-16,VEN,758,383,375,758,ITH,ITH3,5,Veneto
2024-10-11,VEN,346,186,160,346,ITH,ITH3,5,Veneto
2024-10-20,TOS,44,18,26,44,ITI,ITI1,9,Toscana
2024-10-09,VEN,254,130,124,254,ITH,ITH3,5,Veneto
2024-10-24,VEN,937,414,523,937,ITH,ITH3,5,Veneto
2024-11-07,PIE,2267,1083,1184,2267,ITC,ITC1,1,Piemonte
2024-10-07,TOS,178,88,90,178,ITI,ITI1,9,Toscana
2024-10-04,MOL,6,4,2,6,ITF,ITF2,14,Molise
2024-12-11,LIG,331,136,195,331,ITC,ITC3,7,Liguria
2024-12-05,SIC,16,11,5,16,ITG,ITG1,19,Sicilia
2024-12-13,MOL,4,2,2,4,ITF,ITF2,14,Molise
2024-12-09,LIG,217,107,110,217,ITC,ITC3,7,Liguria
2024-11-22,PAB,236,113,123,236,ITH,ITH1,4,Provincia Autonoma Bolzano / Bozen
2024-11-15,CAL,46,24,22,46,ITF,ITF6,18,Calabria
2024-10-24,UMB,56,28,28,56,ITI,ITI2,10,Umbria
2024-11-08,LOM,7820,3729,4091,7820,ITC,ITC4,3,Lombardia
2024-10-25,LOM,8509,4067,4442,8509,ITC,ITC4,3,Lombardia
2024-10-19,TOS,558,265,293,558,ITI,ITI1,9,Toscana
2024-12-17,PIE,527,231,296,527,ITC,ITC1,1,Piemonte
2024-11-15,CAM,114,64,50,114,ITF,ITF3,15,Campania
2024-12-18,FVG,141,65,76,141,ITH,ITH4,6,Friuli-Venezia Giulia
2024-09-30,LIG,59,33,26,59,ITC,ITC3,7,Liguria
2024-10-09,SAR,19,10,9,19,ITG,ITG2,20,Sardegna
2024-12-08,TOS,14,7,7,14,ITI,ITI1,9,Toscana
2024-10-10,PAT,8,4,4,8,ITH,ITH2,4,Provincia Autonoma Trento
2024-12-11,UMB,40,21,19,40,ITI,ITI2,10,Umbria
2024-10-11,MOL,6,2,4,6,ITF,ITF2,14,Molise
2024-12-04,PAB,33,17,16,33,ITH,ITH1,4,Provincia Autonoma Bolzano / Bozen
2024-10-14,MOL,6,2,4,6,ITF,ITF2,14,Molise
2024-11-26,MOL,5,3,2,5,ITF,ITF2,14,Molise
2024-11-14,BAS,35,18,17,35,ITF,ITF5,17,Basilicata
2024-11-16,SAR,2,1,1,2,ITG,ITG2,20,Sardegna
2024-11-18,UMB,12,7,5,12,ITI,ITI2,10,Umbria
2024-11-03,MAR,1,1,0,1,ITI,ITI3,11,Marche
2024-11-01,PAB,1,0,1,1,ITH,ITH1,4,Provincia Autonoma Bolzano / Bozen
2024-10-11,UMB,2,1,1,2,ITI,ITI2,10,Umbria
2024-09-23,PUG,5,1,4,5,ITF,ITF4,16,Puglia
2024-10-22,PAB,462,246,216,462,ITH,ITH1,4,Provincia Autonoma Bolzano / Bozen
2024-10-21,TOS,1526,714,812,1526,ITI,ITI1,9,Toscana
2024-10-22,LIG,700,357,343,700,ITC,ITC3,7,Liguria
2024-11-11,FVG,741,339,402,741,ITH,ITH4,6,Friuli-Venezia Giulia
2024-11-04,SIC,10,5,5,10,ITG,ITG1,19,Sicilia
2024-12-14,VDA,5,0,5,5,ITC,ITC2,2,Valle d'Aosta / Vallée d'Aoste
2024-11-16,BAS,24,13,11,24,ITF,ITF5,17,Basilicata
2024-11-01,EMR,258,115,143,258,ITH,ITH5,8,Emilia-Romagna
2024-11-08,ABR,186,89,97,186,ITF,ITF1,13,Abruzzo
2024-12-11,CAM,94,49,45,94,ITF,ITF3,15,Campania
2024-11-08,PAT,543,267,276,543,ITH,ITH2,4,Provincia Autonoma Trento
2024-11-25,SIC,27,11,16,27,ITG,ITG1,19,Sicilia
2024-10-01,PAT,11,4,7,11,ITH,ITH2,4,Provincia Autonoma Trento
2024-09-21,LAZ,1,0,1,1,ITI,ITI4,12,Lazio
2024-10-09,BAS,7,5,2,7,ITF,ITF5,17,Basilicata
2024-12-17,LOM,1218,476,742,1218,ITC,ITC4,3,Lombardia
2024-11-25,MAR,178,91,87,178,ITI,ITI3,11,Marche
2024-11-21,MOL,5,3,2,5,ITF,ITF2,14,Molise
2024-11-28,LAZ,696,300,396,696,ITI,ITI4,12,Lazio
2024-10-01,PUG,14,5,9,14,ITF,ITF4,16,Puglia
2024-12-13,SAR,11,6,5,11,ITG,ITG2,20,Sardegna
2024-11-21,LIG,847,412,435,847,ITC,ITC3,7,Liguria
2024-12-13,VEN,317,140,177,317,ITH,ITH3,5,Veneto
2024-11-01,VEN,24,9,15,24,ITH,ITH3,5,Veneto
2024-11-09,EMR,2598,1281,1317,2598,ITH,ITH5,8,Emilia-Romagna
2024-11-22,MAR,402,194,208,402,ITI,ITI3,11,Marche
2024-11-12,VEN,1176,583,593,1176,ITH,ITH3,5,Veneto
2024-11-12,SAR,448,215,233,448,ITG,ITG2,20,Sardegna
2024-11-26,UMB,22,16,6,22,ITI,ITI2,10,Umbria
2024-09-20,LOM,30,16,14,30,ITC,ITC4,3,Lombardia
2024-12-12,PAB,14,7,7,14,ITH,ITH1,4,Provincia Autonoma Bolzano / Bozen
2024-11-12,EMR,4925,2374,2551,4925,ITH,ITH5,8,Emilia-Romagna
2024-12-05,MAR,99,37,62,99,ITI,ITI3,11,Marche
2024-10-24,MOL,20,9,11,20,ITF,ITF2,14,Molise
2024-11-06,CAL,95,55,40,95,ITF,ITF6,18,Calabria
2024-11-29,VDA,48,22,26,48,ITC,ITC2,2,Valle d'Aosta / Vallée d'Aoste
2024-11-18,MOL,18,7,11,18,ITF,ITF2,14,Molise
2024-10-28,LOM,7377,3464,3913,7377,ITC,ITC4,3,Lombardia
2024-10-07,PAT,39,17,22,39,ITH,ITH2,4,Provincia Autonoma Trento
2024-11-16,PIE,451,222,229,451,ITC,ITC1,1,Piemonte
2024-10-23,MOL,5,3,2,5,ITF,ITF2,14,Molise
2024-11-11,CAL,83,37,46,83,ITF,ITF6,18,Calabria
2024-11-11,PUG,575,265,310,575,ITF,ITF4,16,Puglia
2024-10-21,VDA,86,42,44,86,ITC,ITC2,2,Valle d'Aosta / Vallée d'Aoste
2024-11-26,LIG,1123,542,581,1123,ITC,ITC3,7,Liguria
2024-11-13,LIG,669,323,346,669,ITC,ITC3,7,Liguria
2024-11-11,PAT,245,109,136,245,ITH,ITH2,4,Provincia Autonoma Trento
2024-11-04,TOS,1789,858,931,1789,ITI,ITI1,9,Toscana
2024-12-24,PAT,15,7,8,15,ITH,ITH2,4,Provincia Autonoma Trento
2024-11-06,SAR,426,204,222,426,ITG,ITG2,20,Sardegna
2024-12-07,LIG,42,15,27,42,ITC,ITC3,7,Liguria
2024-11-06,VEN,1204,569,635,1204,ITH,ITH3,5,Veneto
2024-12-19,SIC,19,6,13,19,ITG,ITG1,19,Sicilia
2024-11-14,ABR,44,24,20,44,ITF,ITF1,13,Abruzzo
2024-12-03,PIE,915,444,471,915,ITC,ITC1,1,Piemonte
2024-12-17,VEN,229,94,135,229,ITH,ITH3,5,Veneto
2024-12-17,SAR,41,18,23,41,ITG,ITG2,20,Sardegna
2024-09-21,TOS,8,3,5,8,ITI,ITI1,9,Toscana
2024-10-31,SIC,6,3,3,6,ITG,ITG1,19,Sicilia
2024-12-16,SIC,23,14,9,23,ITG,ITG1,19,Sicilia
2024-11-27,VDA,57,32,25,57,ITC,ITC2,2,Valle d'Aosta / Vallée d'Aoste
2024-11-09,ABR,19,11,8,19,ITF,ITF1,13,Abruzzo
2024-10-04,LIG,58,30,28,58,ITC,ITC3,7,Liguria
2024-11-07,BAS,18,7,11,18,ITF,ITF5,17,Basilicata
2024-09-27,CAM,6,3,3,6,ITF,ITF3,15,Campania
2024-10-03,SIC,3,2,1,3,ITG,ITG1,19,Sicilia
2024-11-16,UMB,7,4,3,7,ITI,ITI2,10,Umbria
2024-11-11,ABR,24,12,12,24,ITF,ITF1,13,Abruzzo
2024-10-07,PUG,13,11,2,13,ITF,ITF4,16,Puglia
2024-10-14,UMB,3,0,3,3,ITI,ITI2,10,Umbria
2024-11-02,LIG,4,1,3,4,ITC,ITC3,7,Liguria
2024-11-13,MOL,3,1,2,3,ITF,ITF2,14,Molise
2024-11-24,LIG,4,0,4,4,ITC,ITC3,7,Liguria
2024-11-16,PAB,1,0,1,1,ITH,ITH1,4,Provincia Autonoma Bolzano / Bozen
2024-11-09,UMB,6,3,3,6,ITI,ITI2,10,Umbria
2024-11-21,ABR,227,128,99,227,ITF,ITF1,13,Abruzzo
2024-10-18,PAT,532,250,282,532,ITH,ITH2,4,Provincia Autonoma Trento
2024-12-16,PUG,202,106,96,202,ITF,ITF4,16,Puglia
2024-12-11,FVG,243,108,135,243,ITH,ITH4,6,Friuli-Venezia Giulia
2024-10-29,FVG,379,172,207,379,ITH,ITH4,6,Friuli-Venezia Giulia
2024-10-22,ABR,153,82,71,153,ITF,ITF1,13,Abruzzo
2024-12-19,PIE,391,173,218,391,ITC,ITC1,1,Piemonte
2024-12-16,PAT,23,9,14,23,ITH,ITH2,4,Provincia Autonoma Trento
2024-09-25,LAZ,16,8,8,16,ITI,ITI4,12,Lazio
2024-11-19,VDA,37,12,25,37,ITC,ITC2,2,Valle d'Aosta / Vallée d'Aoste
2024-10-07,SAR,29,13,16,29,ITG,ITG2,20,Sardegna
2024-12-18,SAR,53,22,31,53,ITG,ITG2,20,Sardegna
2024-12-07,FVG,58,20,38,58,ITH,ITH4,6,Friuli-Venezia Giulia
2024-12-23,TOS,15,9,6,15,ITI,ITI1,9,Toscana
2024-11-05,EMR,4837,2320,2517,4837,ITH,ITH5,8,Emilia-Romagna
2024-11-30,PAT,18,10,8,18,ITH,ITH2,4,Provincia Autonoma Trento
2024-10-11,VDA,96,49,47,96,ITC,ITC2,2,Valle d'Aosta / Vallée d'Aoste
2024-11-14,LAZ,1665,809,856,1665,ITI,ITI4,12,Lazio
2024-10-10,LIG,53,25,28,53,ITC,ITC3,7,Liguria
2024-12-03,MAR,276,135,141,276,ITI,ITI3,11,Marche
2024-10-16,VDA,223,111,112,223,ITC,ITC2,2,Valle d'Aosta / Vallée d'Aoste
2024-11-07,LAZ,1868,874,994,1868,ITI,ITI4,12,Lazio
2024-11-09,VDA,78,40,38,78,ITC,ITC2,2,Valle d'Aosta / Vallée d'Aoste
2024-12-09,PIE,481,223,258,481,ITC,ITC1,1,Piemonte
2024-10-19,LOM,4588,2337,2251,4588,ITC,ITC4,3,Lombardia
2024-12-16,CAM,117,65,52,117,ITF,ITF3,15,Campania
2024-11-28,PAB,128,63,65,128,ITH,ITH1,4,Provincia Autonoma Bolzano / Bozen
2024-10-30,LOM,7981,3780,4201,7981,ITC,ITC4,3,Lombardia
2024-10-06,LOM,2173,1109,1064,2173,ITC,ITC4,3,Lombardia
2024-10-28,TOS,2001,937,1064,2001,ITI,ITI1,9,Toscana
2024-10-09,LAZ,210,103,107,210,ITI,ITI4,12,Lazio
2024-11-28,LOM,3509,1598,1911,3509,ITC,ITC4,3,Lombardia
2024-12-19,ABR,36,18,18,36,ITF,ITF1,13,Abruzzo
2024-09-21,LOM,33,15,18,33,ITC,ITC4,3,Lombardia
2024-11-20,ABR,120,62,58,120,ITF,ITF1,13,Abruzzo
2024-12-05,CAM,81,41,40,81,ITF,ITF3,15,Campania
2024-10-31,FVG,546,265,281,546,ITH,ITH4,6,Friuli-Venezia Giulia
2024-11-21,CAL,62,35,27,62,ITF,ITF6,18,Calabria
2024-12-19,CAL,15,7,8,15,ITF,ITF6,18,Calabria
2024-10-03,LOM,459,230,229,459,ITC,ITC4,3,Lombardia
2024-11-23,LOM,2939,1415,1524,2939,ITC,ITC4,3,Lombardia
2024-12-08,PIE,9,4,5,9,ITC,ITC1,1,Piemonte
2024-12-10,PAT,52,28,24,52,ITH,ITH2,4,Provincia Autonoma Trento
2024-12-14,LIG,81,39,42,81,ITC,ITC3,7,Liguria
2024-11-04,PIE,1345,652,693,1345,ITC,ITC1,1,Piemonte
2024-11-25,PIE,1045,466,579,1045,ITC,ITC1,1,Piemonte
2024-12-06,ABR,93,48,45,93,ITF,ITF1,13,Abruzzo
2024-11-21,PIE,1610,793,817,1610,ITC,ITC1,1,Piemonte
2024-12-10,PUG,562,279,283,562,ITF,ITF4,16,Puglia
2024-11-13,CAM,162,83,79,162,ITF,ITF3,15,Campania
2024-12-04,CAM,120,63,57,120,ITF,ITF3,15,Campania
2024-10-17,EMR,4092,2003,2089,4092,ITH,ITH5,8,Emilia-Romagna
2024-12-24,EMR,18,8,10,18,ITH,ITH5,8,Emilia-Romagna
2024-11-05,CAM,118,73,45,118,ITF,ITF3,15,Campania
2024-10-20,VEN,18,9,9,18,ITH,ITH3,5,Veneto
2024-11-29,UMB,15,6,9,15,ITI,ITI2,10,Umbria
2024-11-29,SAR,25,11,14,25,ITG,ITG2,20,Sardegna
2024-11-05,LOM,8759,4221,4538,8759,ITC,ITC4,3,Lombardia
2024-11-20,PIE,1523,670,853,1523,ITC,ITC1,1,Piemonte
2024-09-28,LOM,85,44,41,85,ITC,ITC4,3,Lombardia
2024-12-13,VDA,28,11,17,28,ITC,ITC2,2,Valle d'Aosta / Vallée d'Aoste
2024-10-30,CAM,98,57,41,98,ITF,ITF3,15,Campania
2024-12-15,FVG,36,9,27,36,ITH,ITH4,6,Friuli-Venezia Giulia
2024-10-25,PUG,359,194,165,359,ITF,ITF4,16,Puglia
2024-10-26,VEN,2669,1377,1292,2669,ITH,ITH3,5,Veneto
2024-12-19,MAR,80,42,38,80,ITI,ITI3,11,Marche
2024-12-03,CAM,116,48,68,116,ITF,ITF3,15,Campania
2024-11-18,ABR,134,61,73,134,ITF,ITF1,13,Abruzzo
2024-10-25,ABR,152,78,74,152,ITF,ITF1,13,Abruzzo
2024-10-28,UMB,7,3,4,7,ITI,ITI2,10,Umbria
2024-12-08,MAR,11,7,4,11,ITI,ITI3,11,Marche
2024-10-29,PAB,29,12,17,29,ITH,ITH1,4,Provincia Autonoma Bolzano / Bozen
2024-11-14,LOM,7010,3208,3802,7010,ITC,ITC4,3,Lombardia
2024-10-31,PAB,484,246,238,484,ITH,ITH1,4,Provincia Autonoma Bolzano / Bozen
2024-11-28,SIC,28,12,16,28,ITG,ITG1,19,Sicilia
2024-09-26,PUG,4,2,2,4,ITF,ITF4,16,Puglia
2024-12-02,LIG,315,119,196,315,ITC,ITC3,7,Liguria
2024-11-10,EMR,528,244,284,528,ITH,ITH5,8,Emilia-Romagna
2024-11-04,LAZ,1225,552,673,1225,ITI,ITI4,12,Lazio
2024-11-15,LOM,6410,2959,3451,6410,ITC,ITC4,3,Lombardia
2024-10-24,ABR,120,67,53,120,ITF,ITF1,13,Abruzzo
2024-10-11,CAM,31,19,12,31,ITF,ITF3,15,Campania
2024-12-17,CAM,61,31,30,61,ITF,ITF3,15,Campania
2024-11-21,UMB,17,6,11,17,ITI,ITI2,10,Umbria
2024-12-10,LIG,474,205,269,474,ITC,ITC3,7,Liguria
2024-12-23,PAT,64,21,43,64,ITH,ITH2,4,Provincia Autonoma Trento
2024-12-10,PAB,78,41,37,78,ITH,ITH1,4,Provincia Autonoma Bolzano / Bozen
2024-11-23,LIG,83,36,47,83,ITC,ITC3,7,Liguria
2024-12-18,MAR,59,27,32,59,ITI,ITI3,11,Marche
2024-11-10,LOM,701,337,364,701,ITC,ITC4,3,Lombardia
2024-11-26,CAM,144,73,71,144,ITF,ITF3,15,Campania
2024-11-09,CAM,69,37,32,69,ITF,ITF3,15,Campania
2024-10-15,PUG,284,151,133,284,ITF,ITF4,16,Puglia
2024-12-10,MOL,6,4,2,6,ITF,ITF2,14,Molise
2024-11-27,MAR,202,96,106,202,ITI,ITI3,11,Marche
2024-10-31,EMR,3713,1724,1989,3713,ITH,ITH5,8,Emilia-Romagna
2024-10-02,TOS,30,8,22,30,ITI,ITI1,9,Toscana
2024-11-02,VEN,153,73,80,153,ITH,ITH3,5,Veneto
2024-12-02,PAB,107,56,51,107,ITH,ITH1,4,Provincia Autonoma Bolzano / Bozen
2024-10-14,CAM,38,24,14,38,ITF,ITF3,15,Campania
2024-10-17,VDA,130,57,73,130,ITC,ITC2,2,Valle d'Aosta / Vallée d'Aoste
2024-10-10,VDA,31,13,18,31,ITC,ITC2,2,Valle d'Aosta / Vallée d'Aoste
2024-11-30,EMR,817,380,437,817,ITH,ITH5,8,Emilia-Romagna
2024-10-17,LAZ,724,356,368,724,ITI,ITI4,12,Lazio
2024-11-29,TOS,1547,690,857,1547,ITI,ITI1,9,Toscana
2024-10-13,LAZ,12,6,6,12,ITI,ITI4,12,Lazio
2024-12-13,CAL,37,22,15,37,ITF,ITF6,18,Calabria
2024-11-12,CAM,90,53,37,90,ITF,ITF3,15,Campania
2024-11-22,UMB,15,7,8,15,ITI,ITI2,10,Umbria
2024-12-13,EMR,975,463,512,975,ITH,ITH5,8,Emilia-Romagna
2024-11-21,SAR,202,101,101,202,ITG,ITG2,20,Sardegna
2024-12-02,MOL,5,3,2,5,ITF,ITF2,14,Molise
2024-09-18,CAM,4,1,3,4,ITF,ITF3,15,Campania
2024-10-03,MAR,12,6,6,12,ITI,ITI3,11,Marche
2024-10-08,VDA,32,14,18,32,ITC,ITC2,2,Valle d'Aosta / Vallée d'Aoste
2024-11-21,PAB,288,136,152,288,ITH,ITH1,4,Provincia Autonoma Bolzano / Bozen
2024-11-25,LAZ,893,421,472,893,ITI,ITI4,12,Lazio
2024-11-14,CAM,122,78,44,122,ITF,ITF3,15,Campania
2024-11-07,FVG,1067,501,566,1067,ITH,ITH4,6,Friuli-Venezia Giulia
2024-11-14,CAL,69,39,30,69,ITF,ITF6,18,Calabria
2024-12-04,UMB,32,17,15,32,ITI,ITI2,10,Umbria
2024-11-16,ABR,2,1,1,2,ITF,ITF1,13,Abruzzo
2024-11-06,BAS,5,4,1,5,ITF,ITF5,17,Basilicata
2024-11-08,BAS,5,1,4,5,ITF,ITF5,17,Basilicata
2024-09-30,EMR,10,4,6,10,ITH,ITH5,8,Emilia-Romagna
2024-10-30,SIC,5,2,3,5,ITG,ITG1,19,Sicilia
2024-11-23,SIC,11,7,4,11,ITG,ITG1,19,Sicilia
2024-09-30,SAR,12,8,4,12,ITG,ITG2,20,Sardegna
2024-10-02,PUG,39,16,23,39,ITF,ITF4,16,Puglia
2024-11-01,ABR,11,5,6,11,ITF,ITF1,13,Abruzzo
2024-11-22,MOL,4,4,0,4,ITF,ITF2,14,Molise
2024-10-27,VDA,1,1,0,1,ITC,ITC2,2,Valle d'Aosta / Vallée d'Aoste
2024-10-02,CAL,4,1,3,4,ITF,ITF6,18,Calabria
2024-12-12,MOL,1,0,1,1,ITF,ITF2,14,Molise
2024-11-28,CAM,138,73,65,138,ITF,ITF3,15,Campania
2024-10-25,FVG,487,257,230,487,ITH,ITH4,6,Friuli-Venezia Giulia
2024-11-02,UMB,6,2,4,6,ITI,ITI2,10,Umbria
2024-11-07,TOS,3172,1483,1689,3172,ITI,ITI1,9,Toscana
2024-10-08,FVG,24,7,17,24,ITH,ITH4,6,Friuli-Venezia Giulia
2024-11-29,CAL,48,27,21,48,ITF,ITF6,18,Calabria
2024-11-13,LOM,6913,3307,3606,6913,ITC,ITC4,3,Lombardia
2024-10-19,VEN,406,219,187,406,ITH,ITH3,5,Veneto
2024-11-10,PIE,56,22,34,56,ITC,ITC1,1,Piemonte
2024-10-27,EMR,364,160,204,364,ITH,ITH5,8,Emilia-Romagna
2024-12-07,PIE,332,171,161,332,ITC,ITC1,1,Piemonte
2024-11-05,PAT,134,63,71,134,ITH,ITH2,4,Provincia Autonoma Trento
2024-11-09,CAL,48,25,23,48,ITF,ITF6,18,Calabria
2024-12-17,CAL,13,5,8,13,ITF,ITF6,18,Calabria
2024-12-11,LOM,1721,734,987,1721,ITC,ITC4,3,Lombardia
2024-10-31,SAR,136,73,63,136,ITG,ITG2,20,Sardegna
2024-12-26,PIE,6,1,5,6,ITC,ITC1,1,Piemonte
2024-11-22,EMR,3808,1778,2030,3808,ITH,ITH5,8,Emilia-Romagna
2024-12-05,PAT,93,38,55,93,ITH,ITH2,4,Provincia Autonoma Trento
2024-10-02,VEN,15,10,5,15,ITH,ITH3,5,Veneto
2024-10-26,TOS,719,331,388,719,ITI,ITI1,9,Toscana
2024-10-29,PIE,2188,994,1194,2188,ITC,ITC1,1,Piemonte
2024-12-05,PUG,501,244,257,501,ITF,ITF4,16,Puglia
2024-12-13,LOM,1560,696,864,1560,ITC,ITC4,3,Lombardia
2024-10-21,LAZ,1146,603,543,1146,ITI,ITI4,12,Lazio
2024-12-18,CAL,12,5,7,12,ITF,ITF6,18,Calabria
2024-11-19,SIC,53,29,24,53,ITG,ITG1,19,Sicilia
2024-10-31,UMB,41,23,18,41,ITI,ITI2,10,Umbria
2024-10-16,LOM,6987,3401,3586,6987,ITC,ITC4,3,Lombardia
2024-10-18,EMR,3310,1675,1635,3310,ITH,ITH5,8,Emilia-Romagna
2024-10-14,PIE,315,165,150,315,ITC,ITC1,1,Piemonte
2024-09-29,LOM,12,9,3,12,ITC,ITC4,3,Lombardia
2024-12-14,LOM,640,288,352,640,ITC,ITC4,3,Lombardia
2024-10-22,VDA,98,45,53,98,ITC,ITC2,2,Valle d'Aosta / Vallée d'Aoste
2024-11-30,CAM,40,22,18,40,ITF,ITF3,15,Campania
2024-11-18,FVG,541,265,276,541,ITH,ITH4,6,Friuli-Venezia Giulia
2024-12-04,TOS,926,422,504,926,ITI,ITI1,9,Toscana
2024-12-14,VEN,113,52,61,113,ITH,ITH3,5,Veneto
2024-10-04,VEN,29,9,20,29,ITH,ITH3,5,Veneto
2024-11-28,LIG,697,314,383,697,ITC,ITC3,7,Liguria
2024-11-04,FVG,367,162,205,367,ITH,ITH4,6,Friuli-Venezia Giulia
2024-10-18,LAZ,902,479,423,902,ITI,ITI4,12,Lazio
2024-10-28,CAM,105,58,47,105,ITF,ITF3,15,Campania
2024-09-26,EMR,12,6,6,12,ITH,ITH5,8,Emilia-Romagna
2024-12-20,PIE,559,254,305,559,ITC,ITC1,1,Piemonte
2024-11-21,VDA,71,30,41,71,ITC,ITC2,2,Valle d'Aosta / Vallée d'Aoste
2024-11-06,FVG,894,441,453,894,ITH,ITH4,6,Friuli-Venezia Giulia
2024-11-18,PIE,1384,646,738,1384,ITC,ITC1,1,Piemonte
2024-12-02,MAR,131,65,66,131,ITI,ITI3,11,Marche
2024-12-05,VEN,435,173,262,435,ITH,ITH3,5,Veneto
2024-11-24,LOM,373,179,194,373,ITC,ITC4,3,Lombardia
2024-11-27,CAM,126,64,62,126,ITF,ITF3,15,Campania
2024-10-16,MAR,110,60,50,110,ITI,ITI3,11,Marche
2024-12-01,PIE,17,4,13,17,ITC,ITC1,1,Piemonte
2024-12-13,ABR,57,30,27,57,ITF,ITF1,13,Abruzzo
2024-10-23,VEN,843,393,450,843,ITH,ITH3,5,Veneto
2024-12-13,MAR,102,46,56,102,ITI,ITI3,11,Marche
2024-11-03,EMR,354,167,187,354,ITH,ITH5,8,Emilia-Romagna
2024-10-29,ABR,165,80,85,165,ITF,ITF1,13,Abruzzo
2024-11-14,PAT,502,236,266,502,ITH,ITH2,4,Provincia Autonoma Trento
2024-10-21,SAR,90,49,41,90,ITG,ITG2,20,Sardegna
2024-12-02,VDA,8,2,6,8,ITC,ITC2,2,Valle d'Aosta / Vallée d'Aoste
2024-11-05,VEN,1168,553,615,1168,ITH,ITH3,5,Veneto
2024-10-11,LOM,2286,1019,1267,2286,ITC,ITC4,3,Lombardia
2024-11-14,PUG,809,412,397,809,ITF,ITF4,16,Puglia
2024-10-16,ABR,118,65,53,118,ITF,ITF1,13,Abruzzo
2024-12-03,MOL,8,4,4,8,ITF,ITF2,14,Molise
2024-10-29,VDA,113,53,60,113,ITC,ITC2,2,Valle d'Aosta / Vallée d'Aoste
2024-12-22,PIE,5,3,2,5,ITC,ITC1,1,Piemonte
2024-11-02,PAB,10,5,5,10,ITH,ITH1,4,Provincia Autonoma Bolzano / Bozen
2024-10-26,UMB,6,4,2,6,ITI,ITI2,10,Umbria
2024-12-17,SIC,55,28,27,55,ITG,ITG1,19,Sicilia
2024-11-03,TOS,2,0,2,2,ITI,ITI1,9,Toscana
2024-12-19,VDA,7,4,3,7,ITC,ITC2,2,Valle d'Aosta / Vallée d'Aoste
2024-09-25,TOS,4,3,1,4,ITI,ITI1,9,Toscana
2024-11-09,SIC,6,5,1,6,ITG,ITG1,19,Sicilia
2024-10-07,ABR,7,3,4,7,ITF,ITF1,13,Abruzzo
2024-12-03,VDA,1,1,0,1,ITC,ITC2,2,Valle d'Aosta / Vallée d'Aoste
2024-10-21,UMB,1,0,1,1,ITI,ITI2,10,Umbria
2024-10-11,FVG,1,1,0,1,ITH,ITH4,6,Friuli-Venezia Giulia
2024-11-10,LIG,1,0,1,1,ITC,ITC3,7,Liguria
2024-10-12,SIC,1,1,0,1,ITG,ITG1,19,Sicilia
2024-11-11,TOS,1767,853,914,1767,ITI,ITI1,9,Toscana
2024-11-08,LIG,474,228,246,474,ITC,ITC3,7,Liguria
2024-10-16,LAZ,668,341,327,668,ITI,ITI4,12,Lazio
2024-11-06,VDA,190,81,109,190,ITC,ITC2,2,Valle d'Aosta / Vallée d'Aoste
2024-10-25,CAM,39,19,20,39,ITF,ITF3,15,Campania
2024-10-17,MAR,157,77,80,157,ITI,ITI3,11,Marche
2024-12-04,LOM,2370,1045,1325,2370,ITC,ITC4,3,Lombardia
2024-12-21,LOM,202,101,101,202,ITC,ITC4,3,Lombardia
2024-10-29,LAZ,1693,854,839,1693,ITI,ITI4,12,Lazio
2024-12-19,UMB,10,7,3,10,ITI,ITI2,10,Umbria
2024-09-30,TOS,4,1,3,4,ITI,ITI1,9,Toscana
2024-10-27,VEN,11,6,5,11,ITH,ITH3,5,Veneto
2024-12-23,UMB,3,3,0,3,ITI,ITI2,10,Umbria
2024-11-16,FVG,677,332,345,677,ITH,ITH4,6,Friuli-Venezia Giulia
2024-10-27,LOM,589,287,302,589,ITC,ITC4,3,Lombardia
2024-11-17,PUG,22,12,10,22,ITF,ITF4,16,Puglia
2024-12-10,TOS,568,269,299,568,ITI,ITI1,9,Toscana
2024-10-23,EMR,5520,2659,2861,5520,ITH,ITH5,8,Emilia-Romagna
2024-12-24,MAR,14,12,2,14,ITI,ITI3,11,Marche
2024-11-07,PAT,85,29,56,85,ITH,ITH2,4,Provincia Autonoma Trento
2024-11-15,SAR,196,96,100,196,ITG,ITG2,20,Sardegna
2024-10-08,LIG,128,68,60,128,ITC,ITC3,7,Liguria
2024-10-15,PIE,394,217,177,394,ITC,ITC1,1,Piemonte
2024-11-21,TOS,2233,976,1257,2233,ITI,ITI1,9,Toscana
2024-11-05,LIG,1203,604,599,1203,ITC,ITC3,7,Liguria
2024-09-30,PIE,10,6,4,10,ITC,ITC1,1,Piemonte
2024-12-05,TOS,914,434,480,914,ITI,ITI1,9,Toscana
2024-11-18,LIG,298,157,141,298,ITC,ITC3,7,Liguria
2024-11-10,MAR,34,13,21,34,ITI,ITI3,11,Marche
2024-11-22,TOS,2015,953,1062,2015,ITI,ITI1,9,Toscana
2024-11-07,CAL,93,60,33,93,ITF,ITF6,18,Calabria
2024-11-01,LOM,420,192,228,420,ITC,ITC4,3,Lombardia
2024-10-07,LAZ,122,61,61,122,ITI,ITI4,12,Lazio
2024-11-07,PUG,659,331,328,659,ITF,ITF4,16,Puglia
2024-12-02,LAZ,531,229,302,531,ITI,ITI4,12,Lazio
2024-12-18,ABR,42,19,23,42,ITF,ITF1,13,Abruzzo
2024-10-16,SIC,7,5,2,7,ITG,ITG1,19,Sicilia
2024-10-31,PIE,2243,1031,1212,2243,ITC,ITC1,1,Piemonte
2024-11-15,VEN,1113,504,609,1113,ITH,ITH3,5,Veneto
2024-10-18,VDA,136,68,68,136,ITC,ITC2,2,Valle d'Aosta / Vallée d'Aoste
2024-10-24,LIG,824,421,403,824,ITC,ITC3,7,Liguria
2024-11-27,PUG,594,298,296,594,ITF,ITF4,16,Puglia
2024-11-27,CAL,57,34,23,57,ITF,ITF6,18,Calabria
2024-11-19,ABR,193,111,82,193,ITF,ITF1,13,Abruzzo
2024-10-20,LOM,939,470,469,939,ITC,ITC4,3,Lombardia
2024-12-16,EMR,567,277,290,567,ITH,ITH5,8,Emilia-Romagna
2024-12-06,SIC,54,21,33,54,ITG,ITG1,19,Sicilia
2024-11-29,PIE,1474,721,753,1474,ITC,ITC1,1,Piemonte
2024-10-15,PAB,419,222,197,419,ITH,ITH1,4,Provincia Autonoma Bolzano / Bozen
2024-10-08,LOM,1594,706,888,1594,ITC,ITC4,3,Lombardia
2024-12-13,PIE,758,359,399,758,ITC,ITC1,1,Piemonte
2024-11-05,PAB,66,30,36,66,ITH,ITH1,4,Provincia Autonoma Bolzano / Bozen
2024-12-23,PAB,12,5,7,12,ITH,ITH1,4,Provincia Autonoma Bolzano / Bozen
2024-12-01,LOM,202,80,122,202,ITC,ITC4,3,Lombardia
2024-11-18,CAL,51,30,21,51,ITF,ITF6,18,Calabria
2024-11-21,LAZ,1607,738,869,1607,ITI,ITI4,12,Lazio
2024-11-18,LOM,5263,2474,2789,5263,ITC,ITC4,3,Lombardia
2024-12-04,EMR,1863,885,978,1863,ITH,ITH5,8,Emilia-Romagna
2024-11-18,CAM,141,70,71,141,ITF,ITF3,15,Campania
2024-10-01,TOS,44,12,32,44,ITI,ITI1,9,Toscana
2024-10-25,PAB,303,141,162,303,ITH,ITH1,4,Provincia Autonoma Bolzano / Bozen
2024-10-25,LIG,322,157,165,322,ITC,ITC3,7,Liguria
2024-10-16,BAS,7,6,1,7,ITF,ITF5,17,Basilicata
2024-11-28,MAR,195,97,98,195,ITI,ITI3,11,Marche
2024-10-09,FVG,24,13,11,24,ITH,ITH4,6,Friuli-Venezia Giulia
2024-11-11,LAZ,1173,560,613,1173,ITI,ITI4,12,Lazio
2024-10-24,LOM,9039,4375,4664,9039,ITC,ITC4,3,Lombardia
2024-10-18,MAR,221,106,115,221,ITI,ITI3,11,Marche
2024-11-15,PAT,212,98,114,212,ITH,ITH2,4,Provincia Autonoma Trento
2024-12-16,UMB,11,3,8,11,ITI,ITI2,10,Umbria
2024-12-19,FVG,163,81,82,163,ITH,ITH4,6,Friuli-Venezia Giulia
2024-11-15,PUG,748,360,388,748,ITF,ITF4,16,Puglia
2024-11-27,PAT,364,169,195,364,ITH,ITH2,4,Provincia Autonoma Trento
2024-11-20,SIC,32,19,13,32,ITG,ITG1,19,Sicilia
2024-11-28,PAT,197,97,100,197,ITH,ITH2,4,Provincia Autonoma Trento
2024-11-03,VDA,4,1,3,4,ITC,ITC2,2,Valle d'Aosta / Vallée d'Aoste
2024-12-05,PAB,49,29,20,49,ITH,ITH1,4,Provincia Autonoma Bolzano / Bozen
2024-10-15,UMB,4,3,1,4,ITI,ITI2,10,Umbria
2024-09-26,SAR,3,2,1,3,ITG,ITG2,20,Sardegna
2024-10-07,SIC,11,10,1,11,ITG,ITG1,19,Sicilia
2024-10-08,CAM,16,11,5,16,ITF,ITF3,15,Campania
2024-12-21,VEN,3,1,2,3,ITH,ITH3,5,Veneto
2024-10-01,SAR,9,5,4,9,ITG,ITG2,20,Sardegna
2024-10-03,FVG,1,1,0,1,ITH,ITH4,6,Friuli-Venezia Giulia
2024-11-17,PAT,1,0,1,1,ITH,ITH2,4,Provincia Autonoma Trento
2024-10-11,CAL,2,1,1,2,ITF,ITF6,18,Calabria
2024-12-22,EMR,36,14,22,36,ITH,ITH5,8,Emilia-Romagna
2024-12-16,PAB,78,36,42,78,ITH,ITH1,4,Provincia Autonoma Bolzano / Bozen
2024-12-16,LIG,154,76,78,154,ITC,ITC3,7,Liguria
2024-11-30,VEN,142,62,80,142,ITH,ITH3,5,Veneto
2024-11-20,MAR,620,288,332,620,ITI,ITI3,11,Marche
2024-12-12,ABR,126,66,60,126,ITF,ITF1,13,Abruzzo
2024-11-19,UMB,29,13,16,29,ITI,ITI2,10,Umbria
2024-11-15,PIE,2377,1103,1274,2377,ITC,ITC1,1,Piemonte
2024-11-12,BAS,32,16,16,32,ITF,ITF5,17,Basilicata
2024-11-12,ABR,8,7,1,8,ITF,ITF1,13,Abruzzo
2024-11-19,EMR,3815,1788,2027,3815,ITH,ITH5,8,Emilia-Romagna
2024-12-20,SIC,47,28,19,47,ITG,ITG1,19,Sicilia
2024-12-12,VEN,367,151,216,367,ITH,ITH3,5,Veneto
2024-11-16,PAT,65,30,35,65,ITH,ITH2,4,Provincia Autonoma Trento
2024-10-22,MAR,370,187,183,370,ITI,ITI3,11,Marche
2024-11-20,LIG,598,296,302,598,ITC,ITC3,7,Liguria
2024-10-14,ABR,74,48,26,74,ITF,ITF1,13,Abruzzo
2024-10-16,EMR,3560,1710,1850,3560,ITH,ITH5,8,Emilia-Romagna
2024-10-18,LIG,301,162,139,301,ITC,ITC3,7,Liguria
2024-10-31,MOL,28,15,13,28,ITF,ITF2,14,Molise
2024-12-24,TOS,9,5,4,9,ITI,ITI1,9,Toscana
2024-10-12,EMR,656,312,344,656,ITH,ITH5,8,Emilia-Romagna
2024-10-16,SAR,19,12,7,19,ITG,ITG2,20,Sardegna
2024-10-24,CAM,56,29,27,56,ITF,ITF3,15,Campania
2024-11-01,PIE,36,12,24,36,ITC,ITC1,1,Piemonte
2024-10-15,VDA,68,36,32,68,ITC,ITC2,2,Valle d'Aosta / Vallée d'Aoste
2024-12-18,TOS,325,159,166,325,ITI,ITI1,9,Toscana
2024-11-06,CAM,91,50,41,91,ITF,ITF3,15,Campania
2024-11-10,VEN,39,17,22,39,ITH,ITH3,5,Veneto
2024-10-11,ABR,43,28,15,43,ITF,ITF1,13,Abruzzo
2024-12-03,PAT,101,36,65,101,ITH,ITH2,4,Provincia Autonoma Trento
2024-11-24,EMR,272,135,137,272,ITH,ITH5,8,Emilia-Romagna
2024-10-20,LAZ,44,20,24,44,ITI,ITI4,12,Lazio
2024-10-08,LAZ,251,136,115,251,ITI,ITI4,12,Lazio
2024-11-14,FVG,1012,484,528,1012,ITH,ITH4,6,Friuli-Venezia Giulia
2024-12-07,EMR,378,174,204,378,ITH,ITH5,8,Emilia-Romagna
2024-11-08,CAM,132,77,55,132,ITF,ITF3,15,Campania
2024-10-18,PAB,264,127,137,264,ITH,ITH1,4,Provincia Autonoma Bolzano / Bozen
2024-12-08,LAZ,3,3,0,3,ITI,ITI4,12,Lazio
2024-11-19,LOM,5828,2672,3156,5828,ITC,ITC4,3,Lombardia
2024-10-26,EMR,2274,1092,1182,2274,ITH,ITH5,8,Emilia-Romagna
2024-12-02,VEN,326,137,189,326,ITH,ITH3,5,Veneto
2024-11-06,PAT,531,260,271,531,ITH,ITH2,4,Provincia Autonoma Trento
2024-09-20,PUG,6,3,3,6,ITF,ITF4,16,Puglia
2024-11-18,BAS,10,6,4,10,ITF,ITF5,17,Basilicata
2024-11-06,PUG,758,417,341,758,ITF,ITF4,16,Puglia
2024-10-16,VEN,439,215,224,439,ITH,ITH3,5,Veneto
2024-12-12,UMB,9,2,7,9,ITI,ITI2,10,Umbria
2024-12-12,EMR,1109,529,580,1109,ITH,ITH5,8,Emilia-Romagna
2024-09-25,LOM,70,33,37,70,ITC,ITC4,3,Lombardia
2024-12-06,LIG,277,133,144,277,ITC,ITC3,7,Liguria
2024-10-28,ABR,145,72,73,145,ITF,ITF1,13,Abruzzo
2024-11-08,PIE,2524,1225,1299,2524,ITC,ITC1,1,Piemonte
2024-10-15,TOS,1163,525,638,1163,ITI,ITI1,9,Toscana
2024-11-19,PAB,422,186,236,422,ITH,ITH1,4,Provincia Autonoma Bolzano / Bozen
2024-11-09,BAS,20,11,9,20,ITF,ITF5,17,Basilicata
2024-12-19,LIG,295,135,160,295,ITC,ITC3,7,Liguria
2024-11-27,TOS,1672,766,906,1672,ITI,ITI1,9,Toscana
2024-11-05,SIC,24,15,9,24,ITG,ITG1,19,Sicilia
2024-12-02,SAR,41,22,19,41,ITG,ITG2,20,Sardegna
2024-12-20,LAZ,227,102,125,227,ITI,ITI4,12,Lazio
2024-12-03,FVG,435,212,223,435,ITH,ITH4,6,Friuli-Venezia Giulia
2024-11-04,MAR,256,127,129,256,ITI,ITI3,11,Marche
2024-12-01,TOS,14,9,5,14,ITI,ITI1,9,Toscana
2024-11-16,CAM,65,36,29,65,ITF,ITF3,15,Campania
2024-11-02,EMR,530,264,266,530,ITH,ITH5,8,Emilia-Romagna
2024-09-27,FVG,23,11,12,23,ITH,ITH4,6,Friuli-Venezia Giulia
2024-10-16,CAL,21,13,8,21,ITF,ITF6,18,Calabria
2024-10-12,LOM,1528,746,782,1528,ITC,ITC4,3,Lombardia
2024-10-09,PIE,32,20,12,32,ITC,ITC1,1,Piemonte
2024-11-25,LIG,529,227,302,529,ITC,ITC3,7,Liguria
2024-11-06,PIE,1742,772,970,1742,ITC,ITC1,1,Piemonte
2024-11-19,VEN,1363,648,715,1363,ITH,ITH3,5,Veneto
2024-11-19,SAR,238,126,112,238,ITG,ITG2,20,Sardegna
2024-11-29,MAR,136,66,70,136,ITI,ITI3,11,Marche
2024-12-19,PAB,8,5,3,8,ITH,ITH1,4,Provincia Autonoma Bolzano / Bozen
2024-12-04,MOL,2,1,1,2,ITF,ITF2,14,Molise
2024-10-09,CAM,24,12,12,24,ITF,ITF3,15,Campania
2024-11-24,VEN,11,5,6,11,ITH,ITH3,5,Veneto
2024-11-04,VDA,80,40,40,80,ITC,ITC2,2,Valle d'Aosta / Vallée d'Aoste
2024-12-12,SAR,34,15,19,34,ITG,ITG2,20,Sardegna
2024-10-03,LIG,45,26,19,45,ITC,ITC3,7,Liguria
2024-12-15,CAM,6,3,3,6,ITF,ITF3,15,Campania
2024-09-19,LOM,2,0,2,2,ITC,ITC4,3,Lombardia
2024-11-17,TOS,19,11,8,19,ITI,ITI1,9,Toscana
2024-12-09,MOL,2,1,1,2,ITF,ITF2,14,Molise
2024-11-30,PAB,1,0,1,1,ITH,ITH1,4,Provincia Autonoma Bolzano / Bozen
2024-09-28,LIG,1,0,1,1,ITC,ITC3,7,Liguria
2024-12-04,VEN,448,188,260,448,ITH,ITH3,5,Veneto
2024-11-08,CAL,67,33,34,67,ITF,ITF6,18,Calabria
2024-10-14,VEN,436,193,243,436,ITH,ITH3,5,Veneto
2024-11-21,LOM,5042,2333,2709,5042,ITC,ITC4,3,Lombardia
2024-11-15,LAZ,1575,788,787,1575,ITI,ITI4,12,Lazio
2024-10-10,VEN,399,173,226,399,ITH,ITH3,5,Veneto
2024-12-12,CAL,30,15,15,30,ITF,ITF6,18,Calabria
2024-12-16,CAL,35,16,19,35,ITF,ITF6,18,Calabria
2024-10-29,CAM,111,60,51,111,ITF,ITF3,15,Campania
2024-11-12,CAL,57,36,21,57,ITF,ITF6,18,Calabria
2024-11-29,PAT,226,116,110,226,ITH,ITH2,4,Provincia Autonoma Trento
2024-11-02,LAZ,121,58,63,121,ITI,ITI4,12,Lazio
2024-12-03,CAL,30,20,10,30,ITF,ITF6,18,Calabria
2024-11-15,UMB,48,23,25,48,ITI,ITI2,10,Umbria
2024-12-10,EMR,1092,515,577,1092,ITH,ITH5,8,Emilia-Romagna
2024-11-24,CAM,3,2,1,3,ITF,ITF3,15,Campania
2024-10-22,LOM,9696,4649,5047,9696,ITC,ITC4,3,Lombardia
2024-12-02,CAM,72,35,37,72,ITF,ITF3,15,Campania
2024-11-14,VEN,1132,555,577,1132,ITH,ITH3,5,Veneto
2024-11-09,PAT,115,55,60,115,ITH,ITH2,4,Provincia Autonoma Trento
2024-11-06,TOS,2873,1302,1571,2873,ITI,ITI1,9,Toscana
2024-10-21,PAT,268,143,125,268,ITH,ITH2,4,Provincia Autonoma Trento
2024-12-04,PUG,459,224,235,459,ITF,ITF4,16,Puglia
2024-11-09,PUG,110,54,56,110,ITF,ITF4,16,Puglia
2024-11-22,ABR,177,95,82,177,ITF,ITF1,13,Abruzzo
2024-11-23,CAM,58,29,29,58,ITF,ITF3,15,Campania
2024-11-30,LIG,52,26,26,52,ITC,ITC3,7,Liguria
2024-10-25,VDA,105,44,61,105,ITC,ITC2,2,Valle d'Aosta / Vallée d'Aoste
2024-10-25,MAR,582,289,293,582,ITI,ITI3,11,Marche
2024-11-12,SIC,44,28,16,44,ITG,ITG1,19,Sicilia
2024-11-26,SAR,151,77,74,151,ITG,ITG2,20,Sardegna
2024-10-17,FVG,166,88,78,166,ITH,ITH4,6,Friuli-Venezia Giulia
2024-12-04,PAT,265,113,152,265,ITH,ITH2,4,Provincia Autonoma Trento
2024-12-01,LAZ,67,32,35,67,ITI,ITI4,12,Lazio
2024-10-24,CAL,37,19,18,37,ITF,ITF6,18,Calabria
2024-10-07,LIG,70,36,34,70,ITC,ITC3,7,Liguria
2024-12-09,SAR,51,30,21,51,ITG,ITG2,20,Sardegna
2024-12-13,CAM,76,35,41,76,ITF,ITF3,15,Campania
2024-12-04,LAZ,1072,480,592,1072,ITI,ITI4,12,Lazio
2024-11-20,SAR,227,117,110,227,ITG,ITG2,20,Sardegna
2024-11-07,SAR,442,224,218,442,ITG,ITG2,20,Sardegna
2024-10-18,PIE,1058,552,506,1058,ITC,ITC1,1,Piemonte
2024-11-19,CAL,64,42,22,64,ITF,ITF6,18,Calabria
2024-12-23,ABR,15,7,8,15,ITF,ITF1,13,Abruzzo
2024-11-08,VDA,147,75,72,147,ITC,ITC2,2,Valle d'Aosta / Vallée d'Aoste
2024-11-23,VEN,347,155,192,347,ITH,ITH3,5,Veneto
2024-10-29,LOM,8450,4035,4415,8450,ITC,ITC4,3,Lombardia
2024-10-01,CAM,4,3,1,4,ITF,ITF3,15,Campania
2024-10-31,TOS,2330,1062,1268,2330,ITI,ITI1,9,Toscana
2024-11-17,CAM,2,2,0,2,ITF,ITF3,15,Campania
2024-10-14,FVG,106,48,58,106,ITH,ITH4,6,Friuli-Venezia Giulia
2024-11-19,MOL,7,5,2,7,ITF,ITF2,14,Molise
2024-11-11,LOM,6558,3129,3429,6558,ITC,ITC4,3,Lombardia
2024-12-02,LOM,2164,1022,1142,2164,ITC,ITC4,3,Lombardia
2024-11-19,MAR,578,253,325,578,ITI,ITI3,11,Marche
2024-11-03,PIE,101,46,55,101,ITC,ITC1,1,Piemonte
2024-11-22,PIE,1880,904,976,1880,ITC,ITC1,1,Piemonte
2024-12-17,EMR,775,378,397,775,ITH,ITH5,8,Emilia-Romagna
2024-11-20,UMB,25,12,13,25,ITI,ITI2,10,Umbria
2024-11-26,PAT,193,83,110,193,ITH,ITH2,4,Provincia Autonoma Trento
2024-11-07,UMB,57,34,23,57,ITI,ITI2,10,Umbria
2024-12-20,FVG,159,77,82,159,ITH,ITH4,6,Friuli-Venezia Giulia
2024-10-15,ABR,113,60,53,113,ITF,ITF1,13,Abruzzo
2024-10-26,LAZ,670,331,339,670,ITI,ITI4,12,Lazio
2024-11-26,PUG,746,382,364,746,ITF,ITF4,16,Puglia
2024-10-31,MAR,265,135,130,265,ITI,ITI3,11,Marche
2024-12-09,CAL,51,26,25,51,ITF,ITF6,18,Calabria
2024-12-14,CAM,29,18,11,29,ITF,ITF3,15,Campania
2024-10-02,LAZ,79,36,43,79,ITI,ITI4,12,Lazio
2024-11-18,SIC,24,13,11,24,ITG,ITG1,19,Sicilia
2024-12-19,LOM,960,415,545,960,ITC,ITC4,3,Lombardia
2024-10-10,SIC,13,7,6,13,ITG,ITG1,19,Sicilia
2024-11-20,PAB,375,178,197,375,ITH,ITH1,4,Provincia Autonoma Bolzano / Bozen
2024-12-14,MAR,46,27,19,46,ITI,ITI3,11,Marche
2024-10-16,CAM,35,18,17,35,ITF,ITF3,15,Campania
2024-12-06,PAB,130,64,66,130,ITH,ITH1,4,Provincia Autonoma Bolzano / Bozen
2024-12-16,SAR,9,4,5,9,ITG,ITG2,20,Sardegna
2024-11-07,PAB,54,21,33,54,ITH,ITH1,4,Provincia Autonoma Bolzano / Bozen
2024-12-03,SAR,24,14,10,24,ITG,ITG2,20,Sardegna
2024-12-12,SIC,20,10,10,20,ITG,ITG1,19,Sicilia
2024-12-24,FVG,10,6,4,10,ITH,ITH4,6,Friuli-Venezia Giulia
2024-12-07,SIC,2,1,1,2,ITG,ITG1,19,Sicilia
2024-10-25,MOL,50,27,23,50,ITF,ITF2,14,Molise
2024-12-09,SIC,7,4,3,7,ITG,ITG1,19,Sicilia
2024-11-05,MOL,4,2,2,4,ITF,ITF2,14,Molise
2024-12-20,UMB,3,2,1,3,ITI,ITI2,10,Umbria
2024-12-01,FVG,1,0,1,1,ITH,ITH4,6,Friuli-Venezia Giulia
2024-11-10,FVG,15,6,9,15,ITH,ITH4,6,Friuli-Venezia Giulia
2024-12-17,MOL,3,2,1,3,ITF,ITF2,14,Molise
2024-10-15,CAL,4,2,2,4,ITF,ITF6,18,Calabria
2024-10-05,TOS,4,3,1,4,ITI,ITI1,9,Toscana
2024-12-06,UMB,2,1,1,2,ITI,ITI2,10,Umbria
2024-09-30,ABR,1,0,1,1,ITF,ITF1,13,Abruzzo
2024-11-17,LIG,1,0,1,1,ITC,ITC3,7,Liguria
2024-10-20,PUG,1,0,1,1,ITF,ITF4,16,Puglia
2024-11-17,PAB,4,1,3,4,ITH,ITH1,4,Provincia Autonoma Bolzano / Bozen
2024-12-21,PAT,2,1,1,2,ITH,ITH2,4,Provincia Autonoma Trento
2024-12-21,SIC,1,0,1,1,ITG,ITG1,19,Sicilia
2024-09-28,TOS,3,2,1,3,ITI,ITI1,9,Toscana
2024-10-29,CAL,58,35,23,58,ITF,ITF6,18,Calabria
2024-11-30,PUG,143,60,83,143,ITF,ITF4,16,Puglia
2024-11-04,SAR,180,89,91,180,ITG,ITG2,20,Sardegna
2024-12-21,LIG,20,10,10,20,ITC,ITC3,7,Liguria
2024-12-10,CAM,89,46,43,89,ITF,ITF3,15,Campania
2024-10-22,PIE,1289,598,691,1289,ITC,ITC1,1,Piemonte
2024-11-15,TOS,2386,1136,1250,2386,ITI,ITI1,9,Toscana
2024-10-22,SAR,170,75,95,170,ITG,ITG2,20,Sardegna
2024-12-06,FVG,483,235,248,483,ITH,ITH4,6,Friuli-Venezia Giulia
2024-10-26,LOM,6380,3177,3203,6380,ITC,ITC4,3,Lombardia
2024-12-18,UMB,20,12,8,20,ITI,ITI2,10,Umbria
2024-12-03,SIC,74,35,39,74,ITG,ITG1,19,Sicilia
2024-11-16,TOS,783,350,433,783,ITI,ITI1,9,Toscana
2024-10-18,PUG,302,158,144,302,ITF,ITF4,16,Puglia
2024-10-14,LAZ,431,229,202,431,ITI,ITI4,12,Lazio
2024-10-31,CAL,58,38,20,58,ITF,ITF6,18,Calabria
2024-10-08,SAR,22,12,10,22,ITG,ITG2,20,Sardegna
2024-11-06,SIC,15,8,7,15,ITG,ITG1,19,Sicilia
2024-10-22,CAL,18,12,6,18,ITF,ITF6,18,Calabria
2024-11-03,CAM,5,2,3,5,ITF,ITF3,15,Campania
2024-09-30,FVG,22,11,11,22,ITH,ITH4,6,Friuli-Venezia Giulia
2024-10-12,VDA,24,15,9,24,ITC,ITC2,2,Valle d'Aosta / Vallée d'Aoste
2024-10-03,ABR,2,1,1,2,ITF,ITF1,13,Abruzzo
2024-12-02,ABR,85,45,40,85,ITF,ITF1,13,Abruzzo
2024-12-19,SAR,17,10,7,17,ITG,ITG2,20,Sardegna
2024-10-01,LIG,23,13,10,23,ITC,ITC3,7,Liguria
2024-10-03,SAR,5,3,2,5,ITG,ITG2,20,Sardegna
2024-09-27,LAZ,10,4,6,10,ITI,ITI4,12,Lazio
2024-12-15,MAR,1,0,1,1,ITI,ITI3,11,Marche
2024-12-17,VDA,11,5,6,11,ITC,ITC2,2,Valle d'Aosta / Vallée d'Aoste
2024-12-15,VDA,1,1,0,1,ITC,ITC2,2,Valle d'Aosta / Vallée d'Aoste
2024-11-03,PUG,1,1,0,1,ITF,ITF4,16,Puglia
2024-12-24,SIC,3,3,0,3,ITG,ITG1,19,Sicilia
2024-10-20,PAB,1,0,1,1,ITH,ITH1,4,Provincia Autonoma Bolzano / Bozen
2024-12-01,EMR,69,29,40,69,ITH,ITH5,8,Emilia-Romagna
2024-12-06,PIE,1207,548,659,1207,ITC,ITC1,1,Piemonte
2024-12-18,EMR,838,379,459,838,ITH,ITH5,8,Emilia-Romagna
2024-11-25,PAT,156,83,73,156,ITH,ITH2,4,Provincia Autonoma Trento
2024-11-16,MAR,138,67,71,138,ITI,ITI3,11,Marche
2024-10-05,LIG,9,5,4,9,ITC,ITC3,7,Liguria
2024-12-03,LIG,551,260,291,551,ITC,ITC3,7,Liguria
2024-11-07,MAR,785,368,417,785,ITI,ITI3,11,Marche
2024-10-03,PIE,23,11,12,23,ITC,ITC1,1,Piemonte
2024-11-02,VDA,6,2,4,6,ITC,ITC2,2,Valle d'Aosta / Vallée d'Aoste
2024-09-24,EMR,4,2,2,4,ITH,ITH5,8,Emilia-Romagna
2024-10-15,EMR,3375,1655,1720,3375,ITH,ITH5,8,Emilia-Romagna
2024-10-24,LAZ,1410,718,692,1410,ITI,ITI4,12,Lazio
2024-12-02,FVG,322,154,168,322,ITH,ITH4,6,Friuli-Venezia Giulia
2024-11-12,TOS,2134,981,1153,2134,ITI,ITI1,9,Toscana
2024-11-04,BAS,6,3,3,6,ITF,ITF5,17,Basilicata
2024-12-14,UMB,12,8,4,12,ITI,ITI2,10,Umbria
2024-11-05,ABR,304,167,137,304,ITF,ITF1,13,Abruzzo
2024-12-20,VEN,166,65,101,166,ITH,ITH3,5,Veneto
2024-12-11,VDA,25,13,12,25,ITC,ITC2,2,Valle d'Aosta / Vallée d'Aoste
2024-11-18,LAZ,987,470,517,987,ITI,ITI4,12,Lazio
2024-11-01,LAZ,24,9,15,24,ITI,ITI4,12,Lazio
2024-12-23,EMR,217,107,110,217,ITH,ITH5,8,Emilia-Romagna
2024-12-10,FVG,330,167,163,330,ITH,ITH4,6,Friuli-Venezia Giulia
2024-10-23,PUG,397,211,186,397,ITF,ITF4,16,Puglia
2024-12-17,LIG,302,150,152,302,ITC,ITC3,7,Liguria
2024-10-17,VEN,540,273,267,540,ITH,ITH3,5,Veneto
2024-11-28,SAR,130,71,59,130,ITG,ITG2,20,Sardegna
2024-11-11,MOL,8,5,3,8,ITF,ITF2,14,Molise
2024-11-28,PIE,1248,576,672,1248,ITC,ITC1,1,Piemonte
2024-11-27,SAR,132,63,69,132,ITG,ITG2,20,Sardegna
2024-11-13,FVG,1159,512,647,1159,ITH,ITH4,6,Friuli-Venezia Giulia
2024-12-06,CAL,27,10,17,27,ITF,ITF6,18,Calabria
2024-10-23,PAT,532,244,288,532,ITH,ITH2,4,Provincia Autonoma Trento
2024-10-30,PIE,1676,790,886,1676,ITC,ITC1,1,Piemonte
2024-10-15,VEN,591,276,315,591,ITH,ITH3,5,Veneto
2024-12-24,VEN,13,5,8,13,ITH,ITH3,5,Veneto
2024-12-20,EMR,495,241,254,495,ITH,ITH5,8,Emilia-Romagna
2024-11-23,ABR,86,47,39,86,ITF,ITF1,13,Abruzzo
2024-10-28,MAR,358,190,168,358,ITI,ITI3,11,Marche
2024-11-27,LOM,3989,1820,2169,3989,ITC,ITC4,3,Lombardia
2024-11-06,PAB,503,260,243,503,ITH,ITH1,4,Provincia Autonoma Bolzano / Bozen
2024-11-06,LIG,650,315,335,650,ITC,ITC3,7,Liguria
2024-11-15,SIC,69,40,29,69,ITG,ITG1,19,Sicilia
2024-11-08,LAZ,1662,800,862,1662,ITI,ITI4,12,Lazio
2024-12-09,PUG,216,120,96,216,ITF,ITF4,16,Puglia
2024-10-14,TOS,967,462,505,967,ITI,ITI1,9,Toscana
2024-12-04,VDA,41,14,27,41,ITC,ITC2,2,Valle d'Aosta / Vallée d'Aoste
2024-11-26,MAR,174,82,92,174,ITI,ITI3,11,Marche
2024-12-12,LAZ,576,274,302,576,ITI,ITI4,12,Lazio
2024-10-11,LIG,96,51,45,96,ITC,ITC3,7,Liguria
2024-11-25,CAM,192,100,92,192,ITF,ITF3,15,Campania
2024-11-09,LIG,90,44,46,90,ITC,ITC3,7,Liguria
2024-11-23,FVG,469,228,241,469,ITH,ITH4,6,Friuli-Venezia Giulia
2024-10-07,PIE,60,35,25,60,ITC,ITC1,1,Piemonte
2024-10-30,CAL,26,14,12,26,ITF,ITF6,18,Calabria
2024-10-17,CAM,72,39,33,72,ITF,ITF3,15,Campania
2024-11-12,LAZ,1566,751,815,1566,ITI,ITI4,12,Lazio
2024-11-10,LAZ,56,23,33,56,ITI,ITI4,12,Lazio
2024-11-28,ABR,204,96,108,204,ITF,ITF1,13,Abruzzo
2024-12-04,FVG,268,124,144,268,ITH,ITH4,6,Friuli-Venezia Giulia
2024-11-13,CAL,166,99,67,166,ITF,ITF6,18,Calabria
2024-10-30,ABR,150,88,62,150,ITF,ITF1,13,Abruzzo
2024-11-30,TOS,162,72,90,162,ITI,ITI1,9,Toscana
2024-10-18,CAM,70,34,36,70,ITF,ITF3,15,Campania
2024-11-28,CAL,67,27,40,67,ITF,ITF6,18,Calabria
2024-11-07,MOL,5,3,2,5,ITF,ITF2,14,Molise
2024-11-17,PIE,18,7,11,18,ITC,ITC1,1,Piemonte
2024-12-23,SIC,6,5,1,6,ITG,ITG1,19,Sicilia
2024-11-14,MOL,5,4,1,5,ITF,ITF2,14,Molise
2024-11-16,SIC,3,0,3,3,ITG,ITG1,19,Sicilia
2024-11-26,VDA,7,1,6,7,ITC,ITC2,2,Valle d'Aosta / Vallée d'Aoste
2024-10-20,ABR,1,1,0,1,ITF,ITF1,13,Abruzzo
2024-12-01,VEN,5,5,0,5,ITH,ITH3,5,Veneto
2024-10-27,ABR,25,14,11,25,ITF,ITF1,13,Abruzzo
2024-10-21,CAM,55,35,20,55,ITF,ITF3,15,Campania
2024-12-21,MAR,27,14,13,27,ITI,ITI3,11,Marche
2024-10-10,EMR,1639,816,823,1639,ITH,ITH5,8,Emilia-Romagna
2024-11-22,PAT,217,110,107,217,ITH,ITH2,4,Provincia Autonoma Trento
2024-11-14,PIE,2245,1057,1188,2245,ITC,ITC1,1,Piemonte
2024-12-06,MOL,8,5,3,8,ITF,ITF2,14,Molise
2024-11-22,CAL,79,46,33,79,ITF,ITF6,18,Calabria
2024-11-22,PUG,831,415,416,831,ITF,ITF4,16,Puglia
2024-11-12,PIE,1922,889,1033,1922,ITC,ITC1,1,Piemonte
2024-10-11,PAT,92,44,48,92,ITH,ITH2,4,Provincia Autonoma Trento
2024-11-11,SAR,383,197,186,383,ITG,ITG2,20,Sardegna
2024-12-10,VEN,388,173,215,388,ITH,ITH3,5,Veneto
2024-12-14,LAZ,181,83,98,181,ITI,ITI4,12,Lazio
2024-10-10,ABR,54,38,16,54,ITF,ITF1,13,Abruzzo
2024-12-04,ABR,102,49,53,102,ITF,ITF1,13,Abruzzo
2024-12-10,SAR,30,15,15,30,ITG,ITG2,20,Sardegna
2024-11-23,TOS,487,215,272,487,ITI,ITI1,9,Toscana
2024-10-23,ABR,102,44,58,102,ITF,ITF1,13,Abruzzo
2024-10-21,LIG,340,161,179,340,ITC,ITC3,7,Liguria
2024-10-05,LOM,3997,2107,1890,3997,ITC,ITC4,3,Lombardia
2024-11-11,VEN,694,356,338,694,ITH,ITH3,5,Veneto
2024-11-14,PAB,366,163,203,366,ITH,ITH1,4,Provincia Autonoma Bolzano / Bozen
2024-10-11,PUG,126,66,60,126,ITF,ITF4,16,Puglia
2024-11-13,SIC,28,19,9,28,ITG,ITG1,19,Sicilia
2024-12-13,FVG,359,161,198,359,ITH,ITH4,6,Friuli-Venezia Giulia
2024-10-28,MOL,33,14,19,33,ITF,ITF2,14,Molise
2024-11-13,LAZ,1896,909,987,1896,ITI,ITI4,12,Lazio
2024-10-15,FVG,30,17,13,30,ITH,ITH4,6,Friuli-Venezia Giulia
2024-11-15,ABR,55,22,33,55,ITF,ITF1,13,Abruzzo
2024-11-02,CAL,7,1,6,7,ITF,ITF6,18,Calabria
2024-10-02,CAM,19,12,7,19,ITF,ITF3,15,Campania
2024-11-07,EMR,6372,3083,3289,6372,ITH,ITH5,8,Emilia-Romagna
2024-10-28,PAT,240,112,128,240,ITH,ITH2,4,Provincia Autonoma Trento
2024-11-17,FVG,13,4,9,13,ITH,ITH4,6,Friuli-Venezia Giulia
2024-12-09,LOM,1564,674,890,1564,ITC,ITC4,3,Lombardia
2024-11-09,PIE,809,386,423,809,ITC,ITC1,1,Piemonte
2024-10-28,PUG,392,213,179,392,ITF,ITF4,16,Puglia
2024-12-17,TOS,291,137,154,291,ITI,ITI1,9,Toscana
2024-12-14,SIC,7,4,3,7,ITG,ITG1,19,Sicilia
2024-11-07,LOM,8710,4032,4678,8710,ITC,ITC4,3,Lombardia
2024-10-22,TOS,2007,937,1070,2007,ITI,ITI1,9,Toscana
2024-11-08,FVG,930,475,455,930,ITH,ITH4,6,Friuli-Venezia Giulia
2024-10-08,EMR,1281,647,634,1281,ITH,ITH5,8,Emilia-Romagna
2024-11-29,CAM,186,109,77,186,ITF,ITF3,15,Campania
2024-12-13,PUG,450,207,243,450,ITF,ITF4,16,Puglia
2024-09-20,TOS,4,3,1,4,ITI,ITI1,9,Toscana
2024-10-23,VDA,215,107,108,215,ITC,ITC2,2,Valle d'Aosta / Vallée d'Aoste
2024-12-11,PAT,249,99,150,249,ITH,ITH2,4,Provincia Autonoma Trento
2024-12-17,PAB,72,40,32,72,ITH,ITH1,4,Provincia Autonoma Bolzano / Bozen
2024-12-15,EMR,39,14,25,39,ITH,ITH5,8,Emilia-Romagna
2024-12-11,CAL,33,19,14,33,ITF,ITF6,18,Calabria
2024-11-05,UMB,30,14,16,30,ITI,ITI2,10,Umbria
2024-12-05,PIE,900,422,478,900,ITC,ITC1,1,Piemonte
2024-12-09,ABR,98,48,50,98,ITF,ITF1,13,Abruzzo
2024-10-21,PIE,834,397,437,834,ITC,ITC1,1,Piemonte
2024-10-15,PAT,278,161,117,278,ITH,ITH2,4,Provincia Autonoma Trento
2024-10-30,LAZ,371,139,232,371,ITI,ITI4,12,Lazio
2024-11-14,TOS,2997,1389,1608,2997,ITI,ITI1,9,Toscana
2024-12-11,PUG,470,226,244,470,ITF,ITF4,16,Puglia
2024-12-05,UMB,39,22,17,39,ITI,ITI2,10,Umbria
2024-12-13,PAT,78,30,48,78,ITH,ITH2,4,Provincia Autonoma Trento
2024-10-10,LOM,1833,846,987,1833,ITC,ITC4,3,Lombardia
2024-11-16,VDA,22,10,12,22,ITC,ITC2,2,Valle d'Aosta / Vallée d'Aoste
2024-11-02,CAM,16,11,5,16,ITF,ITF3,15,Campania
2024-10-31,CAM,107,64,43,107,ITF,ITF3,15,Campania
2024-10-20,EMR,271,129,142,271,ITH,ITH5,8,Emilia-Romagna
2024-10-24,FVG,446,234,212,446,ITH,ITH4,6,Friuli-Venezia Giulia
2024-11-24,LAZ,60,29,31,60,ITI,ITI4,12,Lazio
2024-11-30,MAR,28,13,15,28,ITI,ITI3,11,Marche
2024-09-30,PUG,8,5,3,8,ITF,ITF4,16,Puglia
2024-10-04,PIE,24,9,15,24,ITC,ITC1,1,Piemonte
2024-11-28,VDA,22,13,9,22,ITC,ITC2,2,Valle d'Aosta / Vallée d'Aoste
2024-10-23,BAS,16,8,8,16,ITF,ITF5,17,Basilicata
2024-11-25,VDA,18,7,11,18,ITC,ITC2,2,Valle d'Aosta / Vallée d'Aoste
2024-10-19,UMB,3,0,3,3,ITI,ITI2,10,Umbria
2024-10-04,CAM,11,7,4,11,ITF,ITF3,15,Campania
2024-10-14,PAB,5,4,1,5,ITH,ITH1,4,Provincia Autonoma Bolzano / Bozen
2024-10-27,MAR,3,1,2,3,ITI,ITI3,11,Marche
2024-11-01,FVG,5,2,3,5,ITH,ITH4,6,Friuli-Venezia Giulia
2024-10-05,CAM,2,1,1,2,ITF,ITF3,15,Campania
2024-12-01,MAR,1,0,1,1,ITI,ITI3,11,Marche
2024-11-09,PAB,1,1,0,1,ITH,ITH1,4,Provincia Autonoma Bolzano / Bozen
2024-11-29,SIC,54,32,22,54,ITG,ITG1,19,Sicilia
2024-12-16,MAR,77,43,34,77,ITI,ITI3,11,Marche
2024-11-16,CAL,11,7,4,11,ITF,ITF6,18,Calabria
2024-12-26,EMR,4,3,1,4,ITH,ITH5,8,Emilia-Romagna
2024-10-17,LIG,456,253,203,456,ITC,ITC3,7,Liguria
2024-11-12,MAR,378,191,187,378,ITI,ITI3,11,Marche
2024-11-29,VEN,563,273,290,563,ITH,ITH3,5,Veneto
2024-10-30,MOL,12,8,4,12,ITF,ITF2,14,Molise
2024-10-29,EMR,6002,2866,3136,6002,ITH,ITH5,8,Emilia-Romagna
2024-10-17,LOM,7117,3350,3767,7117,ITC,ITC4,3,Lombardia
2024-12-17,PUG,359,176,183,359,ITF,ITF4,16,Puglia
2024-12-20,CAM,37,20,17,37,ITF,ITF3,15,Campania
2024-10-24,TOS,2848,1332,1516,2848,ITI,ITI1,9,Toscana
2024-12-06,EMR,1441,670,771,1441,ITH,ITH5,8,Emilia-Romagna
2024-11-11,VDA,62,34,28,62,ITC,ITC2,2,Valle d'Aosta / Vallée d'Aoste
2024-10-25,PAT,453,231,222,453,ITH,ITH2,4,Provincia Autonoma Trento
2024-09-27,EMR,60,28,32,60,ITH,ITH5,8,Emilia-Romagna
2024-11-27,PIE,1344,648,696,1344,ITC,ITC1,1,Piemonte
2024-11-21,CAM,154,98,56,154,ITF,ITF3,15,Campania
2024-12-17,PAT,70,18,52,70,ITH,ITH2,4,Provincia Autonoma Trento
2024-11-08,MAR,759,388,371,759,ITI,ITI3,11,Marche
2024-11-14,SIC,33,22,11,33,ITG,ITG1,19,Sicilia
2024-12-07,TOS,65,25,40,65,ITI,ITI1,9,Toscana
2024-10-02,SAR,12,8,4,12,ITG,ITG2,20,Sardegna
2024-11-23,MOL,16,7,9,16,ITF,ITF2,14,Molise
2024-12-21,TOS,26,14,12,26,ITI,ITI1,9,Toscana
2024-11-15,PAB,275,112,163,275,ITH,ITH1,4,Provincia Autonoma Bolzano / Bozen
2024-11-26,PIE,1378,686,692,1378,ITC,ITC1,1,Piemonte
2024-12-18,PAT,79,36,43,79,ITH,ITH2,4,Provincia Autonoma Trento
2024-12-23,VEN,36,10,26,36,ITH,ITH3,5,Veneto
2024-10-31,LAZ,1209,598,611,1209,ITI,ITI4,12,Lazio
2024-10-23,TOS,2274,1104,1170,2274,ITI,ITI1,9,Toscana
2024-10-12,VEN,122,60,62,122,ITH,ITH3,5,Veneto
2024-12-18,PUG,260,132,128,260,ITF,ITF4,16,Puglia
2024-11-01,MAR,16,9,7,16,ITI,ITI3,11,Marche
2024-10-10,TOS,615,284,331,615,ITI,ITI1,9,Toscana
2024-11-19,PAT,237,108,129,237,ITH,ITH2,4,Provincia Autonoma Trento
2024-10-07,MAR,6,2,4,6,ITI,ITI3,11,Marche
2024-10-24,MAR,629,317,312,629,ITI,ITI3,11,Marche
2024-11-05,FVG,815,386,429,815,ITH,ITH4,6,Friuli-Venezia Giulia
2024-10-27,TOS,72,29,43,72,ITI,ITI1,9,Toscana
2024-12-16,VDA,8,1,7,8,ITC,ITC2,2,Valle d'Aosta / Vallée d'Aoste
2024-10-18,UMB,9,6,3,9,ITI,ITI2,10,Umbria
2024-11-25,UMB,8,6,2,8,ITI,ITI2,10,Umbria
2024-11-18,TOS,1604,774,830,1604,ITI,ITI1,9,Toscana
2024-10-03,MOL,12,7,5,12,ITF,ITF2,14,Molise
2024-10-28,CAL,68,45,23,68,ITF,ITF6,18,Calabria
2024-10-01,EMR,24,12,12,24,ITH,ITH5,8,Emilia-Romagna
2024-12-09,PAB,90,40,50,90,ITH,ITH1,4,Provincia Autonoma Bolzano / Bozen
2024-12-09,TOS,466,216,250,466,ITI,ITI1,9,Toscana
2024-10-25,SAR,96,46,50,96,ITG,ITG2,20,Sardegna
2024-10-04,SAR,13,8,5,13,ITG,ITG2,20,Sardegna
2024-10-27,PIE,25,12,13,25,ITC,ITC1,1,Piemonte
2024-10-05,LAZ,4,1,3,4,ITI,ITI4,12,Lazio
2024-12-11,EMR,1277,622,655,1277,ITH,ITH5,8,Emilia-Romagna
2024-10-26,PIE,806,388,418,806,ITC,ITC1,1,Piemonte
2024-11-13,EMR,5471,2611,2860,5471,ITH,ITH5,8,Emilia-Romagna
2024-11-30,PIE,487,248,239,487,ITC,ITC1,1,Piemonte
2024-10-15,LOM,6465,3135,3330,6465,ITC,ITC4,3,Lombardia
2024-10-10,LAZ,254,120,134,254,ITI,ITI4,12,Lazio
2024-12-21,PIE,109,53,56,109,ITC,ITC1,1,Piemonte
2024-12-24,LAZ,35,16,19,35,ITI,ITI4,12,Lazio
2024-11-22,LOM,4996,2302,2694,4996,ITC,ITC4,3,Lombardia
2024-09-30,LOM,122,69,53,122,ITC,ITC4,3,Lombardia
2024-09-19,PUG,8,4,4,8,ITF,ITF4,16,Puglia
2024-12-15,PUG,2,0,2,2,ITF,ITF4,16,Puglia
2024-10-07,CAM,18,11,7,18,ITF,ITF3,15,Campania
2024-11-15,EMR,3911,1784,2127,3911,ITH,ITH5,8,Emilia-Romagna
2024-09-26,LOM,88,51,37,88,ITC,ITC4,3,Lombardia
2024-10-23,PAB,465,235,230,465,ITH,ITH1,4,Provincia Autonoma Bolzano / Bozen
2024-12-12,MAR,121,62,59,121,ITI,ITI3,11,Marche
2024-12-18,VEN,191,100,91,191,ITH,ITH3,5,Veneto
2024-10-21,VEN,531,268,263,531,ITH,ITH3,5,Veneto
2024-10-23,SAR,141,68,73,141,ITG,ITG2,20,Sardegna
2024-12-18,SIC,17,9,8,17,ITG,ITG1,19,Sicilia
2024-10-28,LIG,423,214,209,423,ITC,ITC3,7,Liguria
2024-11-05,SAR,253,140,113,253,ITG,ITG2,20,Sardegna
2024-11-27,ABR,153,81,72,153,ITF,ITF1,13,Abruzzo
2024-10-23,UMB,6,2,4,6,ITI,ITI2,10,Umbria
2024-11-06,UMB,17,8,9,17,ITI,ITI2,10,Umbria
2024-12-10,VDA,7,3,4,7,ITC,ITC2,2,Valle d'Aosta / Vallée d'Aoste
2024-12-24,UMB,5,4,1,5,ITI,ITI2,10,Umbria
2024-12-14,CAL,5,2,3,5,ITF,ITF6,18,Calabria
2024-11-30,VDA,4,3,1,4,ITC,ITC2,2,Valle d'Aosta / Vallée d'Aoste
