data,area,totale,m,f,d,N1,N2,ISTAT,reg
2023-10-19,PAT,318,146,172,318,ITH,ITH2,4,Provincia Autonoma Trento
2023-11-16,LAZ,2587,1266,1321,2587,ITI,ITI4,12,Lazio
2023-10-27,MAR,910,478,432,910,ITI,ITI3,11,Marche
2023-12-22,SIC,864,484,380,864,ITG,ITG1,19,Sicilia
2023-12-20,UMB,913,478,435,913,ITI,ITI2,10,Umbria
2023-12-28,EMR,1803,876,927,1803,ITH,ITH5,8,Emilia-Romagna
2023-11-03,LAZ,1684,850,834,1684,ITI,ITI4,12,Lazio
2023-10-05,PIE,14,9,5,14,ITC,ITC1,1,Piemonte
2023-11-18,LIG,257,127,130,257,ITC,ITC3,7,Liguria
2023-11-07,UMB,482,228,254,482,ITI,ITI2,10,Umbria
2023-10-21,LAZ,442,217,225,442,ITI,ITI4,12,Lazio
2023-11-14,ABR,228,106,122,228,ITF,ITF1,13,Abruzzo
2023-11-13,LIG,394,190,204,394,ITC,ITC3,7,Liguria
2023-11-14,PAT,454,226,228,454,ITH,ITH2,4,Provincia Autonoma Trento
2023-11-05,MAR,28,11,17,28,ITI,ITI3,11,Marche
2023-10-19,PUG,486,261,225,486,ITF,ITF4,16,Puglia
2023-11-25,MOL,85,42,43,85,ITF,ITF2,14,Molise
2023-12-29,TOS,2053,990,1063,2053,ITI,ITI1,9,Toscana
2023-10-14,TOS,358,182,176,358,ITI,ITI1,9,Toscana
2023-10-27,LAZ,1371,688,683,1371,ITI,ITI4,12,Lazio
2023-12-02,PIE,1197,604,593,1197,ITC,ITC1,1,Piemonte
2023-11-16,MAR,856,428,428,856,ITI,ITI3,11,Marche
2023-12-27,SIC,568,280,288,568,ITG,ITG1,19,Sicilia
2023-12-17,PIE,416,227,189,416,ITC,ITC1,1,Piemonte
2023-11-29,SAR,860,435,425,860,ITG,ITG2,20,Sardegna
2023-11-14,PUG,1864,959,905,1864,ITF,ITF4,16,Puglia
2023-10-31,PAT,448,243,205,448,ITH,ITH2,4,Provincia Autonoma Trento
2023-12-14,VDA,63,30,33,63,ITC,ITC2,2,Valle d'Aosta / Vallée d'Aoste
2023-11-27,CAL,211,118,93,211,ITF,ITF6,18,Calabria
2023-10-05,SAR,42,23,19,42,ITG,ITG2,20,Sardegna
2023-11-14,BAS,24,10,14,24,ITF,ITF5,17,Basilicata
2023-10-31,PUG,876,450,426,876,ITF,ITF4,16,Puglia
2023-12-27,EMR,1213,581,632,1213,ITH,ITH5,8,Emilia-Romagna
2023-12-20,LIG,2358,1113,1245,2358,ITC,ITC3,7,Liguria
2023-12-21,LIG,1831,927,904,1831,ITC,ITC3,7,Liguria
2023-10-22,LOM,381,190,191,381,ITC,ITC4,3,Lombardia
2023-10-12,LIG,126,48,78,126,ITC,ITC3,7,Liguria
2023-10-09,FVG,48,26,22,48,ITH,ITH4,6,Friuli-Venezia Giulia
2023-11-16,VDA,120,58,62,120,ITC,ITC2,2,Valle d'Aosta / Vallée d'Aoste
2023-11-18,PAB,9,2,7,9,ITH,ITH1,4,Provincia Autonoma Bolzano / Bozen
2023-10-26,LAZ,841,412,429,841,ITI,ITI4,12,Lazio
2023-10-16,CAM,166,94,72,166,ITF,ITF3,15,Campania
2023-11-09,LIG,1033,523,510,1033,ITC,ITC3,7,Liguria
2023-10-09,LOM,380,153,227,380,ITC,ITC4,3,Lombardia
2023-11-15,MAR,767,380,387,767,ITI,ITI3,11,Marche
2023-12-15,PUG,3624,1781,1843,3624,ITF,ITF4,16,Puglia
2023-11-06,FVG,931,411,520,931,ITH,ITH4,6,Friuli-Venezia Giulia
2023-11-23,FVG,1257,584,673,1257,ITH,ITH4,6,Friuli-Venezia Giulia
2023-11-07,PAB,550,278,272,550,ITH,ITH1,4,Provincia Autonoma Bolzano / Bozen
2023-11-18,UMB,235,120,115,235,ITI,ITI2,10,Umbria
2023-12-24,SIC,6,4,2,6,ITG,ITG1,19,Sicilia
2023-11-29,VEN,4509,2128,2381,4509,ITH,ITH3,5,Veneto
2023-10-17,PAB,494,251,243,494,ITH,ITH1,4,Provincia Autonoma Bolzano / Bozen
2023-10-17,LIG,350,149,201,350,ITC,ITC3,7,Liguria
2023-11-28,PUG,1871,959,912,1871,ITF,ITF4,16,Puglia
2023-11-29,LOM,10686,5085,5601,10686,ITC,ITC4,3,Lombardia
2023-12-20,PAB,489,272,217,489,ITH,ITH1,4,Provincia Autonoma Bolzano / Bozen
2023-10-11,FVG,72,36,36,72,ITH,ITH4,6,Friuli-Venezia Giulia
2023-11-28,PAT,465,212,253,465,ITH,ITH2,4,Provincia Autonoma Trento
2023-12-14,MAR,1114,555,559,1114,ITI,ITI3,11,Marche
2024-01-03,UMB,147,73,74,147,ITI,ITI2,10,Umbria
2023-11-15,SIC,70,34,36,70,ITG,ITG1,19,Sicilia
2023-12-29,PUG,1276,657,619,1276,ITF,ITF4,16,Puglia
2023-11-15,LAZ,2431,1204,1227,2431,ITI,ITI4,12,Lazio
2023-11-06,PUG,1231,640,591,1231,ITF,ITF4,16,Puglia
2023-11-06,CAL,60,32,28,60,ITF,ITF6,18,Calabria
2023-10-16,LOM,4579,2411,2168,4579,ITC,ITC4,3,Lombardia
2023-10-22,EMR,105,50,55,105,ITH,ITH5,8,Emilia-Romagna
2023-10-21,TOS,864,437,427,864,ITI,ITI1,9,Toscana
2023-11-23,VDA,89,51,38,89,ITC,ITC2,2,Valle d'Aosta / Vallée d'Aoste
2023-10-24,PUG,1095,583,512,1095,ITF,ITF4,16,Puglia
2023-12-01,LIG,1147,589,558,1147,ITC,ITC3,7,Liguria
2024-01-03,PIE,1138,563,575,1138,ITC,ITC1,1,Piemonte
2023-11-13,UMB,415,201,214,415,ITI,ITI2,10,Umbria
2023-12-05,BAS,244,130,114,244,ITF,ITF5,17,Basilicata
2023-10-27,VDA,220,98,122,220,ITC,ITC2,2,Valle d'Aosta / Vallée d'Aoste
2023-12-29,PAT,2068,1060,1008,2068,ITH,ITH2,4,Provincia Autonoma Trento
2023-12-15,PAT,451,224,227,451,ITH,ITH2,4,Provincia Autonoma Trento
2023-12-12,LAZ,4697,2278,2419,4697,ITI,ITI4,12,Lazio
2023-12-03,CAM,20,12,8,20,ITF,ITF3,15,Campania
2023-11-21,MOL,47,29,18,47,ITF,ITF2,14,Molise
2023-11-11,SIC,34,17,17,34,ITG,ITG1,19,Sicilia
2023-11-13,PAB,200,77,123,200,ITH,ITH1,4,Provincia Autonoma Bolzano / Bozen
2023-10-24,TOS,2453,1131,1322,2453,ITI,ITI1,9,Toscana
2023-12-17,CAM,80,41,39,80,ITF,ITF3,15,Campania
2023-10-25,MOL,74,40,34,74,ITF,ITF2,14,Molise
2023-12-30,FVG,33,20,13,33,ITH,ITH4,6,Friuli-Venezia Giulia
2023-11-12,MOL,16,10,6,16,ITF,ITF2,14,Molise
2023-11-04,SIC,18,12,6,18,ITG,ITG1,19,Sicilia
2024-01-02,MOL,30,20,10,30,ITF,ITF2,14,Molise
2023-10-22,ABR,5,3,2,5,ITF,ITF1,13,Abruzzo
2023-10-03,PUG,10,7,3,10,ITF,ITF4,16,Puglia
2023-10-03,FVG,6,2,4,6,ITH,ITH4,6,Friuli-Venezia Giulia
2023-12-26,UMB,1,0,1,1,ITI,ITI2,10,Umbria
2023-10-22,VEN,6,4,2,6,ITH,ITH3,5,Veneto
2023-10-29,UMB,3,1,2,3,ITI,ITI2,10,Umbria
2023-12-31,FVG,1,0,1,1,ITH,ITH4,6,Friuli-Venezia Giulia
2023-11-29,CAM,646,352,294,646,ITF,ITF3,15,Campania
2023-12-13,PAB,212,92,120,212,ITH,ITH1,4,Provincia Autonoma Bolzano / Bozen
2023-12-13,MOL,161,88,73,161,ITF,ITF2,14,Molise
2023-10-06,LIG,61,21,40,61,ITC,ITC3,7,Liguria
2023-11-20,UMB,374,185,189,374,ITI,ITI2,10,Umbria
2023-12-27,SAR,292,150,142,292,ITG,ITG2,20,Sardegna
2023-12-28,UMB,409,196,213,409,ITI,ITI2,10,Umbria
2023-11-20,SAR,401,207,194,401,ITG,ITG2,20,Sardegna
2023-11-30,TOS,7328,3452,3876,7328,ITI,ITI1,9,Toscana
2023-12-09,MAR,193,98,95,193,ITI,ITI3,11,Marche
2023-10-24,SIC,86,50,36,86,ITG,ITG1,19,Sicilia
2023-12-24,EMR,31,17,14,31,ITH,ITH5,8,Emilia-Romagna
2023-12-22,PAB,25,13,12,25,ITH,ITH1,4,Provincia Autonoma Bolzano / Bozen
2023-11-17,MAR,49,22,27,49,ITI,ITI3,11,Marche
2023-11-10,PUG,1917,1007,910,1917,ITF,ITF4,16,Puglia
2023-11-15,UMB,908,473,435,908,ITI,ITI2,10,Umbria
2023-10-13,PIE,202,112,90,202,ITC,ITC1,1,Piemonte
2023-11-07,EMR,6326,2938,3388,6326,ITH,ITH5,8,Emilia-Romagna
2023-11-08,TOS,6448,2948,3500,6448,ITI,ITI1,9,Toscana
2023-12-12,TOS,4088,1961,2127,4088,ITI,ITI1,9,Toscana
2023-11-22,PAB,513,252,261,513,ITH,ITH1,4,Provincia Autonoma Bolzano / Bozen
2023-11-25,CAM,180,92,88,180,ITF,ITF3,15,Campania
2023-11-09,MOL,78,25,53,78,ITF,ITF2,14,Molise
2023-10-07,VEN,1,1,0,1,ITH,ITH3,5,Veneto
2024-01-02,CAM,428,225,203,428,ITF,ITF3,15,Campania
2023-12-05,PUG,2108,1068,1040,2108,ITF,ITF4,16,Puglia
2023-11-18,VEN,1878,907,971,1878,ITH,ITH3,5,Veneto
2023-12-05,CAL,405,223,182,405,ITF,ITF6,18,Calabria
2023-10-26,TOS,4653,2169,2484,4653,ITI,ITI1,9,Toscana
2023-10-29,EMR,329,170,159,329,ITH,ITH5,8,Emilia-Romagna
2023-10-27,TOS,4046,1916,2130,4046,ITI,ITI1,9,Toscana
2023-12-26,VEN,286,153,133,286,ITH,ITH3,5,Veneto
2023-12-30,MAR,88,38,50,88,ITI,ITI3,11,Marche
2023-10-25,PIE,1799,815,984,1799,ITC,ITC1,1,Piemonte
2024-01-03,FVG,428,195,233,428,ITH,ITH4,6,Friuli-Venezia Giulia
2023-11-29,BAS,107,58,49,107,ITF,ITF5,17,Basilicata
2024-01-03,CAL,114,69,45,114,ITF,ITF6,18,Calabria
2023-11-27,PUG,1254,651,603,1254,ITF,ITF4,16,Puglia
2023-12-23,LAZ,3278,1784,1494,3278,ITI,ITI4,12,Lazio
2023-10-20,PAB,302,152,150,302,ITH,ITH1,4,Provincia Autonoma Bolzano / Bozen
2023-12-15,FVG,1020,486,534,1020,ITH,ITH4,6,Friuli-Venezia Giulia
2023-10-18,PUG,452,246,206,452,ITF,ITF4,16,Puglia
2023-11-27,PAT,70,22,48,70,ITH,ITH2,4,Provincia Autonoma Trento
2023-11-21,PAB,560,281,279,560,ITH,ITH1,4,Provincia Autonoma Bolzano / Bozen
2023-10-28,LIG,102,40,62,102,ITC,ITC3,7,Liguria
2023-11-24,LAZ,2194,1059,1135,2194,ITI,ITI4,12,Lazio
2023-11-04,VEN,1737,869,868,1737,ITH,ITH3,5,Veneto
2024-01-02,LOM,2106,1005,1101,2106,ITC,ITC4,3,Lombardia
2023-12-01,SIC,377,196,181,377,ITG,ITG1,19,Sicilia
2023-12-11,MAR,650,317,333,650,ITI,ITI3,11,Marche
2023-12-27,MOL,103,54,49,103,ITF,ITF2,14,Molise
2023-12-25,CAM,13,9,4,13,ITF,ITF3,15,Campania
2023-10-07,PIE,47,24,23,47,ITC,ITC1,1,Piemonte
2023-11-28,TOS,4503,2079,2424,4503,ITI,ITI1,9,Toscana
2023-12-26,EMR,71,37,34,71,ITH,ITH5,8,Emilia-Romagna
2023-11-15,MOL,78,44,34,78,ITF,ITF2,14,Molise
2023-11-04,UMB,175,82,93,175,ITI,ITI2,10,Umbria
2023-12-16,SIC,154,76,78,154,ITG,ITG1,19,Sicilia
2023-11-19,FVG,46,19,27,46,ITH,ITH4,6,Friuli-Venezia Giulia
2023-12-17,FVG,19,9,10,19,ITH,ITH4,6,Friuli-Venezia Giulia
2023-12-03,LOM,658,321,337,658,ITC,ITC4,3,Lombardia
2023-11-26,EMR,339,170,169,339,ITH,ITH5,8,Emilia-Romagna
2023-12-21,SAR,942,462,480,942,ITG,ITG2,20,Sardegna
2023-12-11,LIG,1778,880,898,1778,ITC,ITC3,7,Liguria
2023-12-13,EMR,5847,2866,2981,5847,ITH,ITH5,8,Emilia-Romagna
2023-10-11,LAZ,160,90,70,160,ITI,ITI4,12,Lazio
2023-10-16,FVG,121,64,57,121,ITH,ITH4,6,Friuli-Venezia Giulia
2023-12-07,SIC,457,249,208,457,ITG,ITG1,19,Sicilia
2023-12-21,EMR,4686,2338,2348,4686,ITH,ITH5,8,Emilia-Romagna
2023-11-03,LIG,691,352,339,691,ITC,ITC3,7,Liguria
2023-11-24,SIC,228,119,109,228,ITG,ITG1,19,Sicilia
2023-12-06,MAR,54,25,29,54,ITI,ITI3,11,Marche
2023-11-11,PAB,36,17,19,36,ITH,ITH1,4,Provincia Autonoma Bolzano / Bozen
2023-11-27,PIE,2333,1064,1269,2333,ITC,ITC1,1,Piemonte
2023-10-30,LIG,400,205,195,400,ITC,ITC3,7,Liguria
2023-10-13,PAB,232,121,111,232,ITH,ITH1,4,Provincia Autonoma Bolzano / Bozen
2023-11-22,SAR,754,383,371,754,ITG,ITG2,20,Sardegna
2023-11-29,ABR,322,161,161,322,ITF,ITF1,13,Abruzzo
2023-11-09,UMB,708,338,370,708,ITI,ITI2,10,Umbria
2023-10-02,LAZ,17,7,10,17,ITI,ITI4,12,Lazio
2023-11-18,EMR,2175,1061,1114,2175,ITH,ITH5,8,Emilia-Romagna
2023-12-10,LAZ,196,89,107,196,ITI,ITI4,12,Lazio
2023-11-22,UMB,671,334,337,671,ITI,ITI2,10,Umbria
2023-11-17,LAZ,2571,1244,1327,2571,ITI,ITI4,12,Lazio
2023-12-16,MAR,730,362,368,730,ITI,ITI3,11,Marche
2023-10-20,LIG,84,33,51,84,ITC,ITC3,7,Liguria
2023-12-15,CAM,1432,821,611,1432,ITF,ITF3,15,Campania
2024-01-03,CAM,490,278,212,490,ITF,ITF3,15,Campania
2023-12-25,PIE,14,8,6,14,ITC,ITC1,1,Piemonte
2023-12-18,BAS,117,69,48,117,ITF,ITF5,17,Basilicata
2023-10-11,MAR,4,2,2,4,ITI,ITI3,11,Marche
2023-11-22,VEN,3712,1674,2038,3712,ITH,ITH3,5,Veneto
2023-10-29,LOM,640,314,326,640,ITC,ITC4,3,Lombardia
2023-10-29,VEN,35,19,16,35,ITH,ITH3,5,Veneto
2023-10-25,CAM,302,179,123,302,ITF,ITF3,15,Campania
2023-12-19,TOS,3261,1585,1676,3261,ITI,ITI1,9,Toscana
2023-12-08,VEN,1165,575,590,1165,ITH,ITH3,5,Veneto
2023-11-26,LOM,1046,516,530,1046,ITC,ITC4,3,Lombardia
2023-10-12,EMR,55,24,31,55,ITH,ITH5,8,Emilia-Romagna
2023-10-30,PAB,185,83,102,185,ITH,ITH1,4,Provincia Autonoma Bolzano / Bozen
2023-12-17,CAL,128,55,73,128,ITF,ITF6,18,Calabria
2023-11-22,EMR,6066,2964,3102,6066,ITH,ITH5,8,Emilia-Romagna
2023-12-21,VEN,4186,2147,2039,4186,ITH,ITH3,5,Veneto
2023-12-20,EMR,5405,2747,2658,5405,ITH,ITH5,8,Emilia-Romagna
2023-12-17,PUG,78,41,37,78,ITF,ITF4,16,Puglia
2023-11-08,VDA,212,106,106,212,ITC,ITC2,2,Valle d'Aosta / Vallée d'Aoste
2023-10-05,CAM,40,24,16,40,ITF,ITF3,15,Campania
2023-10-09,PUG,14,7,7,14,ITF,ITF4,16,Puglia
2023-12-24,UMB,6,2,4,6,ITI,ITI2,10,Umbria
2023-12-08,PAB,1,1,0,1,ITH,ITH1,4,Provincia Autonoma Bolzano / Bozen
2023-11-05,SIC,3,2,1,3,ITG,ITG1,19,Sicilia
2023-10-18,TOS,1079,521,558,1079,ITI,ITI1,9,Toscana
2023-12-26,LOM,111,44,67,111,ITC,ITC4,3,Lombardia
2023-10-30,UMB,321,160,161,321,ITI,ITI2,10,Umbria
2023-11-17,FVG,1350,660,690,1350,ITH,ITH4,6,Friuli-Venezia Giulia
2023-12-09,LOM,3902,1993,1909,3902,ITC,ITC4,3,Lombardia
2023-11-18,LOM,6308,2986,3322,6308,ITC,ITC4,3,Lombardia
2023-12-29,FVG,817,400,417,817,ITH,ITH4,6,Friuli-Venezia Giulia
2023-10-11,LOM,451,173,278,451,ITC,ITC4,3,Lombardia
2023-12-05,PAB,372,178,194,372,ITH,ITH1,4,Provincia Autonoma Bolzano / Bozen
2023-12-21,MOL,110,52,58,110,ITF,ITF2,14,Molise
2023-10-18,PIE,420,219,201,420,ITC,ITC1,1,Piemonte
2023-11-09,LOM,10293,4832,5461,10293,ITC,ITC4,3,Lombardia
2023-11-07,PIE,2559,1199,1360,2559,ITC,ITC1,1,Piemonte
2024-01-03,LOM,1928,921,1007,1928,ITC,ITC4,3,Lombardia
2023-11-11,VDA,81,33,48,81,ITC,ITC2,2,Valle d'Aosta / Vallée d'Aoste
2023-11-30,ABR,340,180,160,340,ITF,ITF1,13,Abruzzo
2023-10-19,MAR,370,177,193,370,ITI,ITI3,11,Marche
2023-10-24,PAT,593,268,325,593,ITH,ITH2,4,Provincia Autonoma Trento
2023-11-25,FVG,668,350,318,668,ITH,ITH4,6,Friuli-Venezia Giulia
2023-11-15,SAR,585,306,279,585,ITG,ITG2,20,Sardegna
2023-12-05,PAT,581,265,316,581,ITH,ITH2,4,Provincia Autonoma Trento
2023-11-13,BAS,20,11,9,20,ITF,ITF5,17,Basilicata
2023-10-30,VDA,102,55,47,102,ITC,ITC2,2,Valle d'Aosta / Vallée d'Aoste
2024-01-02,FVG,422,220,202,422,ITH,ITH4,6,Friuli-Venezia Giulia
2023-12-07,PIE,3434,1636,1798,3434,ITC,ITC1,1,Piemonte
2023-12-11,VDA,15,9,6,15,ITC,ITC2,2,Valle d'Aosta / Vallée d'Aoste
2023-12-15,VDA,95,44,51,95,ITC,ITC2,2,Valle d'Aosta / Vallée d'Aoste
2023-12-07,UMB,504,258,246,504,ITI,ITI2,10,Umbria
2023-11-08,PIE,3134,1528,1606,3134,ITC,ITC1,1,Piemonte
2023-12-16,TOS,1179,589,590,1179,ITI,ITI1,9,Toscana
2023-10-10,LIG,61,16,45,61,ITC,ITC3,7,Liguria
2023-12-04,LIG,831,390,441,831,ITC,ITC3,7,Liguria
2023-11-22,BAS,49,25,24,49,ITF,ITF5,17,Basilicata
2023-10-04,SAR,24,10,14,24,ITG,ITG2,20,Sardegna
2023-11-17,CAM,471,259,212,471,ITF,ITF3,15,Campania
2023-10-21,EMR,1053,514,539,1053,ITH,ITH5,8,Emilia-Romagna
2023-12-29,MAR,969,510,459,969,ITI,ITI3,11,Marche
2023-12-19,UMB,519,267,252,519,ITI,ITI2,10,Umbria
2023-11-22,ABR,201,111,90,201,ITF,ITF1,13,Abruzzo
2023-12-28,CAM,911,496,415,911,ITF,ITF3,15,Campania
2023-11-30,BAS,87,51,36,87,ITF,ITF5,17,Basilicata
2023-12-02,VEN,1843,929,914,1843,ITH,ITH3,5,Veneto
2023-11-17,LOM,8997,4156,4841,8997,ITC,ITC4,3,Lombardia
2023-11-27,EMR,3615,1708,1907,3615,ITH,ITH5,8,Emilia-Romagna
2023-12-04,PIE,2008,931,1077,2008,ITC,ITC1,1,Piemonte
2023-11-29,MOL,106,63,43,106,ITF,ITF2,14,Molise
2023-12-08,ABR,12,5,7,12,ITF,ITF1,13,Abruzzo
2023-11-15,VEN,3075,1426,1649,3075,ITH,ITH3,5,Veneto
2023-11-30,SIC,317,168,149,317,ITG,ITG1,19,Sicilia
2023-10-15,TOS,15,9,6,15,ITI,ITI1,9,Toscana
2023-10-25,LOM,9649,4627,5022,9649,ITC,ITC4,3,Lombardia
2023-11-06,SIC,55,28,27,55,ITG,ITG1,19,Sicilia
2023-10-20,VDA,149,71,78,149,ITC,ITC2,2,Valle d'Aosta / Vallée d'Aoste
2023-11-27,VDA,69,34,35,69,ITC,ITC2,2,Valle d'Aosta / Vallée d'Aoste
2023-12-02,FVG,638,316,322,638,ITH,ITH4,6,Friuli-Venezia Giulia
2023-12-23,CAM,150,79,71,150,ITF,ITF3,15,Campania
2023-11-02,MOL,32,16,16,32,ITF,ITF2,14,Molise
2023-11-28,VDA,77,40,37,77,ITC,ITC2,2,Valle d'Aosta / Vallée d'Aoste
2023-12-12,EMR,5063,2484,2579,5063,ITH,ITH5,8,Emilia-Romagna
2023-09-29,LIG,86,27,59,86,ITC,ITC3,7,Liguria
2023-11-14,TOS,4761,2151,2610,4761,ITI,ITI1,9,Toscana
2023-12-30,SIC,110,58,52,110,ITG,ITG1,19,Sicilia
2023-12-18,PIE,2489,1239,1250,2489,ITC,ITC1,1,Piemonte
2023-10-11,PIE,136,70,66,136,ITC,ITC1,1,Piemonte
2023-11-09,EMR,7769,3759,4010,7769,ITH,ITH5,8,Emilia-Romagna
2023-11-01,LAZ,25,11,14,25,ITI,ITI4,12,Lazio
2023-12-22,PIE,3343,1783,1560,3343,ITC,ITC1,1,Piemonte
2023-12-31,CAM,17,8,9,17,ITF,ITF3,15,Campania
2023-10-15,LAZ,61,26,35,61,ITI,ITI4,12,Lazio
2023-10-25,LIG,624,294,330,624,ITC,ITC3,7,Liguria
2023-11-16,PAT,660,334,326,660,ITH,ITH2,4,Provincia Autonoma Trento
2023-12-31,PIE,17,8,9,17,ITC,ITC1,1,Piemonte
2023-10-13,PAT,54,24,30,54,ITH,ITH2,4,Provincia Autonoma Trento
2023-12-26,LAZ,5,2,3,5,ITI,ITI4,12,Lazio
2023-12-23,LIG,283,156,127,283,ITC,ITC3,7,Liguria
2023-10-18,VEN,240,65,175,240,ITH,ITH3,5,Veneto
2023-11-06,LAZ,1527,772,755,1527,ITI,ITI4,12,Lazio
2023-10-20,MAR,519,270,249,519,ITI,ITI3,11,Marche
2023-10-18,SAR,167,86,81,167,ITG,ITG2,20,Sardegna
2023-11-28,ABR,395,187,208,395,ITF,ITF1,13,Abruzzo
2023-10-25,FVG,686,332,354,686,ITH,ITH4,6,Friuli-Venezia Giulia
2023-10-26,ABR,166,95,71,166,ITF,ITF1,13,Abruzzo
2023-10-03,LAZ,56,28,28,56,ITI,ITI4,12,Lazio
2023-12-15,MAR,1057,512,545,1057,ITI,ITI3,11,Marche
2023-12-27,CAM,825,455,370,825,ITF,ITF3,15,Campania
2023-11-16,PUG,1945,993,952,1945,ITF,ITF4,16,Puglia
2023-12-07,PAB,272,124,148,272,ITH,ITH1,4,Provincia Autonoma Bolzano / Bozen
2023-12-12,ABR,380,190,190,380,ITF,ITF1,13,Abruzzo
2023-12-23,PIE,1095,574,521,1095,ITC,ITC1,1,Piemonte
2023-10-27,PIE,2149,1043,1106,2149,ITC,ITC1,1,Piemonte
2023-11-11,VEN,2297,1154,1143,2297,ITH,ITH3,5,Veneto
2023-11-20,TOS,4081,1882,2199,4081,ITI,ITI1,9,Toscana
2023-11-21,ABR,283,152,131,283,ITF,ITF1,13,Abruzzo
2023-11-21,VDA,70,29,41,70,ITC,ITC2,2,Valle d'Aosta / Vallée d'Aoste
2023-11-18,BAS,25,9,16,25,ITF,ITF5,17,Basilicata
2023-10-18,LOM,5862,2954,2908,5862,ITC,ITC4,3,Lombardia
2023-11-25,LOM,215,102,113,215,ITC,ITC4,3,Lombardia
2023-12-07,TOS,4962,2335,2627,4962,ITI,ITI1,9,Toscana
2023-10-31,LAZ,1479,731,748,1479,ITI,ITI4,12,Lazio
2023-12-29,ABR,293,165,128,293,ITF,ITF1,13,Abruzzo
2023-11-17,CAL,93,44,49,93,ITF,ITF6,18,Calabria
2023-10-13,FVG,40,18,22,40,ITH,ITH4,6,Friuli-Venezia Giulia
2023-12-04,CAM,676,382,294,676,ITF,ITF3,15,Campania
2023-12-18,TOS,2838,1357,1481,2838,ITI,ITI1,9,Toscana
2023-12-13,LAZ,4720,2249,2471,4720,ITI,ITI4,12,Lazio
2023-11-21,EMR,5846,2802,3044,5846,ITH,ITH5,8,Emilia-Romagna
2023-10-11,TOS,610,292,318,610,ITI,ITI1,9,Toscana
2023-11-17,LIG,689,350,339,689,ITC,ITC3,7,Liguria
2023-10-06,LAZ,69,40,29,69,ITI,ITI4,12,Lazio
2023-10-10,CAM,64,39,25,64,ITF,ITF3,15,Campania
2023-11-30,LAZ,3588,1794,1794,3588,ITI,ITI4,12,Lazio
2023-11-11,UMB,371,172,199,371,ITI,ITI2,10,Umbria
2023-10-19,LAZ,363,170,193,363,ITI,ITI4,12,Lazio
2023-11-22,VDA,118,54,64,118,ITC,ITC2,2,Valle d'Aosta / Vallée d'Aoste
2023-10-28,SIC,10,3,7,10,ITG,ITG1,19,Sicilia
2023-12-26,SIC,6,3,3,6,ITG,ITG1,19,Sicilia
2023-11-28,MAR,13,3,10,13,ITI,ITI3,11,Marche
2023-11-24,MOL,37,23,14,37,ITF,ITF2,14,Molise
2023-11-26,LAZ,12,4,8,12,ITI,ITI4,12,Lazio
2023-10-29,SIC,3,2,1,3,ITG,ITG1,19,Sicilia
2023-11-26,SIC,29,17,12,29,ITG,ITG1,19,Sicilia
2023-12-29,VDA,5,5,0,5,ITC,ITC2,2,Valle d'Aosta / Vallée d'Aoste
2023-12-22,LOM,7622,3743,3879,7622,ITC,ITC4,3,Lombardia
2023-12-05,ABR,416,204,212,416,ITF,ITF1,13,Abruzzo
2023-11-08,FVG,1058,512,546,1058,ITH,ITH4,6,Friuli-Venezia Giulia
2023-12-05,LOM,10119,4813,5306,10119,ITC,ITC4,3,Lombardia
2023-11-14,VEN,2696,1287,1409,2696,ITH,ITH3,5,Veneto
2023-12-18,PAT,483,243,240,483,ITH,ITH2,4,Provincia Autonoma Trento
2023-10-22,TOS,19,7,12,19,ITI,ITI1,9,Toscana
2023-11-21,BAS,32,17,15,32,ITF,ITF5,17,Basilicata
2023-11-30,MOL,81,42,39,81,ITF,ITF2,14,Molise
2023-12-06,LAZ,4766,2264,2502,4766,ITI,ITI4,12,Lazio
2023-10-19,TOS,2347,1117,1230,2347,ITI,ITI1,9,Toscana
2023-10-16,CAL,17,11,6,17,ITF,ITF6,18,Calabria
2023-10-18,VDA,147,70,77,147,ITC,ITC2,2,Valle d'Aosta / Vallée d'Aoste
2023-12-01,MOL,126,74,52,126,ITF,ITF2,14,Molise
2023-12-13,VEN,3998,1972,2026,3998,ITH,ITH3,5,Veneto
2023-11-04,LOM,5671,2725,2946,5671,ITC,ITC4,3,Lombardia
2023-10-20,MOL,35,13,22,35,ITF,ITF2,14,Molise
2023-11-10,PAT,588,270,318,588,ITH,ITH2,4,Provincia Autonoma Trento
2023-12-05,FVG,1083,502,581,1083,ITH,ITH4,6,Friuli-Venezia Giulia
2023-12-27,UMB,1695,917,778,1695,ITI,ITI2,10,Umbria
2023-11-17,VDA,162,74,88,162,ITC,ITC2,2,Valle d'Aosta / Vallée d'Aoste
2023-12-27,VEN,1028,513,515,1028,ITH,ITH3,5,Veneto
2023-12-28,PIE,2094,1018,1076,2094,ITC,ITC1,1,Piemonte
2023-10-27,LIG,615,256,359,615,ITC,ITC3,7,Liguria
2023-12-12,MAR,759,381,378,759,ITI,ITI3,11,Marche
2023-10-23,SIC,38,22,16,38,ITG,ITG1,19,Sicilia
2023-11-25,BAS,74,35,39,74,ITF,ITF5,17,Basilicata
2023-10-31,TOS,2477,1109,1368,2477,ITI,ITI1,9,Toscana
2023-10-16,PUG,283,146,137,283,ITF,ITF4,16,Puglia
2023-11-23,LAZ,2345,1184,1161,2345,ITI,ITI4,12,Lazio
2023-10-03,TOS,132,64,68,132,ITI,ITI1,9,Toscana
2023-11-25,ABR,69,31,38,69,ITF,ITF1,13,Abruzzo
2023-12-14,TOS,7023,3307,3716,7023,ITI,ITI1,9,Toscana
2023-11-23,TOS,8115,3835,4280,8115,ITI,ITI1,9,Toscana
2023-11-06,TOS,3928,1898,2030,3928,ITI,ITI1,9,Toscana
2023-11-01,UMB,15,8,7,15,ITI,ITI2,10,Umbria
2023-12-13,SAR,1176,615,561,1176,ITG,ITG2,20,Sardegna
2023-10-24,LAZ,1006,518,488,1006,ITI,ITI4,12,Lazio
2023-12-20,VEN,3914,1880,2034,3914,ITH,ITH3,5,Veneto
2023-12-18,UMB,294,143,151,294,ITI,ITI2,10,Umbria
2023-12-11,MOL,154,91,63,154,ITF,ITF2,14,Molise
2023-12-09,LAZ,960,470,490,960,ITI,ITI4,12,Lazio
2023-11-07,CAL,114,68,46,114,ITF,ITF6,18,Calabria
2023-11-20,MOL,91,54,37,91,ITF,ITF2,14,Molise
2023-12-31,TOS,46,22,24,46,ITI,ITI1,9,Toscana
2023-11-15,PAB,575,290,285,575,ITH,ITH1,4,Provincia Autonoma Bolzano / Bozen
2023-11-20,VEN,2333,1170,1163,2333,ITH,ITH3,5,Veneto
2023-12-22,EMR,3390,1759,1631,3390,ITH,ITH5,8,Emilia-Romagna
2023-10-25,ABR,168,78,90,168,ITF,ITF1,13,Abruzzo
2023-11-14,FVG,1416,716,700,1416,ITH,ITH4,6,Friuli-Venezia Giulia
2023-12-13,UMB,963,470,493,963,ITI,ITI2,10,Umbria
2023-12-08,EMR,146,59,87,146,ITH,ITH5,8,Emilia-Romagna
2023-12-28,LOM,5238,2496,2742,5238,ITC,ITC4,3,Lombardia
2023-11-03,MAR,830,430,400,830,ITI,ITI3,11,Marche
2023-11-07,VEN,1952,865,1087,1952,ITH,ITH3,5,Veneto
2023-10-13,LOM,521,203,318,521,ITC,ITC4,3,Lombardia
2023-11-10,TOS,6801,3214,3587,6801,ITI,ITI1,9,Toscana
2023-11-04,EMR,2909,1418,1491,2909,ITH,ITH5,8,Emilia-Romagna
2023-12-27,PAB,50,29,21,50,ITH,ITH1,4,Provincia Autonoma Bolzano / Bozen
2023-12-16,MOL,361,184,177,361,ITF,ITF2,14,Molise
2023-12-28,PAB,6,2,4,6,ITH,ITH1,4,Provincia Autonoma Bolzano / Bozen
2023-12-06,SIC,476,252,224,476,ITG,ITG1,19,Sicilia
2023-12-30,TOS,380,197,183,380,ITI,ITI1,9,Toscana
2023-11-02,PAT,515,259,256,515,ITH,ITH2,4,Provincia Autonoma Trento
2023-12-20,SAR,1098,552,546,1098,ITG,ITG2,20,Sardegna
2023-12-21,SIC,1217,652,565,1217,ITG,ITG1,19,Sicilia
2023-12-18,EMR,3482,1744,1738,3482,ITH,ITH5,8,Emilia-Romagna
2023-11-26,VEN,13,8,5,13,ITH,ITH3,5,Veneto
2023-10-16,PIE,189,110,79,189,ITC,ITC1,1,Piemonte
2023-12-18,MOL,201,108,93,201,ITF,ITF2,14,Molise
2023-12-04,VDA,15,6,9,15,ITC,ITC2,2,Valle d'Aosta / Vallée d'Aoste
2023-12-07,SAR,928,489,439,928,ITG,ITG2,20,Sardegna
2023-12-07,VEN,3075,1494,1581,3075,ITH,ITH3,5,Veneto
2023-11-15,LIG,1036,523,513,1036,ITC,ITC3,7,Liguria
2023-11-16,LIG,1034,517,517,1034,ITC,ITC3,7,Liguria
2023-10-09,TOS,490,257,233,490,ITI,ITI1,9,Toscana
2023-12-07,EMR,3554,1675,1879,3554,ITH,ITH5,8,Emilia-Romagna
2023-11-01,LIG,81,9,72,81,ITC,ITC3,7,Liguria
2023-10-15,PAB,8,4,4,8,ITH,ITH1,4,Provincia Autonoma Bolzano / Bozen
2023-11-22,MOL,94,56,38,94,ITF,ITF2,14,Molise
2023-12-23,VDA,3,2,1,3,ITC,ITC2,2,Valle d'Aosta / Vallée d'Aoste
2023-10-22,PIE,8,3,5,8,ITC,ITC1,1,Piemonte
2023-10-22,CAM,3,1,2,3,ITF,ITF3,15,Campania
2023-12-25,PUG,4,1,3,4,ITF,ITF4,16,Puglia
2023-11-26,UMB,10,3,7,10,ITI,ITI2,10,Umbria
2023-12-25,CAL,1,1,0,1,ITF,ITF6,18,Calabria
2023-09-29,VDA,6,2,4,6,ITC,ITC2,2,Valle d'Aosta / Vallée d'Aoste
2023-11-26,PAB,1,1,0,1,ITH,ITH1,4,Provincia Autonoma Bolzano / Bozen
2023-12-13,PUG,3356,1708,1648,3356,ITF,ITF4,16,Puglia
2023-11-22,CAL,227,122,105,227,ITF,ITF6,18,Calabria
2023-11-26,PUG,22,11,11,22,ITF,ITF4,16,Puglia
2023-10-06,PUG,13,8,5,13,ITF,ITF4,16,Puglia
2023-12-03,LAZ,82,40,42,82,ITI,ITI4,12,Lazio
2024-01-02,LAZ,1167,541,626,1167,ITI,ITI4,12,Lazio
2023-11-21,FVG,1152,558,594,1152,ITH,ITH4,6,Friuli-Venezia Giulia
2023-11-29,TOS,6292,2955,3337,6292,ITI,ITI1,9,Toscana
2024-01-03,MAR,175,87,88,175,ITI,ITI3,11,Marche
2023-12-17,MAR,47,25,22,47,ITI,ITI3,11,Marche
2023-12-05,LIG,1792,861,931,1792,ITC,ITC3,7,Liguria
2023-12-22,PAT,355,178,177,355,ITH,ITH2,4,Provincia Autonoma Trento
2023-10-19,SIC,42,25,17,42,ITG,ITG1,19,Sicilia
2023-12-09,LIG,304,152,152,304,ITC,ITC3,7,Liguria
2023-10-13,VDA,77,35,42,77,ITC,ITC2,2,Valle d'Aosta / Vallée d'Aoste
2023-12-09,PAB,6,2,4,6,ITH,ITH1,4,Provincia Autonoma Bolzano / Bozen
2023-12-22,PUG,2348,1220,1128,2348,ITF,ITF4,16,Puglia
2023-12-21,CAL,643,357,286,643,ITF,ITF6,18,Calabria
2023-10-11,PAB,474,257,217,474,ITH,ITH1,4,Provincia Autonoma Bolzano / Bozen
2023-10-22,LAZ,42,21,21,42,ITI,ITI4,12,Lazio
2023-11-09,CAM,409,227,182,409,ITF,ITF3,15,Campania
2023-12-13,PAT,443,212,231,443,ITH,ITH2,4,Provincia Autonoma Trento
2023-12-12,UMB,844,444,400,844,ITI,ITI2,10,Umbria
2023-11-28,SAR,553,265,288,553,ITG,ITG2,20,Sardegna
2023-11-16,CAM,496,262,234,496,ITF,ITF3,15,Campania
2023-11-21,LOM,9352,4348,5004,9352,ITC,ITC4,3,Lombardia
2023-11-17,PIE,3108,1506,1602,3108,ITC,ITC1,1,Piemonte
2023-12-11,CAM,894,484,410,894,ITF,ITF3,15,Campania
2023-10-21,FVG,100,43,57,100,ITH,ITH4,6,Friuli-Venezia Giulia
2023-10-29,LAZ,26,11,15,26,ITI,ITI4,12,Lazio
2023-11-30,UMB,806,400,406,806,ITI,ITI2,10,Umbria
2023-10-24,PAB,688,334,354,688,ITH,ITH1,4,Provincia Autonoma Bolzano / Bozen
2023-11-26,TOS,122,61,61,122,ITI,ITI1,9,Toscana
2023-10-27,ABR,88,37,51,88,ITF,ITF1,13,Abruzzo
2023-10-27,LOM,9112,4328,4784,9112,ITC,ITC4,3,Lombardia
2023-10-17,SAR,129,64,65,129,ITG,ITG2,20,Sardegna
2023-11-21,UMB,603,285,318,603,ITI,ITI2,10,Umbria
2023-11-27,SAR,545,276,269,545,ITG,ITG2,20,Sardegna
2023-10-10,LAZ,199,113,86,199,ITI,ITI4,12,Lazio
2023-11-24,CAM,367,207,160,367,ITF,ITF3,15,Campania
2023-12-28,FVG,1119,565,554,1119,ITH,ITH4,6,Friuli-Venezia Giulia
2023-12-13,CAM,1601,868,733,1601,ITF,ITF3,15,Campania
2023-11-23,CAL,114,67,47,114,ITF,ITF6,18,Calabria
2023-10-31,ABR,144,82,62,144,ITF,ITF1,13,Abruzzo
2023-11-04,VDA,109,57,52,109,ITC,ITC2,2,Valle d'Aosta / Vallée d'Aoste
2023-12-18,SAR,799,397,402,799,ITG,ITG2,20,Sardegna
2023-12-12,CAL,433,242,191,433,ITF,ITF6,18,Calabria
2023-11-12,EMR,801,382,419,801,ITH,ITH5,8,Emilia-Romagna
2023-11-26,CAM,19,10,9,19,ITF,ITF3,15,Campania
2023-11-02,UMB,417,218,199,417,ITI,ITI2,10,Umbria
2023-12-04,SIC,383,207,176,383,ITG,ITG1,19,Sicilia
2023-10-20,EMR,2217,1080,1137,2217,ITH,ITH5,8,Emilia-Romagna
2023-12-14,SIC,815,428,387,815,ITG,ITG1,19,Sicilia
2023-11-16,EMR,6699,3170,3529,6699,ITH,ITH5,8,Emilia-Romagna
2023-11-05,VEN,49,30,19,49,ITH,ITH3,5,Veneto
2023-11-01,MAR,34,12,22,34,ITI,ITI3,11,Marche
2023-11-15,TOS,6229,2867,3362,6229,ITI,ITI1,9,Toscana
2023-12-30,PIE,776,399,377,776,ITC,ITC1,1,Piemonte
2023-10-10,FVG,48,25,23,48,ITH,ITH4,6,Friuli-Venezia Giulia
2023-12-15,UMB,746,367,379,746,ITI,ITI2,10,Umbria
2023-11-11,ABR,65,39,26,65,ITF,ITF1,13,Abruzzo
2023-11-04,PIE,1379,677,702,1379,ITC,ITC1,1,Piemonte
2023-11-15,EMR,6814,3238,3576,6814,ITH,ITH5,8,Emilia-Romagna
2023-10-17,MAR,231,109,122,231,ITI,ITI3,11,Marche
2023-12-22,LAZ,3252,1610,1642,3252,ITI,ITI4,12,Lazio
2023-11-24,PAB,190,98,92,190,ITH,ITH1,4,Provincia Autonoma Bolzano / Bozen
2023-11-24,LIG,584,283,301,584,ITC,ITC3,7,Liguria
2023-10-19,VDA,113,59,54,113,ITC,ITC2,2,Valle d'Aosta / Vallée d'Aoste
2023-12-28,SIC,683,363,320,683,ITG,ITG1,19,Sicilia
2023-10-12,TOS,803,360,443,803,ITI,ITI1,9,Toscana
2023-11-03,CAL,59,28,31,59,ITF,ITF6,18,Calabria
2023-11-19,TOS,207,91,116,207,ITI,ITI1,9,Toscana
2023-12-19,ABR,502,253,249,502,ITF,ITF1,13,Abruzzo
2023-12-12,SAR,954,483,471,954,ITG,ITG2,20,Sardegna
2023-10-26,PAT,609,294,315,609,ITH,ITH2,4,Provincia Autonoma Trento
2023-11-06,PIE,1620,806,814,1620,ITC,ITC1,1,Piemonte
2023-10-12,PAB,565,292,273,565,ITH,ITH1,4,Provincia Autonoma Bolzano / Bozen
2023-11-27,UMB,365,192,173,365,ITI,ITI2,10,Umbria
2023-10-26,SIC,56,28,28,56,ITG,ITG1,19,Sicilia
2023-10-19,CAM,298,169,129,298,ITF,ITF3,15,Campania
2023-11-21,SAR,499,243,256,499,ITG,ITG2,20,Sardegna
2023-10-26,PUG,1337,666,671,1337,ITF,ITF4,16,Puglia
2023-12-10,LIG,12,5,7,12,ITC,ITC3,7,Liguria
2023-12-14,PUG,3160,1594,1566,3160,ITF,ITF4,16,Puglia
2023-11-09,VEN,2459,1146,1313,2459,ITH,ITH3,5,Veneto
2023-12-10,LOM,608,295,313,608,ITC,ITC4,3,Lombardia
2023-11-13,VEN,1831,872,959,1831,ITH,ITH3,5,Veneto
2023-10-13,MAR,100,55,45,100,ITI,ITI3,11,Marche
2023-12-15,LAZ,4218,1977,2241,4218,ITI,ITI4,12,Lazio
2023-11-28,LAZ,3288,1614,1674,3288,ITI,ITI4,12,Lazio
2024-01-02,PUG,437,211,226,437,ITF,ITF4,16,Puglia
2023-11-28,FVG,1258,609,649,1258,ITH,ITH4,6,Friuli-Venezia Giulia
2023-11-06,ABR,127,75,52,127,ITF,ITF1,13,Abruzzo
2023-12-29,LAZ,2279,1133,1146,2279,ITI,ITI4,12,Lazio
2023-12-03,PUG,72,39,33,72,ITF,ITF4,16,Puglia
2023-11-23,SAR,605,326,279,605,ITG,ITG2,20,Sardegna
2023-10-20,LAZ,741,372,369,741,ITI,ITI4,12,Lazio
2023-12-20,TOS,3842,1896,1946,3842,ITI,ITI1,9,Toscana
2023-11-10,UMB,683,319,364,683,ITI,ITI2,10,Umbria
2023-12-06,MOL,159,79,80,159,ITF,ITF2,14,Molise
2023-12-18,CAL,569,319,250,569,ITF,ITF6,18,Calabria
2023-11-06,BAS,5,3,2,5,ITF,ITF5,17,Basilicata
2023-11-11,PIE,1881,936,945,1881,ITC,ITC1,1,Piemonte
2023-10-16,PAB,150,72,78,150,ITH,ITH1,4,Provincia Autonoma Bolzano / Bozen
2023-12-22,VEN,3090,1642,1448,3090,ITH,ITH3,5,Veneto
2023-11-02,LAZ,1367,649,718,1367,ITI,ITI4,12,Lazio
2023-12-03,PAT,9,6,3,9,ITH,ITH2,4,Provincia Autonoma Trento
2023-11-20,CAM,441,257,184,441,ITF,ITF3,15,Campania
2023-10-02,CAM,4,3,1,4,ITF,ITF3,15,Campania
2023-10-03,CAM,29,18,11,29,ITF,ITF3,15,Campania
2023-12-23,MAR,9,7,2,9,ITI,ITI3,11,Marche
2023-10-13,ABR,44,22,22,44,ITF,ITF1,13,Abruzzo
2023-11-04,ABR,38,22,16,38,ITF,ITF1,13,Abruzzo
2023-10-14,PAB,21,7,14,21,ITH,ITH1,4,Provincia Autonoma Bolzano / Bozen
2023-12-31,CAL,4,1,3,4,ITF,ITF6,18,Calabria
2023-12-08,UMB,18,7,11,18,ITI,ITI2,10,Umbria
2023-12-30,ABR,11,5,6,11,ITF,ITF1,13,Abruzzo
2023-10-13,CAL,6,4,2,6,ITF,ITF6,18,Calabria
2023-10-11,VEN,6,2,4,6,ITH,ITH3,5,Veneto
2023-11-01,VDA,1,0,1,1,ITC,ITC2,2,Valle d'Aosta / Vallée d'Aoste
2023-10-30,PIE,1129,560,569,1129,ITC,ITC1,1,Piemonte
2023-11-22,PUG,1543,793,750,1543,ITF,ITF4,16,Puglia
2023-11-04,TOS,1964,944,1020,1964,ITI,ITI1,9,Toscana
2023-11-24,EMR,5437,2624,2813,5437,ITH,ITH5,8,Emilia-Romagna
2023-11-28,EMR,5574,2644,2930,5574,ITH,ITH5,8,Emilia-Romagna
2023-12-22,CAL,400,223,177,400,ITF,ITF6,18,Calabria
2023-11-20,PIE,1990,883,1107,1990,ITC,ITC1,1,Piemonte
2023-11-05,LOM,789,383,406,789,ITC,ITC4,3,Lombardia
2023-12-16,CAM,658,358,300,658,ITF,ITF3,15,Campania
2023-12-11,PIE,2229,1073,1156,2229,ITC,ITC1,1,Piemonte
2023-12-20,FVG,1281,659,622,1281,ITH,ITH4,6,Friuli-Venezia Giulia
2024-01-01,PIE,15,5,10,15,ITC,ITC1,1,Piemonte
2023-12-10,VEN,741,409,332,741,ITH,ITH3,5,Veneto
2023-11-08,UMB,667,332,335,667,ITI,ITI2,10,Umbria
2023-11-03,CAM,351,199,152,351,ITF,ITF3,15,Campania
2023-10-13,TOS,682,341,341,682,ITI,ITI1,9,Toscana
2023-11-17,PAB,271,134,137,271,ITH,ITH1,4,Provincia Autonoma Bolzano / Bozen
2023-11-27,SIC,163,76,87,163,ITG,ITG1,19,Sicilia
2023-11-01,PUG,33,15,18,33,ITF,ITF4,16,Puglia
2023-11-22,PAT,393,186,207,393,ITH,ITH2,4,Provincia Autonoma Trento
2023-12-21,LOM,9064,4480,4584,9064,ITC,ITC4,3,Lombardia
2023-11-09,FVG,1305,593,712,1305,ITH,ITH4,6,Friuli-Venezia Giulia
2023-12-13,CAL,459,259,200,459,ITF,ITF6,18,Calabria
2023-12-09,MOL,10,3,7,10,ITF,ITF2,14,Molise
2023-12-17,LIG,17,6,11,17,ITC,ITC3,7,Liguria
2023-11-28,VEN,4129,2008,2121,4129,ITH,ITH3,5,Veneto
2023-12-06,LOM,10916,5184,5732,10916,ITC,ITC4,3,Lombardia
2023-10-11,PUG,217,111,106,217,ITF,ITF4,16,Puglia
2023-12-20,CAM,1749,937,812,1749,ITF,ITF3,15,Campania
2023-10-27,PUG,1019,535,484,1019,ITF,ITF4,16,Puglia
2023-11-14,CAL,224,146,78,224,ITF,ITF6,18,Calabria
2023-12-21,TOS,6548,3320,3228,6548,ITI,ITI1,9,Toscana
2023-11-09,SIC,114,62,52,114,ITG,ITG1,19,Sicilia
2023-11-04,MAR,388,186,202,388,ITI,ITI3,11,Marche
2023-12-07,FVG,933,453,480,933,ITH,ITH4,6,Friuli-Venezia Giulia
2023-10-17,PIE,384,190,194,384,ITC,ITC1,1,Piemonte
2023-11-12,LAZ,200,90,110,200,ITI,ITI4,12,Lazio
2023-10-09,LAZ,127,80,47,127,ITI,ITI4,12,Lazio
2023-10-06,TOS,228,103,125,228,ITI,ITI1,9,Toscana
2023-11-09,BAS,15,12,3,15,ITF,ITF5,17,Basilicata
2023-11-29,PUG,1960,949,1011,1960,ITF,ITF4,16,Puglia
2023-12-21,LAZ,4797,2317,2480,4797,ITI,ITI4,12,Lazio
2023-11-10,LIG,820,394,426,820,ITC,ITC3,7,Liguria
2023-11-16,SAR,502,246,256,502,ITG,ITG2,20,Sardegna
2023-12-14,PAB,132,64,68,132,ITH,ITH1,4,Provincia Autonoma Bolzano / Bozen
2023-11-14,SAR,544,275,269,544,ITG,ITG2,20,Sardegna
2023-10-17,CAM,314,180,134,314,ITF,ITF3,15,Campania
2023-11-19,PIE,153,74,79,153,ITC,ITC1,1,Piemonte
2023-11-27,ABR,295,148,147,295,ITF,ITF1,13,Abruzzo
2023-11-10,CAL,66,31,35,66,ITF,ITF6,18,Calabria
2023-10-27,PAT,428,192,236,428,ITH,ITH2,4,Provincia Autonoma Trento
2023-11-01,TOS,129,52,77,129,ITI,ITI1,9,Toscana
2023-12-22,LIG,1214,608,606,1214,ITC,ITC3,7,Liguria
2023-11-27,BAS,34,18,16,34,ITF,ITF5,17,Basilicata
2023-11-05,PIE,68,26,42,68,ITC,ITC1,1,Piemonte
2023-12-04,FVG,838,409,429,838,ITH,ITH4,6,Friuli-Venezia Giulia
2023-12-17,SIC,37,13,24,37,ITG,ITG1,19,Sicilia
2023-10-18,MAR,369,205,164,369,ITI,ITI3,11,Marche
2023-11-23,LIG,1264,639,625,1264,ITC,ITC3,7,Liguria
2023-12-16,UMB,138,62,76,138,ITI,ITI2,10,Umbria
2023-12-10,PUG,98,51,47,98,ITF,ITF4,16,Puglia
2023-11-13,CAM,335,178,157,335,ITF,ITF3,15,Campania
2023-10-10,LOM,582,257,325,582,ITC,ITC4,3,Lombardia
2023-11-09,LAZ,2278,1074,1204,2278,ITI,ITI4,12,Lazio
2023-11-18,SIC,8,3,5,8,ITG,ITG1,19,Sicilia
2023-11-10,CAM,325,184,141,325,ITF,ITF3,15,Campania
2023-11-18,LAZ,1666,813,853,1666,ITI,ITI4,12,Lazio
2023-12-14,CAM,1422,778,644,1422,ITF,ITF3,15,Campania
2023-12-28,CAL,577,318,259,577,ITF,ITF6,18,Calabria
2023-11-16,VEN,3202,1560,1642,3202,ITH,ITH3,5,Veneto
2023-12-28,LIG,1254,617,637,1254,ITC,ITC3,7,Liguria
2023-12-16,VEN,4785,2408,2377,4785,ITH,ITH3,5,Veneto
2023-11-07,LIG,1551,800,751,1551,ITC,ITC3,7,Liguria
2023-10-27,SAR,175,81,94,175,ITG,ITG2,20,Sardegna
2023-11-20,CAL,148,75,73,148,ITF,ITF6,18,Calabria
2023-11-01,PIE,152,76,76,152,ITC,ITC1,1,Piemonte
2023-12-06,TOS,5701,2679,3022,5701,ITI,ITI1,9,Toscana
2023-11-15,CAL,230,138,92,230,ITF,ITF6,18,Calabria
2023-12-22,CAM,454,246,208,454,ITF,ITF3,15,Campania
2023-12-19,FVG,1215,587,628,1215,ITH,ITH4,6,Friuli-Venezia Giulia
2023-11-17,EMR,5772,2757,3015,5772,ITH,ITH5,8,Emilia-Romagna
2023-11-29,PAT,396,201,195,396,ITH,ITH2,4,Provincia Autonoma Trento
2023-11-23,PAB,456,188,268,456,ITH,ITH1,4,Provincia Autonoma Bolzano / Bozen
2023-10-23,LAZ,587,275,312,587,ITI,ITI4,12,Lazio
2023-11-08,PAT,620,277,343,620,ITH,ITH2,4,Provincia Autonoma Trento
2023-11-02,CAM,283,143,140,283,ITF,ITF3,15,Campania
2023-10-18,ABR,94,47,47,94,ITF,ITF1,13,Abruzzo
2023-11-11,MAR,348,177,171,348,ITI,ITI3,11,Marche
2023-12-27,CAL,269,148,121,269,ITF,ITF6,18,Calabria
2023-12-17,LAZ,1773,890,883,1773,ITI,ITI4,12,Lazio
2023-11-23,CAM,500,271,229,500,ITF,ITF3,15,Campania
2023-11-02,CAL,42,15,27,42,ITF,ITF6,18,Calabria
2023-12-14,LIG,2025,926,1099,2025,ITC,ITC3,7,Liguria
2023-11-08,PUG,1664,839,825,1664,ITF,ITF4,16,Puglia
2023-12-27,LOM,4990,2460,2530,4990,ITC,ITC4,3,Lombardia
2023-11-02,LOM,9565,4595,4970,9565,ITC,ITC4,3,Lombardia
2023-11-07,CAM,330,195,135,330,ITF,ITF3,15,Campania
2023-11-05,CAM,6,3,3,6,ITF,ITF3,15,Campania
2023-11-15,LOM,10390,4728,5662,10390,ITC,ITC4,3,Lombardia
2023-10-23,TOS,2231,1044,1187,2231,ITI,ITI1,9,Toscana
2023-11-23,PIE,3172,1466,1706,3172,ITC,ITC1,1,Piemonte
2023-11-13,PIE,1953,900,1053,1953,ITC,ITC1,1,Piemonte
2023-12-23,LOM,2520,1267,1253,2520,ITC,ITC4,3,Lombardia
2023-11-06,MOL,86,46,40,86,ITF,ITF2,14,Molise
2023-12-05,EMR,5436,2635,2801,5436,ITH,ITH5,8,Emilia-Romagna
2023-12-18,PUG,2223,1128,1095,2223,ITF,ITF4,16,Puglia
2023-11-12,SIC,5,2,3,5,ITG,ITG1,19,Sicilia
2023-12-27,LIG,1147,562,585,1147,ITC,ITC3,7,Liguria
2023-10-27,VEN,1660,772,888,1660,ITH,ITH3,5,Veneto
2023-11-02,LIG,780,389,391,780,ITC,ITC3,7,Liguria
2023-12-23,FVG,51,27,24,51,ITH,ITH4,6,Friuli-Venezia Giulia
2023-12-09,SIC,61,33,28,61,ITG,ITG1,19,Sicilia
2023-10-28,MOL,42,12,30,42,ITF,ITF2,14,Molise
2023-10-22,PAB,3,2,1,3,ITH,ITH1,4,Provincia Autonoma Bolzano / Bozen
2023-12-02,MAR,2,1,1,2,ITI,ITI3,11,Marche
2023-12-05,VDA,72,37,35,72,ITC,ITC2,2,Valle d'Aosta / Vallée d'Aoste
2023-09-27,EMR,1,1,0,1,ITH,ITH5,8,Emilia-Romagna
2023-11-19,CAM,14,5,9,14,ITF,ITF3,15,Campania
2023-10-15,VEN,3,1,2,3,ITH,ITH3,5,Veneto
2023-12-10,CAL,1,1,0,1,ITF,ITF6,18,Calabria
2023-09-30,TOS,1,1,0,1,ITI,ITI1,9,Toscana
2023-11-08,CAM,407,228,179,407,ITF,ITF3,15,Campania
2023-12-09,ABR,84,38,46,84,ITF,ITF1,13,Abruzzo
2023-12-07,VDA,45,20,25,45,ITC,ITC2,2,Valle d'Aosta / Vallée d'Aoste
2023-10-05,TOS,421,224,197,421,ITI,ITI1,9,Toscana
2023-12-13,LOM,11273,5481,5792,11273,ITC,ITC4,3,Lombardia
2023-12-08,FVG,403,221,182,403,ITH,ITH4,6,Friuli-Venezia Giulia
2023-11-09,MAR,1167,542,625,1167,ITI,ITI3,11,Marche
2023-11-16,UMB,797,384,413,797,ITI,ITI2,10,Umbria
2023-12-21,CAM,1706,973,733,1706,ITF,ITF3,15,Campania
2023-11-16,TOS,9018,4144,4874,9018,ITI,ITI1,9,Toscana
2023-11-03,EMR,5470,2618,2852,5470,ITH,ITH5,8,Emilia-Romagna
2023-12-11,SAR,851,432,419,851,ITG,ITG2,20,Sardegna
2023-12-03,EMR,245,111,134,245,ITH,ITH5,8,Emilia-Romagna
2023-11-17,PUG,2290,1159,1131,2290,ITF,ITF4,16,Puglia
2023-12-11,UMB,455,228,227,455,ITI,ITI2,10,Umbria
2023-10-06,LOM,240,99,141,240,ITC,ITC4,3,Lombardia
2023-10-16,SAR,125,63,62,125,ITG,ITG2,20,Sardegna
2023-11-17,MOL,44,27,17,44,ITF,ITF2,14,Molise
2023-11-09,ABR,249,132,117,249,ITF,ITF1,13,Abruzzo
2023-12-29,EMR,1484,713,771,1484,ITH,ITH5,8,Emilia-Romagna
2023-10-23,VEN,334,146,188,334,ITH,ITH3,5,Veneto
2023-11-02,SIC,85,46,39,85,ITG,ITG1,19,Sicilia
2023-11-08,PAB,544,289,255,544,ITH,ITH1,4,Provincia Autonoma Bolzano / Bozen
2023-12-28,TOS,2124,1053,1071,2124,ITI,ITI1,9,Toscana
2023-12-30,VEN,1240,614,626,1240,ITH,ITH3,5,Veneto
2023-12-10,EMR,187,82,105,187,ITH,ITH5,8,Emilia-Romagna
2023-12-08,PUG,18,10,8,18,ITF,ITF4,16,Puglia
2023-12-29,SIC,623,341,282,623,ITG,ITG1,19,Sicilia
2023-10-31,EMR,4582,2131,2451,4582,ITH,ITH5,8,Emilia-Romagna
2023-12-15,SIC,1223,645,578,1223,ITG,ITG1,19,Sicilia
2023-10-16,MAR,142,81,61,142,ITI,ITI3,11,Marche
2023-12-09,BAS,25,14,11,25,ITF,ITF5,17,Basilicata
2023-12-14,UMB,746,373,373,746,ITI,ITI2,10,Umbria
2023-10-19,SAR,119,71,48,119,ITG,ITG2,20,Sardegna
2023-12-11,BAS,119,69,50,119,ITF,ITF5,17,Basilicata
2023-10-10,PAB,438,248,190,438,ITH,ITH1,4,Provincia Autonoma Bolzano / Bozen
2023-12-24,CAL,4,1,3,4,ITF,ITF6,18,Calabria
2023-12-29,VEN,1247,620,627,1247,ITH,ITH3,5,Veneto
2023-12-12,MOL,158,86,72,158,ITF,ITF2,14,Molise
2023-11-17,VEN,3139,1455,1684,3139,ITH,ITH3,5,Veneto
2024-01-03,LAZ,2158,1013,1145,2158,ITI,ITI4,12,Lazio
2023-11-27,MAR,31,13,18,31,ITI,ITI3,11,Marche
2023-12-02,SIC,95,53,42,95,ITG,ITG1,19,Sicilia
2023-10-23,EMR,2262,1123,1139,2262,ITH,ITH5,8,Emilia-Romagna
2023-10-29,MAR,27,15,12,27,ITI,ITI3,11,Marche
2023-11-30,EMR,5985,2916,3069,5985,ITH,ITH5,8,Emilia-Romagna
2023-12-01,CAM,715,381,334,715,ITF,ITF3,15,Campania
2023-10-16,TOS,730,315,415,730,ITI,ITI1,9,Toscana
2023-12-11,ABR,338,169,169,338,ITF,ITF1,13,Abruzzo
2023-11-16,ABR,289,138,151,289,ITF,ITF1,13,Abruzzo
2023-11-11,PUG,434,231,203,434,ITF,ITF4,16,Puglia
2023-12-28,PAT,64,29,35,64,ITH,ITH2,4,Provincia Autonoma Trento
2023-11-28,SIC,341,203,138,341,ITG,ITG1,19,Sicilia
2023-10-13,PUG,204,111,93,204,ITF,ITF4,16,Puglia
2023-11-15,FVG,1120,532,588,1120,ITH,ITH4,6,Friuli-Venezia Giulia
2023-10-14,EMR,11,3,8,11,ITH,ITH5,8,Emilia-Romagna
2023-11-01,CAM,21,10,11,21,ITF,ITF3,15,Campania
2023-10-31,VEN,1439,619,820,1439,ITH,ITH3,5,Veneto
2023-12-27,PUG,972,509,463,972,ITF,ITF4,16,Puglia
2023-12-07,CAL,329,204,125,329,ITF,ITF6,18,Calabria
2023-12-28,PUG,1200,638,562,1200,ITF,ITF4,16,Puglia
2023-12-19,SIC,916,485,431,916,ITG,ITG1,19,Sicilia
2023-10-12,CAL,12,5,7,12,ITF,ITF6,18,Calabria
2023-11-15,ABR,194,96,98,194,ITF,ITF1,13,Abruzzo
2023-10-12,FVG,53,33,20,53,ITH,ITH4,6,Friuli-Venezia Giulia
2023-11-19,LIG,3,1,2,3,ITC,ITC3,7,Liguria
2023-10-09,LIG,32,10,22,32,ITC,ITC3,7,Liguria
2023-10-31,SIC,83,51,32,83,ITG,ITG1,19,Sicilia
2023-10-26,SAR,205,101,104,205,ITG,ITG2,20,Sardegna
2023-10-18,LIG,274,105,169,274,ITC,ITC3,7,Liguria
2023-12-27,PAT,142,72,70,142,ITH,ITH2,4,Provincia Autonoma Trento
2023-11-10,MOL,60,31,29,60,ITF,ITF2,14,Molise
2023-11-14,LIG,1096,532,564,1096,ITC,ITC3,7,Liguria
2023-11-04,PUG,331,168,163,331,ITF,ITF4,16,Puglia
2023-11-14,PAB,573,276,297,573,ITH,ITH1,4,Provincia Autonoma Bolzano / Bozen
2023-12-22,FVG,688,355,333,688,ITH,ITH4,6,Friuli-Venezia Giulia
2023-10-20,ABR,75,42,33,75,ITF,ITF1,13,Abruzzo
2023-11-23,MOL,41,23,18,41,ITF,ITF2,14,Molise
2023-10-21,CAM,45,24,21,45,ITF,ITF3,15,Campania
2023-10-25,TOS,3528,1688,1840,3528,ITI,ITI1,9,Toscana
2023-11-13,FVG,857,411,446,857,ITH,ITH4,6,Friuli-Venezia Giulia
2023-11-10,SIC,61,39,22,61,ITG,ITG1,19,Sicilia
2023-12-18,CAM,1267,693,574,1267,ITF,ITF3,15,Campania
2023-12-19,MOL,109,55,54,109,ITF,ITF2,14,Molise
2023-11-12,FVG,12,4,8,12,ITH,ITH4,6,Friuli-Venezia Giulia
2023-12-05,MAR,24,11,13,24,ITI,ITI3,11,Marche
2023-11-11,PAT,21,11,10,21,ITH,ITH2,4,Provincia Autonoma Trento
2023-10-28,ABR,43,23,20,43,ITF,ITF1,13,Abruzzo
2023-11-12,CAL,6,0,6,6,ITF,ITF6,18,Calabria
2023-10-28,UMB,79,25,54,79,ITI,ITI2,10,Umbria
2023-10-27,MOL,3,2,1,3,ITF,ITF2,14,Molise
2023-10-15,CAM,12,5,7,12,ITF,ITF3,15,Campania
2023-10-22,SIC,3,2,1,3,ITG,ITG1,19,Sicilia
2023-10-11,MOL,6,5,1,6,ITF,ITF2,14,Molise
2023-12-23,PAB,1,0,1,1,ITH,ITH1,4,Provincia Autonoma Bolzano / Bozen
2023-11-19,PAB,1,0,1,1,ITH,ITH1,4,Provincia Autonoma Bolzano / Bozen
2023-12-01,VEN,3490,1729,1761,3490,ITH,ITH3,5,Veneto
2023-12-29,CAM,632,341,291,632,ITF,ITF3,15,Campania
2023-10-13,LAZ,248,119,129,248,ITI,ITI4,12,Lazio
2023-12-03,PIE,44,24,20,44,ITC,ITC1,1,Piemonte
2023-12-30,CAL,80,41,39,80,ITF,ITF6,18,Calabria
2023-12-04,BAS,90,53,37,90,ITF,ITF5,17,Basilicata
2023-12-30,PUG,150,83,67,150,ITF,ITF4,16,Puglia
2023-12-28,VDA,48,27,21,48,ITC,ITC2,2,Valle d'Aosta / Vallée d'Aoste
2023-10-10,MAR,5,3,2,5,ITI,ITI3,11,Marche
2023-11-12,UMB,127,73,54,127,ITI,ITI2,10,Umbria
2023-10-31,FVG,1068,505,563,1068,ITH,ITH4,6,Friuli-Venezia Giulia
2023-10-12,SAR,48,27,21,48,ITG,ITG2,20,Sardegna
2023-12-22,ABR,276,147,129,276,ITF,ITF1,13,Abruzzo
2023-11-19,EMR,321,142,179,321,ITH,ITH5,8,Emilia-Romagna
2023-11-10,LOM,9899,4598,5301,9899,ITC,ITC4,3,Lombardia
2023-11-30,PAT,681,345,336,681,ITH,ITH2,4,Provincia Autonoma Trento
2023-11-08,BAS,30,22,8,30,ITF,ITF5,17,Basilicata
2024-01-01,LAZ,204,108,96,204,ITI,ITI4,12,Lazio
2023-12-21,PAB,456,256,200,456,ITH,ITH1,4,Provincia Autonoma Bolzano / Bozen
2023-10-26,CAM,402,225,177,402,ITF,ITF3,15,Campania
2023-11-23,LOM,9019,4200,4819,9019,ITC,ITC4,3,Lombardia
2023-11-30,PUG,2202,1059,1143,2202,ITF,ITF4,16,Puglia
2023-12-12,PIE,3416,1660,1756,3416,ITC,ITC1,1,Piemonte
2023-11-29,FVG,1328,631,697,1328,ITH,ITH4,6,Friuli-Venezia Giulia
2023-11-09,PAB,551,266,285,551,ITH,ITH1,4,Provincia Autonoma Bolzano / Bozen
2023-10-23,LIG,290,145,145,290,ITC,ITC3,7,Liguria
2023-12-24,LAZ,229,115,114,229,ITI,ITI4,12,Lazio
2023-10-12,LOM,563,245,318,563,ITC,ITC4,3,Lombardia
2023-11-23,ABR,378,194,184,378,ITF,ITF1,13,Abruzzo
2023-11-19,LOM,493,236,257,493,ITC,ITC4,3,Lombardia
2023-12-09,TOS,531,261,270,531,ITI,ITI1,9,Toscana
2023-10-16,PAT,226,76,150,226,ITH,ITH2,4,Provincia Autonoma Trento
2023-11-02,VDA,164,72,92,164,ITC,ITC2,2,Valle d'Aosta / Vallée d'Aoste
2023-10-09,SAR,66,32,34,66,ITG,ITG2,20,Sardegna
2023-12-27,VDA,81,38,43,81,ITC,ITC2,2,Valle d'Aosta / Vallée d'Aoste
2023-12-19,LAZ,5442,2540,2902,5442,ITI,ITI4,12,Lazio
2023-12-16,EMR,2627,1335,1292,2627,ITH,ITH5,8,Emilia-Romagna
2023-12-22,MAR,746,387,359,746,ITI,ITI3,11,Marche
2023-10-19,LOM,6109,3022,3087,6109,ITC,ITC4,3,Lombardia
2023-12-13,FVG,1115,554,561,1115,ITH,ITH4,6,Friuli-Venezia Giulia
2023-11-07,SAR,168,94,74,168,ITG,ITG2,20,Sardegna
2023-11-01,CAL,17,9,8,17,ITF,ITF6,18,Calabria
2023-11-29,EMR,5726,2766,2960,5726,ITH,ITH5,8,Emilia-Romagna
2023-11-08,LIG,916,445,471,916,ITC,ITC3,7,Liguria
2023-12-11,TOS,3265,1549,1716,3265,ITI,ITI1,9,Toscana
2023-11-17,SIC,80,42,38,80,ITG,ITG1,19,Sicilia
2023-11-25,PUG,291,150,141,291,ITF,ITF4,16,Puglia
2023-11-19,SIC,3,1,2,3,ITG,ITG1,19,Sicilia
2023-12-27,PIE,1619,815,804,1619,ITC,ITC1,1,Piemonte
2023-10-31,CAL,60,30,30,60,ITF,ITF6,18,Calabria
2023-11-19,VEN,92,39,53,92,ITH,ITH3,5,Veneto
2023-11-10,LAZ,2509,1204,1305,2509,ITI,ITI4,12,Lazio
2023-10-13,LIG,56,18,38,56,ITC,ITC3,7,Liguria
2023-10-29,CAM,2,0,2,2,ITF,ITF3,15,Campania
2023-11-13,PAT,461,230,231,461,ITH,ITH2,4,Provincia Autonoma Trento
2024-01-01,LOM,24,11,13,24,ITC,ITC4,3,Lombardia
2023-11-14,EMR,5794,2767,3027,5794,ITH,ITH5,8,Emilia-Romagna
2023-11-20,LOM,8613,4055,4558,8613,ITC,ITC4,3,Lombardia
2023-12-15,PIE,4668,2267,2401,4668,ITC,ITC1,1,Piemonte
2023-12-01,PIE,3782,1855,1927,3782,ITC,ITC1,1,Piemonte
2023-11-13,PUG,1254,609,645,1254,ITF,ITF4,16,Puglia
2023-11-12,CAM,12,5,7,12,ITF,ITF3,15,Campania
2023-11-27,TOS,3684,1747,1937,3684,ITI,ITI1,9,Toscana
2023-12-05,UMB,623,319,304,623,ITI,ITI2,10,Umbria
2023-12-17,EMR,301,137,164,301,ITH,ITH5,8,Emilia-Romagna
2023-12-24,LOM,244,125,119,244,ITC,ITC4,3,Lombardia
2023-11-07,PUG,1298,644,654,1298,ITF,ITF4,16,Puglia
2023-12-02,BAS,63,29,34,63,ITF,ITF5,17,Basilicata
2023-10-20,TOS,2175,1054,1121,2175,ITI,ITI1,9,Toscana
2023-12-07,ABR,410,202,208,410,ITF,ITF1,13,Abruzzo
2023-10-17,SIC,21,11,10,21,ITG,ITG1,19,Sicilia
2023-11-20,ABR,190,92,98,190,ITF,ITF1,13,Abruzzo
2023-11-28,MOL,38,21,17,38,ITF,ITF2,14,Molise
2023-12-11,PAB,107,56,51,107,ITH,ITH1,4,Provincia Autonoma Bolzano / Bozen
2023-12-05,LAZ,4117,2006,2111,4117,ITI,ITI4,12,Lazio
2023-11-10,FVG,1102,512,590,1102,ITH,ITH4,6,Friuli-Venezia Giulia
2023-11-02,TOS,3756,1830,1926,3756,ITI,ITI1,9,Toscana
2023-10-25,PUG,1113,547,566,1113,ITF,ITF4,16,Puglia
2023-11-07,PAT,562,285,277,562,ITH,ITH2,4,Provincia Autonoma Trento
2023-10-17,CAL,7,2,5,7,ITF,ITF6,18,Calabria
2023-11-11,LIG,158,69,89,158,ITC,ITC3,7,Liguria
2023-10-28,TOS,1250,644,606,1250,ITI,ITI1,9,Toscana
2023-11-27,LAZ,2358,1192,1166,2358,ITI,ITI4,12,Lazio
2023-12-19,CAL,596,332,264,596,ITF,ITF6,18,Calabria
2023-10-25,PAT,418,196,222,418,ITH,ITH2,4,Provincia Autonoma Trento
2023-11-05,LAZ,64,22,42,64,ITI,ITI4,12,Lazio
2023-10-23,VDA,146,67,79,146,ITC,ITC2,2,Valle d'Aosta / Vallée d'Aoste
2023-10-15,EMR,1,0,1,1,ITH,ITH5,8,Emilia-Romagna
2023-12-27,FVG,768,367,401,768,ITH,ITH4,6,Friuli-Venezia Giulia
2023-10-16,LAZ,331,167,164,331,ITI,ITI4,12,Lazio
2023-11-16,PAB,578,277,301,578,ITH,ITH1,4,Provincia Autonoma Bolzano / Bozen
2023-12-20,SIC,1243,697,546,1243,ITG,ITG1,19,Sicilia
2023-12-05,SAR,806,409,397,806,ITG,ITG2,20,Sardegna
2023-10-28,EMR,1871,900,971,1871,ITH,ITH5,8,Emilia-Romagna
2023-12-15,TOS,5107,2431,2676,5107,ITI,ITI1,9,Toscana
2023-11-02,FVG,718,356,362,718,ITH,ITH4,6,Friuli-Venezia Giulia
2023-10-18,SIC,22,14,8,22,ITG,ITG1,19,Sicilia
2023-10-18,PAT,245,129,116,245,ITH,ITH2,4,Provincia Autonoma Trento
2023-11-24,FVG,1183,534,649,1183,ITH,ITH4,6,Friuli-Venezia Giulia
2023-10-12,UMB,6,3,3,6,ITI,ITI2,10,Umbria
2023-11-18,MAR,35,10,25,35,ITI,ITI3,11,Marche
2023-10-02,FVG,30,18,12,30,ITH,ITH4,6,Friuli-Venezia Giulia
2023-12-06,VEN,3992,1906,2086,3992,ITH,ITH3,5,Veneto
2023-11-17,PAT,419,199,220,419,ITH,ITH2,4,Provincia Autonoma Trento
2023-12-01,BAS,145,76,69,145,ITF,ITF5,17,Basilicata
2023-10-24,CAL,45,28,17,45,ITF,ITF6,18,Calabria
2023-12-14,PAT,271,107,164,271,ITH,ITH2,4,Provincia Autonoma Trento
2023-11-04,LIG,127,60,67,127,ITC,ITC3,7,Liguria
2023-11-08,MAR,104,41,63,104,ITI,ITI3,11,Marche
2023-10-24,VDA,165,79,86,165,ITC,ITC2,2,Valle d'Aosta / Vallée d'Aoste
2023-12-04,CAL,427,208,219,427,ITF,ITF6,18,Calabria
2023-11-24,UMB,927,435,492,927,ITI,ITI2,10,Umbria
2023-09-26,EMR,2,2,0,2,ITH,ITH5,8,Emilia-Romagna
2023-12-08,PIE,113,52,61,113,ITC,ITC1,1,Piemonte
2023-12-23,SIC,165,88,77,165,ITG,ITG1,19,Sicilia
2023-10-03,LOM,167,75,92,167,ITC,ITC4,3,Lombardia
2023-10-19,LIG,171,81,90,171,ITC,ITC3,7,Liguria
2023-11-26,FVG,42,17,25,42,ITH,ITH4,6,Friuli-Venezia Giulia
2023-11-18,ABR,102,57,45,102,ITF,ITF1,13,Abruzzo
2023-10-09,CAM,59,36,23,59,ITF,ITF3,15,Campania
2023-11-19,PUG,31,15,16,31,ITF,ITF4,16,Puglia
2023-10-14,UMB,6,3,3,6,ITI,ITI2,10,Umbria
2023-10-04,PIE,20,14,6,20,ITC,ITC1,1,Piemonte
2023-11-11,BAS,13,5,8,13,ITF,ITF5,17,Basilicata
2024-01-02,PAT,65,36,29,65,ITH,ITH2,4,Provincia Autonoma Trento
2023-10-22,PUG,23,9,14,23,ITF,ITF4,16,Puglia
2023-10-03,LIG,30,14,16,30,ITC,ITC3,7,Liguria
2023-12-07,MAR,26,11,15,26,ITI,ITI3,11,Marche
2023-10-11,ABR,38,21,17,38,ITF,ITF1,13,Abruzzo
2024-01-03,PAB,5,1,4,5,ITH,ITH1,4,Provincia Autonoma Bolzano / Bozen
2023-12-24,CAM,3,1,2,3,ITF,ITF3,15,Campania
2023-10-01,MAR,1,1,0,1,ITI,ITI3,11,Marche
2023-10-28,PAB,7,2,5,7,ITH,ITH1,4,Provincia Autonoma Bolzano / Bozen
2023-10-22,PAT,1,0,1,1,ITH,ITH2,4,Provincia Autonoma Trento
2023-09-29,SAR,1,1,0,1,ITG,ITG2,20,Sardegna
2023-10-24,VEN,741,285,456,741,ITH,ITH3,5,Veneto
2023-12-20,LAZ,5585,2744,2841,5585,ITI,ITI4,12,Lazio
2023-12-30,LOM,1664,818,846,1664,ITC,ITC4,3,Lombardia
2023-10-26,PIE,1528,741,787,1528,ITC,ITC1,1,Piemonte
2023-10-17,LAZ,432,232,200,432,ITI,ITI4,12,Lazio
2023-11-07,VDA,100,45,55,100,ITC,ITC2,2,Valle d'Aosta / Vallée d'Aoste
2023-10-14,CAM,41,15,26,41,ITF,ITF3,15,Campania
2023-11-16,FVG,1167,565,602,1167,ITH,ITH4,6,Friuli-Venezia Giulia
2023-12-01,LOM,10327,4805,5522,10327,ITC,ITC4,3,Lombardia
2023-11-30,LOM,10438,4980,5458,10438,ITC,ITC4,3,Lombardia
2023-11-06,SAR,313,148,165,313,ITG,ITG2,20,Sardegna
2023-10-27,CAM,278,148,130,278,ITF,ITF3,15,Campania
2023-11-20,LAZ,1559,790,769,1559,ITI,ITI4,12,Lazio
2023-11-28,UMB,751,374,377,751,ITI,ITI2,10,Umbria
2023-11-11,LAZ,990,492,498,990,ITI,ITI4,12,Lazio
2023-10-24,LIG,854,358,496,854,ITC,ITC3,7,Liguria
2023-11-28,CAM,522,270,252,522,ITF,ITF3,15,Campania
2023-11-27,MOL,56,30,26,56,ITF,ITF2,14,Molise
2023-10-28,PUG,396,211,185,396,ITF,ITF4,16,Puglia
2023-10-30,MOL,25,12,13,25,ITF,ITF2,14,Molise
2023-10-17,EMR,1201,585,616,1201,ITH,ITH5,8,Emilia-Romagna
2023-11-07,LOM,10452,4831,5621,10452,ITC,ITC4,3,Lombardia
2023-12-06,LIG,1608,761,847,1608,ITC,ITC3,7,Liguria
2023-10-20,SAR,120,59,61,120,ITG,ITG2,20,Sardegna
2023-11-01,EMR,267,113,154,267,ITH,ITH5,8,Emilia-Romagna
2023-10-29,PUG,62,39,23,62,ITF,ITF4,16,Puglia
2023-10-28,PAT,47,16,31,47,ITH,ITH2,4,Provincia Autonoma Trento
2023-11-15,VDA,154,85,69,154,ITC,ITC2,2,Valle d'Aosta / Vallée d'Aoste
2023-12-01,SAR,864,436,428,864,ITG,ITG2,20,Sardegna
2023-12-23,ABR,47,29,18,47,ITF,ITF1,13,Abruzzo
2023-10-23,FVG,332,166,166,332,ITH,ITH4,6,Friuli-Venezia Giulia
2023-10-23,PAB,216,99,117,216,ITH,ITH1,4,Provincia Autonoma Bolzano / Bozen
2023-12-11,PUG,1805,935,870,1805,ITF,ITF4,16,Puglia
2023-10-17,LOM,4983,2595,2388,4983,ITC,ITC4,3,Lombardia
2023-12-11,CAL,380,203,177,380,ITF,ITF6,18,Calabria
2023-10-24,CAM,354,199,155,354,ITF,ITF3,15,Campania
2023-11-12,VEN,102,61,41,102,ITH,ITH3,5,Veneto
2023-11-18,PIE,1255,638,617,1255,ITC,ITC1,1,Piemonte
2023-12-15,MOL,116,62,54,116,ITF,ITF2,14,Molise
2023-11-13,EMR,3894,1873,2021,3894,ITH,ITH5,8,Emilia-Romagna
2023-12-20,LOM,11139,5428,5711,11139,ITC,ITC4,3,Lombardia
2023-11-02,MAR,625,307,318,625,ITI,ITI3,11,Marche
2023-12-27,MAR,398,212,186,398,ITI,ITI3,11,Marche
2023-12-28,ABR,340,180,160,340,ITF,ITF1,13,Abruzzo
2023-11-16,SIC,92,48,44,92,ITG,ITG1,19,Sicilia
2023-12-22,VDA,17,7,10,17,ITC,ITC2,2,Valle d'Aosta / Vallée d'Aoste
2023-12-06,PAB,414,217,197,414,ITH,ITH1,4,Provincia Autonoma Bolzano / Bozen
2023-11-24,MAR,815,423,392,815,ITI,ITI3,11,Marche
2023-12-20,CAL,558,302,256,558,ITF,ITF6,18,Calabria
2023-12-28,MAR,599,341,258,599,ITI,ITI3,11,Marche
2023-11-05,EMR,192,102,90,192,ITH,ITH5,8,Emilia-Romagna
2023-10-24,PIE,1281,628,653,1281,ITC,ITC1,1,Piemonte
2023-12-07,BAS,177,104,73,177,ITF,ITF5,17,Basilicata
2023-12-26,PIE,98,51,47,98,ITC,ITC1,1,Piemonte
2023-12-02,LAZ,1891,930,961,1891,ITI,ITI4,12,Lazio
2023-12-27,ABR,211,110,101,211,ITF,ITF1,13,Abruzzo
2023-12-06,UMB,1070,524,546,1070,ITI,ITI2,10,Umbria
2023-10-29,PIE,22,10,12,22,ITC,ITC1,1,Piemonte
2023-11-02,ABR,136,77,59,136,ITF,ITF1,13,Abruzzo
2023-11-09,TOS,8147,3856,4291,8147,ITI,ITI1,9,Toscana
2023-12-01,PUG,2297,1153,1144,2297,ITF,ITF4,16,Puglia
2023-11-09,PIE,2949,1417,1532,2949,ITC,ITC1,1,Piemonte
2023-11-06,PAT,425,207,218,425,ITH,ITH2,4,Provincia Autonoma Trento
2023-10-27,SIC,66,38,28,66,ITG,ITG1,19,Sicilia
2023-12-04,ABR,306,157,149,306,ITF,ITF1,13,Abruzzo
2023-11-23,EMR,6277,3013,3264,6277,ITH,ITH5,8,Emilia-Romagna
2023-11-22,CAM,550,302,248,550,ITF,ITF3,15,Campania
2023-12-21,UMB,1086,539,547,1086,ITI,ITI2,10,Umbria
2023-11-04,LAZ,726,371,355,726,ITI,ITI4,12,Lazio
2023-12-14,ABR,565,292,273,565,ITF,ITF1,13,Abruzzo
2023-11-10,VDA,165,76,89,165,ITC,ITC2,2,Valle d'Aosta / Vallée d'Aoste
2023-12-17,TOS,42,15,27,42,ITI,ITI1,9,Toscana
2023-12-01,PAT,688,357,331,688,ITH,ITH2,4,Provincia Autonoma Trento
2023-11-20,MAR,579,308,271,579,ITI,ITI3,11,Marche
2023-11-13,LOM,8592,4026,4566,8592,ITC,ITC4,3,Lombardia
2023-12-09,PIE,695,335,360,695,ITC,ITC1,1,Piemonte
2023-12-30,PAT,6,2,4,6,ITH,ITH2,4,Provincia Autonoma Trento
2023-10-03,VEN,1,1,0,1,ITH,ITH3,5,Veneto
2023-10-09,PAB,80,39,41,80,ITH,ITH1,4,Provincia Autonoma Bolzano / Bozen
2023-10-10,ABR,68,36,32,68,ITF,ITF1,13,Abruzzo
2023-11-12,PAB,2,2,0,2,ITH,ITH1,4,Provincia Autonoma Bolzano / Bozen
2023-10-12,VEN,6,1,5,6,ITH,ITH3,5,Veneto
2023-12-31,ABR,1,1,0,1,ITF,ITF1,13,Abruzzo
2023-12-08,MOL,1,0,1,1,ITF,ITF2,14,Molise
2023-11-22,LIG,1153,559,594,1153,ITC,ITC3,7,Liguria
2023-11-03,UMB,539,285,254,539,ITI,ITI2,10,Umbria
2023-12-09,PAT,30,20,10,30,ITH,ITH2,4,Provincia Autonoma Trento
2023-10-28,VEN,855,419,436,855,ITH,ITH3,5,Veneto
2023-12-26,PAT,39,19,20,39,ITH,ITH2,4,Provincia Autonoma Trento
2023-12-03,UMB,9,3,6,9,ITI,ITI2,10,Umbria
2023-12-09,PUG,218,105,113,218,ITF,ITF4,16,Puglia
2023-12-12,CAM,1404,748,656,1404,ITF,ITF3,15,Campania
2023-12-11,EMR,3419,1732,1687,3419,ITH,ITH5,8,Emilia-Romagna
2023-11-21,CAM,411,217,194,411,ITF,ITF3,15,Campania
2023-11-22,LOM,10378,4894,5484,10378,ITC,ITC4,3,Lombardia
2023-12-18,SIC,647,346,301,647,ITG,ITG1,19,Sicilia
2023-10-26,UMB,127,60,67,127,ITI,ITI2,10,Umbria
2023-12-13,MAR,95,39,56,95,ITI,ITI3,11,Marche
2023-12-08,CAM,30,17,13,30,ITF,ITF3,15,Campania
2023-12-26,PUG,7,6,1,7,ITF,ITF4,16,Puglia
2023-11-24,VDA,126,67,59,126,ITC,ITC2,2,Valle d'Aosta / Vallée d'Aoste
2023-11-30,FVG,1196,550,646,1196,ITH,ITH4,6,Friuli-Venezia Giulia
2023-12-21,FVG,1021,499,522,1021,ITH,ITH4,6,Friuli-Venezia Giulia
2024-01-03,PAT,157,69,88,157,ITH,ITH2,4,Provincia Autonoma Trento
2023-11-09,PAT,738,386,352,738,ITH,ITH2,4,Provincia Autonoma Trento
2023-11-03,TOS,5929,2797,3132,5929,ITI,ITI1,9,Toscana
2023-10-20,LOM,5922,2922,3000,5922,ITC,ITC4,3,Lombardia
2024-01-02,PIE,814,414,400,814,ITC,ITC1,1,Piemonte
2023-11-09,PUG,1586,844,742,1586,ITF,ITF4,16,Puglia
2023-11-21,PIE,2898,1339,1559,2898,ITC,ITC1,1,Piemonte
2024-01-03,PUG,518,278,240,518,ITF,ITF4,16,Puglia
2023-11-14,SIC,124,61,63,124,ITG,ITG1,19,Sicilia
2023-11-14,MAR,674,354,320,674,ITI,ITI3,11,Marche
2023-10-19,FVG,306,147,159,306,ITH,ITH4,6,Friuli-Venezia Giulia
2023-11-22,FVG,1088,519,569,1088,ITH,ITH4,6,Friuli-Venezia Giulia
2023-12-17,VEN,4468,2363,2105,4468,ITH,ITH3,5,Veneto
2023-10-16,ABR,56,32,24,56,ITF,ITF1,13,Abruzzo
2023-10-16,VDA,104,50,54,104,ITC,ITC2,2,Valle d'Aosta / Vallée d'Aoste
2023-11-13,ABR,181,96,85,181,ITF,ITF1,13,Abruzzo
2023-11-21,LIG,1693,849,844,1693,ITC,ITC3,7,Liguria
2023-11-10,ABR,213,106,107,213,ITF,ITF1,13,Abruzzo
2023-10-16,EMR,716,311,405,716,ITH,ITH5,8,Emilia-Romagna
2023-11-16,MOL,111,50,61,111,ITF,ITF2,14,Molise
2024-01-02,PAB,22,13,9,22,ITH,ITH1,4,Provincia Autonoma Bolzano / Bozen
2023-12-08,CAL,6,2,4,6,ITF,ITF6,18,Calabria
2023-12-24,TOS,48,23,25,48,ITI,ITI1,9,Toscana
2023-11-08,LAZ,2231,1060,1171,2231,ITI,ITI4,12,Lazio
2023-11-30,PAB,533,259,274,533,ITH,ITH1,4,Provincia Autonoma Bolzano / Bozen
2023-11-25,VDA,102,49,53,102,ITC,ITC2,2,Valle d'Aosta / Vallée d'Aoste
2023-11-17,UMB,675,338,337,675,ITI,ITI2,10,Umbria
2023-11-30,VEN,3898,1921,1977,3898,ITH,ITH3,5,Veneto
2023-11-06,PAB,164,76,88,164,ITH,ITH1,4,Provincia Autonoma Bolzano / Bozen
2023-10-04,TOS,274,153,121,274,ITI,ITI1,9,Toscana
2023-12-29,PAB,15,4,11,15,ITH,ITH1,4,Provincia Autonoma Bolzano / Bozen
2023-11-05,FVG,11,7,4,11,ITH,ITH4,6,Friuli-Venezia Giulia
2023-11-06,UMB,333,157,176,333,ITI,ITI2,10,Umbria
2023-10-06,FVG,152,81,71,152,ITH,ITH4,6,Friuli-Venezia Giulia
2023-11-03,FVG,712,352,360,712,ITH,ITH4,6,Friuli-Venezia Giulia
2023-11-02,VEN,1811,808,1003,1811,ITH,ITH3,5,Veneto
2023-12-14,PIE,3660,1785,1875,3660,ITC,ITC1,1,Piemonte
2023-12-29,UMB,350,160,190,350,ITI,ITI2,10,Umbria
2023-11-02,EMR,4130,1975,2155,4130,ITH,ITH5,8,Emilia-Romagna
2023-12-16,FVG,317,151,166,317,ITH,ITH4,6,Friuli-Venezia Giulia
2023-10-30,CAM,372,214,158,372,ITF,ITF3,15,Campania
2023-10-30,PUG,912,450,462,912,ITF,ITF4,16,Puglia
2023-12-31,LOM,75,25,50,75,ITC,ITC4,3,Lombardia
2023-10-28,CAL,12,7,5,12,ITF,ITF6,18,Calabria
2023-11-06,LOM,4275,2015,2260,4275,ITC,ITC4,3,Lombardia
2023-10-17,TOS,651,295,356,651,ITI,ITI1,9,Toscana
2023-12-26,TOS,7,3,4,7,ITI,ITI1,9,Toscana
2023-12-10,CAM,26,10,16,26,ITF,ITF3,15,Campania
2023-12-02,UMB,165,79,86,165,ITI,ITI2,10,Umbria
2023-11-03,LOM,8994,4268,4726,8994,ITC,ITC4,3,Lombardia
2023-12-15,PAB,238,104,134,238,ITH,ITH1,4,Provincia Autonoma Bolzano / Bozen
2023-10-20,FVG,572,289,283,572,ITH,ITH4,6,Friuli-Venezia Giulia
2023-11-24,PUG,2172,1083,1089,2172,ITF,ITF4,16,Puglia
2023-12-07,PAT,400,173,227,400,ITH,ITH2,4,Provincia Autonoma Trento
2023-12-16,LOM,8271,4013,4258,8271,ITC,ITC4,3,Lombardia
2023-12-15,LIG,1556,719,837,1556,ITC,ITC3,7,Liguria
2023-12-04,EMR,3722,1826,1896,3722,ITH,ITH5,8,Emilia-Romagna
2023-10-30,PAT,341,176,165,341,ITH,ITH2,4,Provincia Autonoma Trento
2023-11-24,PAT,193,90,103,193,ITH,ITH2,4,Provincia Autonoma Trento
2023-10-21,LOM,3459,1740,1719,3459,ITC,ITC4,3,Lombardia
2023-10-19,PIE,576,282,294,576,ITC,ITC1,1,Piemonte
2023-11-28,PAB,529,268,261,529,ITH,ITH1,4,Provincia Autonoma Bolzano / Bozen
2023-12-19,PAB,250,116,134,250,ITH,ITH1,4,Provincia Autonoma Bolzano / Bozen
2023-10-26,CAL,21,8,13,21,ITF,ITF6,18,Calabria
2023-12-02,LIG,414,193,221,414,ITC,ITC3,7,Liguria
2023-11-18,TOS,2456,1219,1237,2456,ITI,ITI1,9,Toscana
2023-11-16,CAL,129,70,59,129,ITF,ITF6,18,Calabria
2023-10-12,PUG,86,62,24,86,ITF,ITF4,16,Puglia
2023-11-13,VDA,63,31,32,63,ITC,ITC2,2,Valle d'Aosta / Vallée d'Aoste
2023-12-18,VDA,13,5,8,13,ITC,ITC2,2,Valle d'Aosta / Vallée d'Aoste
2023-12-04,VEN,2571,1250,1321,2571,ITH,ITH3,5,Veneto
2023-12-06,FVG,1421,669,752,1421,ITH,ITH4,6,Friuli-Venezia Giulia
2023-12-07,PUG,1725,913,812,1725,ITF,ITF4,16,Puglia
2023-11-14,UMB,655,319,336,655,ITI,ITI2,10,Umbria
2023-11-11,TOS,2475,1131,1344,2475,ITI,ITI1,9,Toscana
2023-11-02,PAB,345,158,187,345,ITH,ITH1,4,Provincia Autonoma Bolzano / Bozen
2023-12-09,EMR,682,323,359,682,ITH,ITH5,8,Emilia-Romagna
2023-09-29,CAM,11,6,5,11,ITF,ITF3,15,Campania
2023-12-06,ABR,274,127,147,274,ITF,ITF1,13,Abruzzo
2023-10-04,PAT,11,7,4,11,ITH,ITH2,4,Provincia Autonoma Trento
2023-12-30,CAM,223,130,93,223,ITF,ITF3,15,Campania
2023-10-24,EMR,3588,1706,1882,3588,ITH,ITH5,8,Emilia-Romagna
2023-12-19,VEN,3825,1863,1962,3825,ITH,ITH3,5,Veneto
2023-12-14,CAL,591,338,253,591,ITF,ITF6,18,Calabria
2023-11-10,EMR,7646,3726,3920,7646,ITH,ITH5,8,Emilia-Romagna
2023-12-18,MAR,662,346,316,662,ITI,ITI3,11,Marche
2023-11-08,CAL,111,72,39,111,ITF,ITF6,18,Calabria
2023-12-23,UMB,125,60,65,125,ITI,ITI2,10,Umbria
2023-11-21,PAT,550,252,298,550,ITH,ITH2,4,Provincia Autonoma Trento
2023-10-31,UMB,282,136,146,282,ITI,ITI2,10,Umbria
2023-11-27,PAB,36,21,15,36,ITH,ITH1,4,Provincia Autonoma Bolzano / Bozen
2023-11-10,PAB,271,131,140,271,ITH,ITH1,4,Provincia Autonoma Bolzano / Bozen
2023-11-08,SAR,292,155,137,292,ITG,ITG2,20,Sardegna
2023-12-12,LOM,10464,5018,5446,10464,ITC,ITC4,3,Lombardia
2023-11-21,PUG,1812,875,937,1812,ITF,ITF4,16,Puglia
2023-11-17,ABR,313,157,156,313,ITF,ITF1,13,Abruzzo
2023-11-28,LOM,10666,4930,5736,10666,ITC,ITC4,3,Lombardia
2023-12-09,VEN,652,309,343,652,ITH,ITH3,5,Veneto
2023-10-31,PAB,550,258,292,550,ITH,ITH1,4,Provincia Autonoma Bolzano / Bozen
2023-10-28,FVG,779,403,376,779,ITH,ITH4,6,Friuli-Venezia Giulia
2023-12-16,CAL,190,95,95,190,ITF,ITF6,18,Calabria
2023-10-25,VDA,306,139,167,306,ITC,ITC2,2,Valle d'Aosta / Vallée d'Aoste
2023-12-05,MOL,61,34,27,61,ITF,ITF2,14,Molise
2023-10-23,PAT,145,75,70,145,ITH,ITH2,4,Provincia Autonoma Trento
2023-11-21,TOS,5022,2287,2735,5022,ITI,ITI1,9,Toscana
2023-11-24,VEN,3650,1848,1802,3650,ITH,ITH3,5,Veneto
2023-11-29,LAZ,3992,1932,2060,3992,ITI,ITI4,12,Lazio
2023-11-10,VEN,2765,1338,1427,2765,ITH,ITH3,5,Veneto
2023-10-05,LIG,61,18,43,61,ITC,ITC3,7,Liguria
2023-10-23,PUG,858,424,434,858,ITF,ITF4,16,Puglia
2023-11-07,MAR,752,362,390,752,ITI,ITI3,11,Marche
2023-10-23,CAM,306,167,139,306,ITF,ITF3,15,Campania
2023-12-19,EMR,4493,2194,2299,4493,ITH,ITH5,8,Emilia-Romagna
2023-10-11,EMR,54,17,37,54,ITH,ITH5,8,Emilia-Romagna
2023-10-19,MOL,55,18,37,55,ITF,ITF2,14,Molise
2023-11-19,UMB,20,11,9,20,ITI,ITI2,10,Umbria
2023-10-14,PUG,11,4,7,11,ITF,ITF4,16,Puglia
2023-10-16,SIC,8,5,3,8,ITG,ITG1,19,Sicilia
2023-10-02,EMR,1,0,1,1,ITH,ITH5,8,Emilia-Romagna
2023-10-14,VEN,1,1,0,1,ITH,ITH3,5,Veneto
2023-12-02,PAB,1,1,0,1,ITH,ITH1,4,Provincia Autonoma Bolzano / Bozen
2023-12-12,FVG,1195,580,615,1195,ITH,ITH4,6,Friuli-Venezia Giulia
2023-10-25,SAR,213,105,108,213,ITG,ITG2,20,Sardegna
2023-10-30,LAZ,927,452,475,927,ITI,ITI4,12,Lazio
2023-10-18,FVG,140,77,63,140,ITH,ITH4,6,Friuli-Venezia Giulia
2023-12-16,LAZ,2098,1018,1080,2098,ITI,ITI4,12,Lazio
2023-11-03,VDA,196,91,105,196,ITC,ITC2,2,Valle d'Aosta / Vallée d'Aoste
2023-10-23,MAR,387,192,195,387,ITI,ITI3,11,Marche
2023-11-13,MOL,76,48,28,76,ITF,ITF2,14,Molise
2023-10-18,CAM,341,195,146,341,ITF,ITF3,15,Campania
2023-12-11,LAZ,3293,1566,1727,3293,ITI,ITI4,12,Lazio
2023-11-29,UMB,783,398,385,783,ITI,ITI2,10,Umbria
2023-12-13,SIC,628,333,295,628,ITG,ITG1,19,Sicilia
2023-11-29,PIE,2785,1324,1461,2785,ITC,ITC1,1,Piemonte
2023-10-13,EMR,86,35,51,86,ITH,ITH5,8,Emilia-Romagna
2023-12-18,LIG,1227,563,664,1227,ITC,ITC3,7,Liguria
2023-12-22,MOL,68,38,30,68,ITF,ITF2,14,Molise
2023-11-18,FVG,329,168,161,329,ITH,ITH4,6,Friuli-Venezia Giulia
2023-10-30,CAL,59,30,29,59,ITF,ITF6,18,Calabria
2023-10-26,LIG,823,413,410,823,ITC,ITC3,7,Liguria
2023-12-15,SAR,995,499,496,995,ITG,ITG2,20,Sardegna
2023-12-15,VEN,3746,1876,1870,3746,ITH,ITH3,5,Veneto
2023-11-03,VEN,1366,626,740,1366,ITH,ITH3,5,Veneto
2023-11-03,SAR,217,112,105,217,ITG,ITG2,20,Sardegna
2023-10-20,VEN,489,235,254,489,ITH,ITH3,5,Veneto
2023-12-07,LAZ,3431,1638,1793,3431,ITI,ITI4,12,Lazio
2023-10-21,UMB,24,13,11,24,ITI,ITI2,10,Umbria
2023-11-27,CAM,408,232,176,408,ITF,ITF3,15,Campania
2023-10-12,MAR,29,15,14,29,ITI,ITI3,11,Marche
2023-10-24,FVG,664,341,323,664,ITH,ITH4,6,Friuli-Venezia Giulia
2023-12-15,CAL,483,271,212,483,ITF,ITF6,18,Calabria
2023-11-28,CAL,198,120,78,198,ITF,ITF6,18,Calabria
2024-01-03,SAR,532,279,253,532,ITG,ITG2,20,Sardegna
2023-11-28,LIG,1115,582,533,1115,ITC,ITC3,7,Liguria
2023-11-07,ABR,214,114,100,214,ITF,ITF1,13,Abruzzo
2023-11-20,SIC,70,37,33,70,ITG,ITG1,19,Sicilia
2023-12-03,VEN,207,108,99,207,ITH,ITH3,5,Veneto
2023-10-05,LOM,362,191,171,362,ITC,ITC4,3,Lombardia
2023-12-29,LOM,4610,2109,2501,4610,ITC,ITC4,3,Lombardia
2023-12-15,LOM,10623,5173,5450,10623,ITC,ITC4,3,Lombardia
2023-12-02,TOS,1446,702,744,1446,ITI,ITI1,9,Toscana
2023-12-01,VDA,135,68,67,135,ITC,ITC2,2,Valle d'Aosta / Vallée d'Aoste
2023-11-03,PAB,307,141,166,307,ITH,ITH1,4,Provincia Autonoma Bolzano / Bozen
2023-12-20,ABR,395,194,201,395,ITF,ITF1,13,Abruzzo
2023-11-08,SIC,42,21,21,42,ITG,ITG1,19,Sicilia
2023-10-30,VEN,1318,593,725,1318,ITH,ITH3,5,Veneto
2023-11-10,MAR,986,504,482,986,ITI,ITI3,11,Marche
2023-12-30,EMR,139,62,77,139,ITH,ITH5,8,Emilia-Romagna
2023-10-26,PAB,780,388,392,780,ITH,ITH1,4,Provincia Autonoma Bolzano / Bozen
2023-11-05,VDA,7,2,5,7,ITC,ITC2,2,Valle d'Aosta / Vallée d'Aoste
2023-12-08,LOM,441,217,224,441,ITC,ITC4,3,Lombardia
2023-12-29,LIG,815,403,412,815,ITC,ITC3,7,Liguria
2024-01-03,VEN,462,221,241,462,ITH,ITH3,5,Veneto
2023-12-12,LIG,2898,1387,1511,2898,ITC,ITC3,7,Liguria
2023-11-27,LIG,325,167,158,325,ITC,ITC3,7,Liguria
2023-11-19,ABR,25,13,12,25,ITF,ITF1,13,Abruzzo
2023-12-09,FVG,140,67,73,140,ITH,ITH4,6,Friuli-Venezia Giulia
2023-10-30,SAR,170,94,76,170,ITG,ITG2,20,Sardegna
2023-11-04,CAL,40,21,19,40,ITF,ITF6,18,Calabria
2023-12-25,LAZ,11,8,3,11,ITI,ITI4,12,Lazio
2023-12-29,CAL,203,112,91,203,ITF,ITF6,18,Calabria
2023-12-10,SIC,59,31,28,59,ITG,ITG1,19,Sicilia
2023-12-12,PAB,332,165,167,332,ITH,ITH1,4,Provincia Autonoma Bolzano / Bozen
2023-12-06,EMR,5125,2528,2597,5125,ITH,ITH5,8,Emilia-Romagna
2023-11-25,PIE,1396,717,679,1396,ITC,ITC1,1,Piemonte
2023-11-06,MAR,409,206,203,409,ITI,ITI3,11,Marche
2023-11-18,PUG,343,172,171,343,ITF,ITF4,16,Puglia
2023-10-04,LAZ,16,9,7,16,ITI,ITI4,12,Lazio
2023-12-11,LOM,9337,4553,4784,9337,ITC,ITC4,3,Lombardia
2023-10-29,FVG,9,4,5,9,ITH,ITH4,6,Friuli-Venezia Giulia
2023-09-26,TOS,15,7,8,15,ITI,ITI1,9,Toscana
2023-12-17,UMB,13,6,7,13,ITI,ITI2,10,Umbria
2023-10-29,PAT,1,0,1,1,ITH,ITH2,4,Provincia Autonoma Trento
2023-09-29,TOS,3,0,3,3,ITI,ITI1,9,Toscana
2023-12-26,FVG,18,6,12,18,ITH,ITH4,6,Friuli-Venezia Giulia
2023-11-18,PAT,44,21,23,44,ITH,ITH2,4,Provincia Autonoma Trento
2023-10-21,PAB,3,0,3,3,ITH,ITH1,4,Provincia Autonoma Bolzano / Bozen
2023-12-08,LIG,1,1,0,1,ITC,ITC3,7,Liguria
2023-12-03,FVG,8,2,6,8,ITH,ITH4,6,Friuli-Venezia Giulia
2023-10-20,CAL,6,4,2,6,ITF,ITF6,18,Calabria
2023-10-13,MOL,9,7,2,9,ITF,ITF2,14,Molise
2023-10-15,MAR,1,1,0,1,ITI,ITI3,11,Marche
2023-11-13,MAR,474,228,246,474,ITI,ITI3,11,Marche
2023-12-20,PIE,2966,1480,1486,2966,ITC,ITC1,1,Piemonte
2023-10-19,ABR,86,50,36,86,ITF,ITF1,13,Abruzzo
2023-10-23,MOL,37,14,23,37,ITF,ITF2,14,Molise
2023-12-09,CAL,44,26,18,44,ITF,ITF6,18,Calabria
2023-11-30,MAR,30,18,12,30,ITI,ITI3,11,Marche
2023-12-31,VEN,131,60,71,131,ITH,ITH3,5,Veneto
2023-11-04,CAM,89,50,39,89,ITF,ITF3,15,Campania
2023-11-01,VEN,12,4,8,12,ITH,ITH3,5,Veneto
2023-12-24,PIE,11,4,7,11,ITC,ITC1,1,Piemonte
2023-12-13,BAS,286,167,119,286,ITF,ITF5,17,Basilicata
2023-12-02,VDA,6,3,3,6,ITC,ITC2,2,Valle d'Aosta / Vallée d'Aoste
2023-10-13,CAM,128,61,67,128,ITF,ITF3,15,Campania
2023-11-25,MAR,10,2,8,10,ITI,ITI3,11,Marche
2023-11-27,VEN,2419,1154,1265,2419,ITH,ITH3,5,Veneto
2023-12-18,VEN,3283,1653,1630,3283,ITH,ITH3,5,Veneto
2023-10-26,FVG,850,422,428,850,ITH,ITH4,6,Friuli-Venezia Giulia
2023-11-11,EMR,3384,1642,1742,3384,ITH,ITH5,8,Emilia-Romagna
2023-11-09,CAL,122,64,58,122,ITF,ITF6,18,Calabria
2023-12-13,ABR,412,218,194,412,ITF,ITF1,13,Abruzzo
2023-10-05,FVG,29,11,18,29,ITH,ITH4,6,Friuli-Venezia Giulia
2023-12-01,EMR,5437,2565,2872,5437,ITH,ITH5,8,Emilia-Romagna
2023-12-04,LAZ,2781,1326,1455,2781,ITI,ITI4,12,Lazio
2023-11-02,PIE,1548,750,798,1548,ITC,ITC1,1,Piemonte
2023-11-21,LAZ,2394,1192,1202,2394,ITI,ITI4,12,Lazio
2023-11-08,LOM,11388,5219,6169,11388,ITC,ITC4,3,Lombardia
2023-12-12,PUG,2827,1417,1410,2827,ITF,ITF4,16,Puglia
2023-12-08,LAZ,330,168,162,330,ITI,ITI4,12,Lazio
2023-10-31,VDA,152,75,77,152,ITC,ITC2,2,Valle d'Aosta / Vallée d'Aoste
2023-11-10,BAS,12,6,6,12,ITF,ITF5,17,Basilicata
2023-12-01,PAB,266,134,132,266,ITH,ITH1,4,Provincia Autonoma Bolzano / Bozen
2023-11-22,LAZ,2373,1139,1234,2373,ITI,ITI4,12,Lazio
2023-11-13,TOS,3855,1802,2053,3855,ITI,ITI1,9,Toscana
2023-11-14,VDA,105,49,56,105,ITC,ITC2,2,Valle d'Aosta / Vallée d'Aoste
2023-10-21,VEN,49,21,28,49,ITH,ITH3,5,Veneto
2023-11-05,UMB,137,72,65,137,ITI,ITI2,10,Umbria
2023-10-31,CAM,124,56,68,124,ITF,ITF3,15,Campania
2023-12-18,LOM,10295,5086,5209,10295,ITC,ITC4,3,Lombardia
2023-10-31,MAR,603,294,309,603,ITI,ITI3,11,Marche
2023-10-21,SIC,7,3,4,7,ITG,ITG1,19,Sicilia
2023-12-13,VDA,104,41,63,104,ITC,ITC2,2,Valle d'Aosta / Vallée d'Aoste
2023-11-03,PAT,357,173,184,357,ITH,ITH2,4,Provincia Autonoma Trento
2023-10-25,MAR,530,265,265,530,ITI,ITI3,11,Marche
2023-11-13,SAR,354,183,171,354,ITG,ITG2,20,Sardegna
2023-12-22,UMB,976,497,479,976,ITI,ITI2,10,Umbria
2023-12-03,SIC,157,80,77,157,ITG,ITG1,19,Sicilia
2023-12-19,MAR,1015,507,508,1015,ITI,ITI3,11,Marche
2023-11-03,SIC,68,38,30,68,ITG,ITG1,19,Sicilia
2023-11-17,TOS,6681,3162,3519,6681,ITI,ITI1,9,Toscana
2024-01-02,UMB,84,37,47,84,ITI,ITI2,10,Umbria
2023-11-22,SIC,219,119,100,219,ITG,ITG1,19,Sicilia
2023-10-14,MAR,49,21,28,49,ITI,ITI3,11,Marche
2023-10-25,UMB,39,34,5,39,ITI,ITI2,10,Umbria
2023-10-28,MAR,738,376,362,738,ITI,ITI3,11,Marche
2023-11-21,SIC,127,64,63,127,ITG,ITG1,19,Sicilia
2023-10-02,TOS,286,162,124,286,ITI,ITI1,9,Toscana
2023-10-30,MAR,418,201,217,418,ITI,ITI3,11,Marche
2023-12-12,VDA,49,20,29,49,ITC,ITC2,2,Valle d'Aosta / Vallée d'Aoste
2023-10-20,SIC,33,20,13,33,ITG,ITG1,19,Sicilia
2023-11-12,MAR,78,41,37,78,ITI,ITI3,11,Marche
2023-12-28,VEN,2274,1165,1109,2274,ITH,ITH3,5,Veneto
2023-12-23,PUG,224,105,119,224,ITF,ITF4,16,Puglia
2023-12-18,PAB,112,53,59,112,ITH,ITH1,4,Provincia Autonoma Bolzano / Bozen
2023-12-28,SAR,596,275,321,596,ITG,ITG2,20,Sardegna
2023-12-07,LIG,1724,848,876,1724,ITC,ITC3,7,Liguria
2023-11-20,PAB,141,63,78,141,ITH,ITH1,4,Provincia Autonoma Bolzano / Bozen
2024-01-02,VEN,220,109,111,220,ITH,ITH3,5,Veneto
2023-11-07,MOL,73,41,32,73,ITF,ITF2,14,Molise
2023-11-11,MOL,38,5,33,38,ITF,ITF2,14,Molise
2023-12-19,PUG,3006,1565,1441,3006,ITF,ITF4,16,Puglia
2023-12-01,LAZ,3505,1722,1783,3505,ITI,ITI4,12,Lazio
2023-12-15,BAS,344,161,183,344,ITF,ITF5,17,Basilicata
2023-10-25,PAB,615,302,313,615,ITH,ITH1,4,Provincia Autonoma Bolzano / Bozen
2023-11-07,BAS,30,20,10,30,ITF,ITF5,17,Basilicata
2023-10-28,LAZ,715,347,368,715,ITI,ITI4,12,Lazio
2023-12-02,PUG,330,178,152,330,ITF,ITF4,16,Puglia
2023-11-25,VEN,2204,1074,1130,2204,ITH,ITH3,5,Veneto
2023-10-30,SIC,30,19,11,30,ITG,ITG1,19,Sicilia
2023-12-11,SIC,440,250,190,440,ITG,ITG1,19,Sicilia
2023-11-27,FVG,750,368,382,750,ITH,ITH4,6,Friuli-Venezia Giulia
2023-11-14,CAM,467,281,186,467,ITF,ITF3,15,Campania
2023-12-23,TOS,648,351,297,648,ITI,ITI1,9,Toscana
2023-12-30,LAZ,1196,632,564,1196,ITI,ITI4,12,Lazio
2023-12-19,PAT,739,341,398,739,ITH,ITH2,4,Provincia Autonoma Trento
2023-10-28,VDA,86,42,44,86,ITC,ITC2,2,Valle d'Aosta / Vallée d'Aoste
2023-10-21,MAR,211,103,108,211,ITI,ITI3,11,Marche
2024-01-02,ABR,98,44,54,98,ITF,ITF1,13,Abruzzo
2023-11-20,LIG,608,300,308,608,ITC,ITC3,7,Liguria
2023-12-05,PIE,3142,1478,1664,3142,ITC,ITC1,1,Piemonte
2024-01-02,SAR,303,150,153,303,ITG,ITG2,20,Sardegna
2023-11-14,PIE,2877,1338,1539,2877,ITC,ITC1,1,Piemonte
2023-11-25,EMR,1973,976,997,1973,ITH,ITH5,8,Emilia-Romagna
2023-11-02,PUG,1262,645,617,1262,ITF,ITF4,16,Puglia
2023-12-31,LAZ,396,183,213,396,ITI,ITI4,12,Lazio
2023-12-01,MAR,26,8,18,26,ITI,ITI3,11,Marche
2023-10-25,VEN,980,348,632,980,ITH,ITH3,5,Veneto
2023-11-24,TOS,6615,3110,3505,6615,ITI,ITI1,9,Toscana
2023-11-29,PAB,543,250,293,543,ITH,ITH1,4,Provincia Autonoma Bolzano / Bozen
2023-12-25,LOM,35,17,18,35,ITC,ITC4,3,Lombardia
2023-11-06,VDA,86,47,39,86,ITC,ITC2,2,Valle d'Aosta / Vallée d'Aoste
2023-10-26,MAR,190,85,105,190,ITI,ITI3,11,Marche
2023-12-16,LIG,870,434,436,870,ITC,ITC3,7,Liguria
2023-12-04,PAT,551,259,292,551,ITH,ITH2,4,Provincia Autonoma Trento
2023-12-05,CAM,913,480,433,913,ITF,ITF3,15,Campania
2023-12-02,CAL,92,54,38,92,ITF,ITF6,18,Calabria
2023-12-04,PUG,1636,855,781,1636,ITF,ITF4,16,Puglia
2023-12-14,LAZ,4406,2094,2312,4406,ITI,ITI4,12,Lazio
2023-12-15,ABR,588,314,274,588,ITF,ITF1,13,Abruzzo
2023-12-04,TOS,3155,1513,1642,3155,ITI,ITI1,9,Toscana
2023-10-10,TOS,314,152,162,314,ITI,ITI1,9,Toscana
2023-12-07,MOL,146,71,75,146,ITF,ITF2,14,Molise
2023-10-26,VDA,117,57,60,117,ITC,ITC2,2,Valle d'Aosta / Vallée d'Aoste
2023-12-20,MOL,179,105,74,179,ITF,ITF2,14,Molise
2023-10-25,EMR,4297,2041,2256,4297,ITH,ITH5,8,Emilia-Romagna
2023-10-13,VEN,101,29,72,101,ITH,ITH3,5,Veneto
2023-12-02,ABR,131,65,66,131,ITF,ITF1,13,Abruzzo
2023-11-27,LOM,365,123,242,365,ITC,ITC4,3,Lombardia
2023-10-13,SAR,111,56,55,111,ITG,ITG2,20,Sardegna
2023-12-17,BAS,28,24,4,28,ITF,ITF5,17,Basilicata
2023-11-25,UMB,229,100,129,229,ITI,ITI2,10,Umbria
2023-10-07,LOM,4,2,2,4,ITC,ITC4,3,Lombardia
2023-10-18,CAL,12,9,3,12,ITF,ITF6,18,Calabria
2023-12-25,EMR,9,5,4,9,ITH,ITH5,8,Emilia-Romagna
2023-11-30,VDA,86,41,45,86,ITC,ITC2,2,Valle d'Aosta / Vallée d'Aoste
2023-12-23,PAT,10,7,3,10,ITH,ITH2,4,Provincia Autonoma Trento
2023-10-04,LIG,12,4,8,12,ITC,ITC3,7,Liguria
2023-12-08,SIC,1,1,0,1,ITG,ITG1,19,Sicilia
2023-10-10,PUG,82,33,49,82,ITF,ITF4,16,Puglia
2023-12-02,PAT,2,0,2,2,ITH,ITH2,4,Provincia Autonoma Trento
2023-11-01,SIC,1,0,1,1,ITG,ITG1,19,Sicilia
2023-11-25,PAB,5,1,4,5,ITH,ITH1,4,Provincia Autonoma Bolzano / Bozen
2023-12-03,ABR,6,3,3,6,ITF,ITF1,13,Abruzzo
2023-10-15,LIG,1,0,1,1,ITC,ITC3,7,Liguria
2023-10-05,EMR,1,0,1,1,ITH,ITH5,8,Emilia-Romagna
2023-12-13,LIG,1847,885,962,1847,ITC,ITC3,7,Liguria
2023-11-04,FVG,158,75,83,158,ITH,ITH4,6,Friuli-Venezia Giulia
2023-11-16,PIE,2987,1410,1577,2987,ITC,ITC1,1,Piemonte
2023-12-21,MAR,1483,799,684,1483,ITI,ITI3,11,Marche
2023-12-04,MAR,547,271,276,547,ITI,ITI3,11,Marche
2023-12-15,EMR,6522,3268,3254,6522,ITH,ITH5,8,Emilia-Romagna
2023-12-05,SIC,529,280,249,529,ITG,ITG1,19,Sicilia
2023-12-30,LIG,345,182,163,345,ITC,ITC3,7,Liguria
2023-10-19,CAL,23,12,11,23,ITF,ITF6,18,Calabria
2023-12-06,SAR,678,357,321,678,ITG,ITG2,20,Sardegna
2023-11-01,LOM,1247,550,697,1247,ITC,ITC4,3,Lombardia
2023-11-20,EMR,3903,1866,2037,3903,ITH,ITH5,8,Emilia-Romagna
2023-10-09,PIE,85,35,50,85,ITC,ITC1,1,Piemonte
2023-12-04,MOL,131,73,58,131,ITF,ITF2,14,Molise
2023-12-18,ABR,375,194,181,375,ITF,ITF1,13,Abruzzo
2023-11-12,PIE,54,26,28,54,ITC,ITC1,1,Piemonte
2023-10-27,PAB,352,171,181,352,ITH,ITH1,4,Provincia Autonoma Bolzano / Bozen
2023-12-05,VEN,3739,1842,1897,3739,ITH,ITH3,5,Veneto
2023-10-16,VEN,159,73,86,159,ITH,ITH3,5,Veneto
2023-12-16,VDA,72,36,36,72,ITC,ITC2,2,Valle d'Aosta / Vallée d'Aoste
2023-12-07,CAM,877,493,384,877,ITF,ITF3,15,Campania
2023-11-30,CAM,656,373,283,656,ITF,ITF3,15,Campania
2023-12-08,TOS,21,7,14,21,ITI,ITI1,9,Toscana
2023-11-15,PIE,2826,1304,1522,2826,ITC,ITC1,1,Piemonte
2023-11-06,LIG,480,239,241,480,ITC,ITC3,7,Liguria
2023-10-04,CAM,30,20,10,30,ITF,ITF3,15,Campania
2023-12-12,PAT,629,286,343,629,ITH,ITH2,4,Provincia Autonoma Trento
2023-11-11,CAL,45,22,23,45,ITF,ITF6,18,Calabria
2023-12-18,FVG,781,358,423,781,ITH,ITH4,6,Friuli-Venezia Giulia
2023-10-23,LOM,7500,3727,3773,7500,ITC,ITC4,3,Lombardia
2023-10-19,VEN,208,85,123,208,ITH,ITH3,5,Veneto
2023-12-04,PAB,105,52,53,105,ITH,ITH1,4,Provincia Autonoma Bolzano / Bozen
2023-12-30,UMB,20,9,11,20,ITI,ITI2,10,Umbria
2023-10-06,PIE,31,18,13,31,ITC,ITC1,1,Piemonte
2023-10-11,LIG,53,14,39,53,ITC,ITC3,7,Liguria
2023-12-16,PIE,2146,1104,1042,2146,ITC,ITC1,1,Piemonte
2023-11-17,SAR,491,242,249,491,ITG,ITG2,20,Sardegna
2023-11-03,PIE,2431,1208,1223,2431,ITC,ITC1,1,Piemonte
2023-12-24,PUG,30,17,13,30,ITF,ITF4,16,Puglia
2023-12-29,SAR,351,170,181,351,ITG,ITG2,20,Sardegna
2023-10-18,MOL,27,14,13,27,ITF,ITF2,14,Molise
2023-10-26,VEN,1009,465,544,1009,ITH,ITH3,5,Veneto
2023-12-07,LOM,8253,4002,4251,8253,ITC,ITC4,3,Lombardia
2023-11-20,PAT,417,192,225,417,ITH,ITH2,4,Provincia Autonoma Trento
2023-10-20,CAM,191,104,87,191,ITF,ITF3,15,Campania
2023-11-03,ABR,177,84,93,177,ITF,ITF1,13,Abruzzo
2023-10-10,SAR,54,32,22,54,ITG,ITG2,20,Sardegna
2023-12-26,VDA,6,4,2,6,ITC,ITC2,2,Valle d'Aosta / Vallée d'Aoste
2023-10-19,EMR,1943,967,976,1943,ITH,ITH5,8,Emilia-Romagna
2023-10-23,SAR,128,69,59,128,ITG,ITG2,20,Sardegna
2023-11-14,LAZ,2263,1097,1166,2263,ITI,ITI4,12,Lazio
2023-10-30,ABR,93,51,42,93,ITF,ITF1,13,Abruzzo
2023-12-01,FVG,968,471,497,968,ITH,ITH4,6,Friuli-Venezia Giulia
2023-10-04,LOM,287,138,149,287,ITC,ITC4,3,Lombardia
2023-12-11,PAT,652,319,333,652,ITH,ITH2,4,Provincia Autonoma Trento
2023-11-19,MAR,6,1,5,6,ITI,ITI3,11,Marche
2023-11-22,PIE,3020,1420,1600,3020,ITC,ITC1,1,Piemonte
2023-11-15,PUG,2069,1023,1046,2069,ITF,ITF4,16,Puglia
2023-10-12,CAM,233,130,103,233,ITF,ITF3,15,Campania
2023-12-14,BAS,313,164,149,313,ITF,ITF5,17,Basilicata
2023-11-15,CAM,427,243,184,427,ITF,ITF3,15,Campania
2023-11-24,LOM,10852,5060,5792,10852,ITC,ITC4,3,Lombardia
2023-11-15,PAT,544,277,267,544,ITH,ITH2,4,Provincia Autonoma Trento
2023-10-31,SAR,183,81,102,183,ITG,ITG2,20,Sardegna
2023-10-07,TOS,241,137,104,241,ITI,ITI1,9,Toscana
2023-12-06,BAS,152,82,70,152,ITF,ITF5,17,Basilicata
2023-12-06,CAL,345,201,144,345,ITF,ITF6,18,Calabria
2023-10-16,LIG,141,43,98,141,ITC,ITC3,7,Liguria
2023-10-26,EMR,4223,2007,2216,4223,ITH,ITH5,8,Emilia-Romagna
2023-12-21,PIE,3780,1879,1901,3780,ITC,ITC1,1,Piemonte
2023-10-20,PUG,770,400,370,770,ITF,ITF4,16,Puglia
2023-12-06,PIE,3041,1440,1601,3041,ITC,ITC1,1,Piemonte
2023-10-04,FVG,43,24,19,43,ITH,ITH4,6,Friuli-Venezia Giulia
2023-11-16,BAS,37,17,20,37,ITF,ITF5,17,Basilicata
2023-10-14,LOM,8,3,5,8,ITC,ITC4,3,Lombardia
2023-10-09,MAR,6,1,5,6,ITI,ITI3,11,Marche
2023-10-27,UMB,390,193,197,390,ITI,ITI2,10,Umbria
2023-10-17,FVG,396,203,193,396,ITH,ITH4,6,Friuli-Venezia Giulia
2023-11-21,CAL,334,189,145,334,ITF,ITF6,18,Calabria
2023-12-16,BAS,144,79,65,144,ITF,ITF5,17,Basilicata
2023-10-20,PAT,344,159,185,344,ITH,ITH2,4,Provincia Autonoma Trento
2023-12-03,TOS,29,9,20,29,ITI,ITI1,9,Toscana
2023-12-01,CAL,158,92,66,158,ITF,ITF6,18,Calabria
2023-10-09,MOL,10,6,4,10,ITF,ITF2,14,Molise
2023-11-23,UMB,821,397,424,821,ITI,ITI2,10,Umbria
2023-11-11,FVG,818,383,435,818,ITH,ITH4,6,Friuli-Venezia Giulia
2023-12-01,ABR,232,124,108,232,ITF,ITF1,13,Abruzzo
2024-01-03,VDA,75,38,37,75,ITC,ITC2,2,Valle d'Aosta / Vallée d'Aoste
2023-12-16,ABR,178,89,89,178,ITF,ITF1,13,Abruzzo
2023-11-20,PUG,1159,596,563,1159,ITF,ITF4,16,Puglia
2023-10-21,ABR,36,17,19,36,ITF,ITF1,13,Abruzzo
2023-10-30,LOM,8283,3960,4323,8283,ITC,ITC4,3,Lombardia
2023-11-08,MOL,91,54,37,91,ITF,ITF2,14,Molise
2023-12-09,UMB,157,84,73,157,ITI,ITI2,10,Umbria
2023-10-02,LOM,145,63,82,145,ITC,ITC4,3,Lombardia
2023-10-05,LAZ,47,24,23,47,ITI,ITI4,12,Lazio
2023-12-14,MOL,169,91,78,169,ITF,ITF2,14,Molise
2024-01-01,CAM,3,3,0,3,ITF,ITF3,15,Campania
2023-12-10,UMB,2,0,2,2,ITI,ITI2,10,Umbria
2023-11-01,ABR,1,0,1,1,ITF,ITF1,13,Abruzzo
2023-09-28,TOS,1,0,1,1,ITI,ITI1,9,Toscana
2023-10-21,PUG,221,101,120,221,ITF,ITF4,16,Puglia
2023-11-09,SAR,303,160,143,303,ITG,ITG2,20,Sardegna
2023-10-06,VDA,18,10,8,18,ITC,ITC2,2,Valle d'Aosta / Vallée d'Aoste
2023-10-17,VEN,164,61,103,164,ITH,ITH3,5,Veneto
2023-11-23,MAR,50,21,29,50,ITI,ITI3,11,Marche
2023-12-13,PIE,3114,1464,1650,3114,ITC,ITC1,1,Piemonte
2023-12-12,VEN,3190,1560,1630,3190,ITH,ITH3,5,Veneto
2023-11-21,VEN,3067,1487,1580,3067,ITH,ITH3,5,Veneto
2023-11-03,PUG,1621,837,784,1621,ITF,ITF4,16,Puglia
2024-01-02,SIC,182,99,83,182,ITG,ITG1,19,Sicilia
2023-11-24,BAS,59,31,28,59,ITF,ITF5,17,Basilicata
2023-12-01,TOS,5684,2635,3049,5684,ITI,ITI1,9,Toscana
2023-12-12,SIC,674,364,310,674,ITG,ITG1,19,Sicilia
2023-11-29,CAL,192,115,77,192,ITF,ITF6,18,Calabria
2023-11-26,VDA,3,0,3,3,ITC,ITC2,2,Valle d'Aosta / Vallée d'Aoste
2023-11-22,TOS,6289,2905,3384,6289,ITI,ITI1,9,Toscana
2023-11-05,TOS,192,100,92,192,ITI,ITI1,9,Toscana
2023-10-12,PIE,105,50,55,105,ITC,ITC1,1,Piemonte
2023-10-11,SAR,89,42,47,89,ITG,ITG2,20,Sardegna
2024-01-02,CAL,99,63,36,99,ITF,ITF6,18,Calabria
2023-12-16,PUG,627,315,312,627,ITF,ITF4,16,Puglia
2023-11-23,SIC,258,142,116,258,ITG,ITG1,19,Sicilia
2023-10-18,PAB,625,301,324,625,ITH,ITH1,4,Provincia Autonoma Bolzano / Bozen
2023-10-01,LOM,2772,1464,1308,2772,ITC,ITC4,3,Lombardia
2023-12-02,CAM,159,91,68,159,ITF,ITF3,15,Campania
2023-11-10,PIE,3356,1627,1729,3356,ITC,ITC1,1,Piemonte
2023-12-28,LAZ,3483,1737,1746,3483,ITI,ITI4,12,Lazio
2023-11-26,PIE,56,27,29,56,ITC,ITC1,1,Piemonte
2023-11-12,LOM,1023,487,536,1023,ITC,ITC4,3,Lombardia
2023-12-16,PAT,1278,607,671,1278,ITH,ITH2,4,Provincia Autonoma Trento
2023-11-23,VEN,3432,1739,1693,3432,ITH,ITH3,5,Veneto
2023-11-18,CAL,34,21,13,34,ITF,ITF6,18,Calabria
2023-12-19,VDA,44,21,23,44,ITC,ITC2,2,Valle d'Aosta / Vallée d'Aoste
2023-12-22,SAR,606,313,293,606,ITG,ITG2,20,Sardegna
2023-10-24,MAR,572,298,274,572,ITI,ITI3,11,Marche
2023-12-05,TOS,4247,1957,2290,4247,ITI,ITI1,9,Toscana
2023-12-27,LAZ,2050,1029,1021,2050,ITI,ITI4,12,Lazio
2023-11-29,LIG,1373,662,711,1373,ITC,ITC3,7,Liguria
2023-11-06,CAM,337,195,142,337,ITF,ITF3,15,Campania
2023-10-21,PAT,65,35,30,65,ITH,ITH2,4,Provincia Autonoma Trento
2023-11-05,PAB,6,2,4,6,ITH,ITH1,4,Provincia Autonoma Bolzano / Bozen
2023-12-31,SIC,6,2,4,6,ITG,ITG1,19,Sicilia
2023-11-20,BAS,5,1,4,5,ITF,ITF5,17,Basilicata
2023-12-03,CAL,3,2,1,3,ITF,ITF6,18,Calabria
2023-11-26,BAS,3,2,1,3,ITF,ITF5,17,Basilicata
2023-12-08,BAS,19,10,9,19,ITF,ITF5,17,Basilicata
2023-12-24,ABR,1,1,0,1,ITF,ITF1,13,Abruzzo
2023-11-05,PUG,23,13,10,23,ITF,ITF4,16,Puglia
2023-12-19,SAR,843,420,423,843,ITG,ITG2,20,Sardegna
2023-11-25,TOS,1892,896,996,1892,ITI,ITI1,9,Toscana
2023-11-20,VDA,50,27,23,50,ITC,ITC2,2,Valle d'Aosta / Vallée d'Aoste
2023-10-17,VDA,63,29,34,63,ITC,ITC2,2,Valle d'Aosta / Vallée d'Aoste
2023-11-17,BAS,12,8,4,12,ITF,ITF5,17,Basilicata
2023-10-28,LOM,6055,2996,3059,6055,ITC,ITC4,3,Lombardia
2023-11-02,SAR,171,93,78,171,ITG,ITG2,20,Sardegna
2023-11-12,TOS,194,91,103,194,ITI,ITI1,9,Toscana
2023-12-21,PUG,3684,1953,1731,3684,ITF,ITF4,16,Puglia
2023-10-27,CAL,70,36,34,70,ITF,ITF6,18,Calabria
2023-11-07,LAZ,2297,1124,1173,2297,ITI,ITI4,12,Lazio
2023-11-30,CAL,329,193,136,329,ITF,ITF6,18,Calabria
2023-11-25,LAZ,1820,959,861,1820,ITI,ITI4,12,Lazio
2023-12-23,EMR,378,186,192,378,ITH,ITH5,8,Emilia-Romagna
2023-10-27,FVG,916,458,458,916,ITH,ITH4,6,Friuli-Venezia Giulia
2023-12-12,BAS,307,171,136,307,ITF,ITF5,17,Basilicata
2023-10-24,ABR,130,68,62,130,ITF,ITF1,13,Abruzzo
2023-12-19,PIE,3536,1775,1761,3536,ITC,ITC1,1,Piemonte
2023-11-28,PIE,2987,1355,1632,2987,ITC,ITC1,1,Piemonte
2023-12-02,EMR,1655,784,871,1655,ITH,ITH5,8,Emilia-Romagna
2023-11-06,VEN,1510,703,807,1510,ITH,ITH3,5,Veneto
2023-10-19,PAB,802,390,412,802,ITH,ITH1,4,Provincia Autonoma Bolzano / Bozen
2023-12-14,LOM,11055,5330,5725,11055,ITC,ITC4,3,Lombardia
2023-10-24,SAR,191,84,107,191,ITG,ITG2,20,Sardegna
2023-11-20,FVG,1105,561,544,1105,ITH,ITH4,6,Friuli-Venezia Giulia
2023-12-04,UMB,370,176,194,370,ITI,ITI2,10,Umbria
2023-12-29,MOL,60,33,27,60,ITF,ITF2,14,Molise
2023-10-10,PIE,95,51,44,95,ITC,ITC1,1,Piemonte
2023-11-30,PIE,3335,1589,1746,3335,ITC,ITC1,1,Piemonte
2023-10-25,LAZ,991,493,498,991,ITI,ITI4,12,Lazio
2023-10-23,PIE,790,380,410,790,ITC,ITC1,1,Piemonte
2023-11-29,MAR,34,15,19,34,ITI,ITI3,11,Marche
2023-12-13,TOS,5123,2415,2708,5123,ITI,ITI1,9,Toscana
2023-12-14,EMR,6263,3077,3186,6263,ITH,ITH5,8,Emilia-Romagna
2023-12-21,PAT,321,149,172,321,ITH,ITH2,4,Provincia Autonoma Trento
2023-12-29,PIE,1757,859,898,1757,ITC,ITC1,1,Piemonte
2023-10-24,LOM,9061,4455,4606,9061,ITC,ITC4,3,Lombardia
2023-10-21,PIE,339,180,159,339,ITC,ITC1,1,Piemonte
2023-10-31,MOL,33,13,20,33,ITF,ITF2,14,Molise
2023-12-14,VEN,4595,2290,2305,4595,ITH,ITH3,5,Veneto
2023-12-04,LOM,9159,4419,4740,9159,ITC,ITC4,3,Lombardia
2023-10-18,EMR,1504,721,783,1504,ITH,ITH5,8,Emilia-Romagna
2023-11-12,PUG,51,31,20,51,ITF,ITF4,16,Puglia
2023-11-14,MOL,31,19,12,31,ITF,ITF2,14,Molise
2023-11-30,SAR,936,476,460,936,ITG,ITG2,20,Sardegna
2023-12-18,LAZ,3974,1992,1982,3974,ITI,ITI4,12,Lazio
2023-12-04,SAR,755,378,377,755,ITG,ITG2,20,Sardegna
2023-11-08,VEN,2399,1159,1240,2399,ITH,ITH3,5,Veneto
2023-10-28,CAM,77,42,35,77,ITF,ITF3,15,Campania
2023-11-24,CAL,141,91,50,141,ITF,ITF6,18,Calabria
2023-11-24,ABR,405,222,183,405,ITF,ITF1,13,Abruzzo
2023-11-28,BAS,145,87,58,145,ITF,ITF5,17,Basilicata
2023-10-26,LOM,9997,4753,5244,9997,ITC,ITC4,3,Lombardia
2023-12-06,CAM,1081,597,484,1081,ITF,ITF3,15,Campania
2023-12-06,PUG,2509,1262,1247,2509,ITF,ITF4,16,Puglia
2023-11-29,SIC,254,134,120,254,ITG,ITG1,19,Sicilia
2023-11-23,BAS,44,28,16,44,ITF,ITF5,17,Basilicata
2023-10-29,TOS,36,15,21,36,ITI,ITI1,9,Toscana
2023-11-16,LOM,10166,4760,5406,10166,ITC,ITC4,3,Lombardia
2023-12-02,MOL,37,20,17,37,ITF,ITF2,14,Molise
2023-12-22,TOS,391,188,203,391,ITI,ITI1,9,Toscana
2023-12-06,PAT,412,188,224,412,ITH,ITH2,4,Provincia Autonoma Trento
2023-11-01,FVG,23,10,13,23,ITH,ITH4,6,Friuli-Venezia Giulia
2023-11-18,VDA,80,42,38,80,ITC,ITC2,2,Valle d'Aosta / Vallée d'Aoste
2023-11-13,LAZ,1737,908,829,1737,ITI,ITI4,12,Lazio
2023-12-20,MAR,54,30,24,54,ITI,ITI3,11,Marche
2023-10-31,PIE,1546,761,785,1546,ITC,ITC1,1,Piemonte
2023-12-11,FVG,1062,496,566,1062,ITH,ITH4,6,Friuli-Venezia Giulia
2023-10-06,CAM,28,15,13,28,ITF,ITF3,15,Campania
2023-10-22,MAR,54,30,24,54,ITI,ITI3,11,Marche
2023-12-10,PIE,80,36,44,80,ITC,ITC1,1,Piemonte
2023-11-06,EMR,3972,1832,2140,3972,ITH,ITH5,8,Emilia-Romagna
2023-12-23,VEN,1476,804,672,1476,ITH,ITH3,5,Veneto
2023-11-09,VDA,164,80,84,164,ITC,ITC2,2,Valle d'Aosta / Vallée d'Aoste
2023-11-24,PIE,3573,1727,1846,3573,ITC,ITC1,1,Piemonte
2023-10-30,FVG,532,274,258,532,ITH,ITH4,6,Friuli-Venezia Giulia
2023-10-23,ABR,83,44,39,83,ITF,ITF1,13,Abruzzo
2023-12-20,VDA,97,54,43,97,ITC,ITC2,2,Valle d'Aosta / Vallée d'Aoste
2023-11-08,EMR,7017,3299,3718,7017,ITH,ITH5,8,Emilia-Romagna
2023-11-07,TOS,5223,2439,2784,5223,ITI,ITI1,9,Toscana
2024-01-02,MAR,100,45,55,100,ITI,ITI3,11,Marche
2023-11-24,SAR,570,293,277,570,ITG,ITG2,20,Sardegna
2024-01-02,TOS,742,363,379,742,ITI,ITI1,9,Toscana
2023-11-10,SAR,336,163,173,336,ITG,ITG2,20,Sardegna
2023-10-23,CAL,23,14,9,23,ITF,ITF6,18,Calabria
2023-10-12,VDA,12,6,6,12,ITC,ITC2,2,Valle d'Aosta / Vallée d'Aoste
2023-10-03,SAR,6,1,5,6,ITG,ITG2,20,Sardegna
2023-11-29,VDA,134,66,68,134,ITC,ITC2,2,Valle d'Aosta / Vallée d'Aoste
2023-12-10,BAS,5,3,2,5,ITF,ITF5,17,Basilicata
2023-10-14,PIE,43,20,23,43,ITC,ITC1,1,Piemonte
2023-12-10,ABR,36,14,22,36,ITF,ITF1,13,Abruzzo
2023-10-21,CAL,13,9,4,13,ITF,ITF6,18,Calabria
2023-12-03,MAR,1,0,1,1,ITI,ITI3,11,Marche
2023-10-02,ABR,2,2,0,2,ITF,ITF1,13,Abruzzo
2024-01-01,FVG,1,1,0,1,ITH,ITH4,6,Friuli-Venezia Giulia
2023-09-25,ABR,1,0,1,1,ITF,ITF1,13,Abruzzo
2023-10-14,ABR,11,5,6,11,ITF,ITF1,13,Abruzzo
2023-10-12,LAZ,144,77,67,144,ITI,ITI4,12,Lazio
2023-11-23,PAT,578,264,314,578,ITH,ITH2,4,Provincia Autonoma Trento
2023-12-02,LOM,6136,3043,3093,6136,ITC,ITC4,3,Lombardia
2023-12-19,LOM,10675,5244,5431,10675,ITC,ITC4,3,Lombardia
2023-11-07,FVG,1265,603,662,1265,ITH,ITH4,6,Friuli-Venezia Giulia
2023-10-30,EMR,3282,1516,1766,3282,ITH,ITH5,8,Emilia-Romagna
2023-12-09,CAM,304,172,132,304,ITF,ITF3,15,Campania
2023-10-14,LAZ,13,8,5,13,ITI,ITI4,12,Lazio
2023-12-21,ABR,518,284,234,518,ITF,ITF1,13,Abruzzo
2023-11-11,CAM,95,58,37,95,ITF,ITF3,15,Campania
2023-12-25,VDA,1,1,0,1,ITC,ITC2,2,Valle d'Aosta / Vallée d'Aoste
2023-10-20,PIE,831,421,410,831,ITC,ITC1,1,Piemonte
2023-12-14,SAR,1111,590,521,1111,ITG,ITG2,20,Sardegna
2023-10-30,TOS,2468,1164,1304,2468,ITI,ITI1,9,Toscana
2023-11-13,CAL,92,48,44,92,ITF,ITF6,18,Calabria
2023-12-17,LOM,1004,489,515,1004,ITC,ITC4,3,Lombardia
2023-11-12,ABR,28,15,13,28,ITF,ITF1,13,Abruzzo
2023-12-01,UMB,913,445,468,913,ITI,ITI2,10,Umbria
2023-10-06,SAR,50,24,26,50,ITG,ITG2,20,Sardegna
2023-12-23,CAL,54,35,19,54,ITF,ITF6,18,Calabria
2023-12-14,FVG,1376,692,684,1376,ITH,ITH4,6,Friuli-Venezia Giulia
2023-10-17,PAT,213,69,144,213,ITH,ITH2,4,Provincia Autonoma Trento
2023-11-15,BAS,28,15,13,28,ITF,ITF5,17,Basilicata
2023-10-17,PUG,262,148,114,262,ITF,ITF4,16,Puglia
2023-12-19,LIG,2199,1070,1129,2199,ITC,ITC3,7,Liguria
2023-10-27,EMR,4829,2301,2528,4829,ITH,ITH5,8,Emilia-Romagna
2023-12-27,TOS,178,79,99,178,ITI,ITI1,9,Toscana
2023-10-11,CAM,174,95,79,174,ITF,ITF3,15,Campania
2023-12-20,PUG,2804,1434,1370,2804,ITF,ITF4,16,Puglia
2023-11-11,LOM,5997,2865,3132,5997,ITC,ITC4,3,Lombardia
2023-11-07,SIC,96,55,41,96,ITG,ITG1,19,Sicilia
2023-10-25,CAL,30,16,14,30,ITF,ITF6,18,Calabria
2023-11-23,PUG,1996,978,1018,1996,ITF,ITF4,16,Puglia
2023-12-11,VEN,2411,1215,1196,2411,ITH,ITH3,5,Veneto
2023-11-19,LAZ,57,32,25,57,ITI,ITI4,12,Lazio
2023-12-20,PAT,398,186,212,398,ITH,ITH2,4,Provincia Autonoma Trento
2023-10-25,SIC,42,26,16,42,ITG,ITG1,19,Sicilia
2023-11-08,ABR,167,79,88,167,ITF,ITF1,13,Abruzzo
2023-10-26,MOL,9,4,5,9,ITF,ITF2,14,Molise
2023-10-31,LOM,4696,2145,2551,4696,ITC,ITC4,3,Lombardia
2024-01-03,TOS,1028,483,545,1028,ITI,ITI1,9,Toscana
2023-12-19,CAM,1959,1031,928,1959,ITF,ITF3,15,Campania
2023-10-31,LIG,1057,479,578,1057,ITC,ITC3,7,Liguria
2023-11-13,SIC,38,22,16,38,ITG,ITG1,19,Sicilia
2023-11-14,LOM,10342,4702,5640,10342,ITC,ITC4,3,Lombardia
2023-10-18,LAZ,494,255,239,494,ITI,ITI4,12,Lazio
2023-11-22,MAR,54,21,33,54,ITI,ITI3,11,Marche
2023-11-18,CAM,83,40,43,83,ITF,ITF3,15,Campania
2023-11-30,LIG,1493,728,765,1493,ITC,ITC3,7,Liguria
2023-10-28,PIE,880,440,440,880,ITC,ITC1,1,Piemonte
2023-11-21,MAR,652,315,337,652,ITI,ITI3,11,Marche
2023-12-06,VDA,119,61,58,119,ITC,ITC2,2,Valle d'Aosta / Vallée d'Aoste
2023-11-25,CAL,28,11,17,28,ITF,ITF6,18,Calabria
2023-12-26,CAM,3,1,2,3,ITF,ITF3,15,Campania
2023-12-28,MOL,51,28,23,51,ITF,ITF2,14,Molise
2023-10-24,MOL,36,12,24,36,ITF,ITF2,14,Molise
2023-12-21,VDA,15,10,5,15,ITC,ITC2,2,Valle d'Aosta / Vallée d'Aoste
2023-11-25,SIC,15,9,6,15,ITG,ITG1,19,Sicilia
2023-10-15,LOM,3,2,1,3,ITC,ITC4,3,Lombardia
2023-10-18,UMB,18,9,9,18,ITI,ITI2,10,Umbria
2023-10-29,PAB,1,0,1,1,ITH,ITH1,4,Provincia Autonoma Bolzano / Bozen
2023-12-17,ABR,9,6,3,9,ITF,ITF1,13,Abruzzo
