data,area,totale,m,f,d,N1,N2,ISTAT,reg
2023-11-08,TOS,6450,2949,3501,6450,ITI,ITI1,9,Toscana
2023-11-25,CAM,180,92,88,180,ITF,ITF3,15,Campania
2023-11-07,EMR,6357,2947,3410,6357,ITH,ITH5,8,Emilia-Romagna
2023-12-12,TOS,4098,1965,2133,4098,ITI,ITI1,9,Toscana
2023-11-22,PAB,513,252,261,513,ITH,ITH1,4,Provincia Autonoma Bolzano / Bozen
2023-10-05,CAM,40,24,16,40,ITF,ITF3,15,Campania
2023-11-09,MOL,78,25,53,78,ITF,ITF2,14,Molise
2023-10-26,TOS,4661,2173,2488,4661,ITI,ITI1,9,Toscana
2023-12-05,CAL,406,224,182,406,ITF,ITF6,18,Calabria
2023-12-05,PUG,2128,1078,1050,2128,ITF,ITF4,16,Puglia
2023-11-18,VEN,1878,907,971,1878,ITH,ITH3,5,Veneto
2024-01-02,CAM,439,230,209,439,ITF,ITF3,15,Campania
2024-01-10,CAM,658,356,302,658,ITF,ITF3,15,Campania
2023-10-29,EMR,329,170,159,329,ITH,ITH5,8,Emilia-Romagna
2023-10-27,TOS,4083,1926,2157,4083,ITI,ITI1,9,Toscana
2023-12-26,VEN,284,153,131,284,ITH,ITH3,5,Veneto
2023-12-30,MAR,88,38,50,88,ITI,ITI3,11,Marche
2024-01-10,FVG,292,137,155,292,ITH,ITH4,6,Friuli-Venezia Giulia
2023-10-25,PIE,1800,816,984,1800,ITC,ITC1,1,Piemonte
2024-01-04,LOM,3105,1464,1641,3105,ITC,ITC4,3,Lombardia
2023-11-29,BAS,107,58,49,107,ITF,ITF5,17,Basilicata
2024-01-03,FVG,474,218,256,474,ITH,ITH4,6,Friuli-Venezia Giulia
2024-01-03,CAL,236,141,95,236,ITF,ITF6,18,Calabria
2023-11-27,PUG,1264,653,611,1264,ITF,ITF4,16,Puglia
2023-12-23,LAZ,3284,1788,1496,3284,ITI,ITI4,12,Lazio
2023-10-20,PAB,302,152,150,302,ITH,ITH1,4,Provincia Autonoma Bolzano / Bozen
2023-12-15,FVG,1020,486,534,1020,ITH,ITH4,6,Friuli-Venezia Giulia
2023-11-21,PAB,560,281,279,560,ITH,ITH1,4,Provincia Autonoma Bolzano / Bozen
2023-11-27,PAT,70,22,48,70,ITH,ITH2,4,Provincia Autonoma Trento
2023-10-28,LIG,102,40,62,102,ITC,ITC3,7,Liguria
2023-10-18,PUG,452,246,206,452,ITF,ITF4,16,Puglia
2023-12-11,MAR,650,317,333,650,ITI,ITI3,11,Marche
2023-11-04,VEN,1737,869,868,1737,ITH,ITH3,5,Veneto
2023-11-24,LAZ,2223,1075,1148,2223,ITI,ITI4,12,Lazio
2024-01-02,LOM,2117,1009,1108,2117,ITC,ITC4,3,Lombardia
2023-12-01,SIC,377,196,181,377,ITG,ITG1,19,Sicilia
2023-12-25,CAM,13,9,4,13,ITF,ITF3,15,Campania
2023-12-27,MOL,138,75,63,138,ITF,ITF2,14,Molise
2023-11-28,TOS,4506,2080,2426,4506,ITI,ITI1,9,Toscana
2023-11-19,FVG,46,19,27,46,ITH,ITH4,6,Friuli-Venezia Giulia
2023-12-17,FVG,19,9,10,19,ITH,ITH4,6,Friuli-Venezia Giulia
2023-12-16,SIC,155,76,79,155,ITG,ITG1,19,Sicilia
2023-11-15,MOL,97,57,40,97,ITF,ITF2,14,Molise
2023-10-07,PIE,47,24,23,47,ITC,ITC1,1,Piemonte
2023-11-04,UMB,175,82,93,175,ITI,ITI2,10,Umbria
2023-12-26,EMR,77,38,39,77,ITH,ITH5,8,Emilia-Romagna
2023-12-11,LIG,1778,880,898,1778,ITC,ITC3,7,Liguria
2023-12-13,EMR,5935,2910,3025,5935,ITH,ITH5,8,Emilia-Romagna
2023-11-26,EMR,339,170,169,339,ITH,ITH5,8,Emilia-Romagna
2023-12-07,SIC,457,249,208,457,ITG,ITG1,19,Sicilia
2023-10-11,LAZ,160,90,70,160,ITI,ITI4,12,Lazio
2023-12-21,SAR,942,462,480,942,ITG,ITG2,20,Sardegna
2023-12-03,LOM,658,321,337,658,ITC,ITC4,3,Lombardia
2023-10-16,FVG,121,64,57,121,ITH,ITH4,6,Friuli-Venezia Giulia
2023-12-21,EMR,4815,2400,2415,4815,ITH,ITH5,8,Emilia-Romagna
2023-11-11,PAB,36,17,19,36,ITH,ITH1,4,Provincia Autonoma Bolzano / Bozen
2023-11-03,LIG,691,352,339,691,ITC,ITC3,7,Liguria
2023-11-24,SIC,228,119,109,228,ITG,ITG1,19,Sicilia
2024-01-04,PIE,1137,538,599,1137,ITC,ITC1,1,Piemonte
2024-01-04,UMB,322,162,160,322,ITI,ITI2,10,Umbria
2023-12-06,MAR,59,29,30,59,ITI,ITI3,11,Marche
2023-11-22,SAR,754,383,371,754,ITG,ITG2,20,Sardegna
2023-11-29,ABR,360,178,182,360,ITF,ITF1,13,Abruzzo
2023-11-27,PIE,2333,1064,1269,2333,ITC,ITC1,1,Piemonte
2023-10-30,LIG,411,207,204,411,ITC,ITC3,7,Liguria
2023-12-28,BAS,215,106,109,215,ITF,ITF5,17,Basilicata
2023-11-09,UMB,709,339,370,709,ITI,ITI2,10,Umbria
2023-10-13,PAB,232,121,111,232,ITH,ITH1,4,Provincia Autonoma Bolzano / Bozen
2023-10-02,LAZ,17,7,10,17,ITI,ITI4,12,Lazio
2023-11-18,EMR,2184,1065,1119,2184,ITH,ITH5,8,Emilia-Romagna
2023-11-22,UMB,671,334,337,671,ITI,ITI2,10,Umbria
2023-12-10,LAZ,196,89,107,196,ITI,ITI4,12,Lazio
2024-01-10,CAL,229,125,104,229,ITF,ITF6,18,Calabria
2023-11-17,LAZ,2576,1245,1331,2576,ITI,ITI4,12,Lazio
2024-01-03,CAM,510,287,223,510,ITF,ITF3,15,Campania
2023-10-20,LIG,84,33,51,84,ITC,ITC3,7,Liguria
2023-12-15,CAM,1433,821,612,1433,ITF,ITF3,15,Campania
2023-12-16,MAR,731,362,369,731,ITI,ITI3,11,Marche
2023-12-18,BAS,271,144,127,271,ITF,ITF5,17,Basilicata
2024-01-08,FVG,281,126,155,281,ITH,ITH4,6,Friuli-Venezia Giulia
2023-11-22,VEN,3719,1677,2042,3719,ITH,ITH3,5,Veneto
2023-10-25,CAM,302,179,123,302,ITF,ITF3,15,Campania
2023-10-29,LOM,640,314,326,640,ITC,ITC4,3,Lombardia
2024-01-05,FVG,378,201,177,378,ITH,ITH4,6,Friuli-Venezia Giulia
2023-12-19,TOS,3280,1596,1684,3280,ITI,ITI1,9,Toscana
2023-11-26,LOM,1046,516,530,1046,ITC,ITC4,3,Lombardia
2023-10-30,PAB,185,83,102,185,ITH,ITH1,4,Provincia Autonoma Bolzano / Bozen
2023-12-08,VEN,1170,577,593,1170,ITH,ITH3,5,Veneto
2023-10-12,EMR,55,24,31,55,ITH,ITH5,8,Emilia-Romagna
2023-12-20,EMR,5486,2780,2706,5486,ITH,ITH5,8,Emilia-Romagna
2024-01-08,LOM,2684,1279,1405,2684,ITC,ITC4,3,Lombardia
2023-11-22,EMR,6147,3012,3135,6147,ITH,ITH5,8,Emilia-Romagna
2023-12-21,VEN,4370,2229,2141,4370,ITH,ITH3,5,Veneto
2023-12-17,PUG,78,41,37,78,ITF,ITF4,16,Puglia
2023-12-17,CAL,128,55,73,128,ITF,ITF6,18,Calabria
2023-11-08,VDA,212,106,106,212,ITC,ITC2,2,Valle d'Aosta / Vallée d'Aoste
2023-10-13,PIE,202,112,90,202,ITC,ITC1,1,Piemonte
2023-12-24,UMB,6,2,4,6,ITI,ITI2,10,Umbria
2023-11-05,SIC,3,2,1,3,ITG,ITG1,19,Sicilia
2023-12-25,PIE,14,8,6,14,ITC,ITC1,1,Piemonte
2023-12-08,PAB,1,1,0,1,ITH,ITH1,4,Provincia Autonoma Bolzano / Bozen
2023-10-29,VEN,35,19,16,35,ITH,ITH3,5,Veneto
2023-10-09,PUG,14,7,7,14,ITF,ITF4,16,Puglia
2023-12-10,VDA,1,0,1,1,ITC,ITC2,2,Valle d'Aosta / Vallée d'Aoste
2023-10-11,MAR,4,2,2,4,ITI,ITI3,11,Marche
2023-10-07,VEN,1,1,0,1,ITH,ITH3,5,Veneto
2023-12-29,CAM,631,341,290,631,ITF,ITF3,15,Campania
2023-12-01,VEN,3657,1807,1850,3657,ITH,ITH3,5,Veneto
2023-12-28,VDA,49,27,22,49,ITC,ITC2,2,Valle d'Aosta / Vallée d'Aoste
2023-12-30,CAL,85,44,41,85,ITF,ITF6,18,Calabria
2023-10-13,LAZ,248,119,129,248,ITI,ITI4,12,Lazio
2023-10-10,MAR,5,3,2,5,ITI,ITI3,11,Marche
2023-12-30,PUG,162,90,72,162,ITF,ITF4,16,Puglia
2023-11-14,VEN,2699,1288,1411,2699,ITH,ITH3,5,Veneto
2023-12-22,LOM,7634,3747,3887,7634,ITC,ITC4,3,Lombardia
2023-11-08,FVG,1058,512,546,1058,ITH,ITH4,6,Friuli-Venezia Giulia
2023-12-05,LOM,10142,4822,5320,10142,ITC,ITC4,3,Lombardia
2023-12-05,ABR,461,223,238,461,ITF,ITF1,13,Abruzzo
2023-12-18,PAT,483,243,240,483,ITH,ITH2,4,Provincia Autonoma Trento
2023-11-30,MOL,110,59,51,110,ITF,ITF2,14,Molise
2023-11-21,BAS,32,17,15,32,ITF,ITF5,17,Basilicata
2023-10-22,TOS,19,7,12,19,ITI,ITI1,9,Toscana
2023-10-27,PUG,1019,535,484,1019,ITF,ITF4,16,Puglia
2023-12-21,TOS,6650,3367,3283,6650,ITI,ITI1,9,Toscana
2023-11-14,CAL,229,146,83,229,ITF,ITF6,18,Calabria
2023-11-04,MAR,394,188,206,394,ITI,ITI3,11,Marche
2023-12-20,CAM,1756,940,816,1756,ITF,ITF3,15,Campania
2023-11-09,SIC,142,76,66,142,ITG,ITG1,19,Sicilia
2023-10-11,PUG,217,111,106,217,ITF,ITF4,16,Puglia
2023-12-07,FVG,933,453,480,933,ITH,ITH4,6,Friuli-Venezia Giulia
2023-10-09,LAZ,127,80,47,127,ITI,ITI4,12,Lazio
2023-10-06,TOS,228,103,125,228,ITI,ITI1,9,Toscana
2023-10-17,PIE,384,190,194,384,ITC,ITC1,1,Piemonte
2023-11-12,LAZ,200,90,110,200,ITI,ITI4,12,Lazio
2023-12-30,MOL,2,1,1,2,ITF,ITF2,14,Molise
2024-01-06,EMR,36,17,19,36,ITH,ITH5,8,Emilia-Romagna
2023-11-09,BAS,15,12,3,15,ITF,ITF5,17,Basilicata
2023-12-21,LAZ,4824,2326,2498,4824,ITI,ITI4,12,Lazio
2023-11-10,LIG,820,394,426,820,ITC,ITC3,7,Liguria
2023-11-16,SAR,502,246,256,502,ITG,ITG2,20,Sardegna
2023-11-29,PUG,1979,959,1020,1979,ITF,ITF4,16,Puglia
2023-11-14,SAR,544,275,269,544,ITG,ITG2,20,Sardegna
2023-12-14,PAB,132,64,68,132,ITH,ITH1,4,Provincia Autonoma Bolzano / Bozen
2023-11-27,ABR,367,179,188,367,ITF,ITF1,13,Abruzzo
2023-10-27,PAT,428,192,236,428,ITH,ITH2,4,Provincia Autonoma Trento
2023-11-10,CAL,66,31,35,66,ITF,ITF6,18,Calabria
2023-10-17,CAM,314,180,134,314,ITF,ITF3,15,Campania
2023-11-19,PIE,153,74,79,153,ITC,ITC1,1,Piemonte
2023-11-01,TOS,129,52,77,129,ITI,ITI1,9,Toscana
2024-01-08,MOL,75,34,41,75,ITF,ITF2,14,Molise
2023-10-18,MAR,392,216,176,392,ITI,ITI3,11,Marche
2023-12-22,LIG,1214,608,606,1214,ITC,ITC3,7,Liguria
2023-11-05,PIE,68,26,42,68,ITC,ITC1,1,Piemonte
2023-12-04,FVG,863,412,451,863,ITH,ITH4,6,Friuli-Venezia Giulia
2023-11-27,BAS,34,18,16,34,ITF,ITF5,17,Basilicata
2023-12-17,SIC,37,13,24,37,ITG,ITG1,19,Sicilia
2023-11-09,LAZ,2287,1081,1206,2287,ITI,ITI4,12,Lazio
2023-11-23,LIG,1264,639,625,1264,ITC,ITC3,7,Liguria
2023-11-13,CAM,335,178,157,335,ITF,ITF3,15,Campania
2023-10-10,LOM,582,257,325,582,ITC,ITC4,3,Lombardia
2023-11-18,SIC,33,12,21,33,ITG,ITG1,19,Sicilia
2023-12-10,PUG,98,51,47,98,ITF,ITF4,16,Puglia
2023-12-16,UMB,138,62,76,138,ITI,ITI2,10,Umbria
2023-12-28,LIG,1254,617,637,1254,ITC,ITC3,7,Liguria
2023-12-28,CAL,577,318,259,577,ITF,ITF6,18,Calabria
2023-12-16,VEN,4807,2424,2383,4807,ITH,ITH3,5,Veneto
2023-11-16,VEN,3202,1560,1642,3202,ITH,ITH3,5,Veneto
2023-11-07,LIG,1552,800,752,1552,ITC,ITC3,7,Liguria
2023-11-18,LAZ,1666,813,853,1666,ITI,ITI4,12,Lazio
2023-10-27,SAR,175,81,94,175,ITG,ITG2,20,Sardegna
2023-12-14,CAM,1427,780,647,1427,ITF,ITF3,15,Campania
2023-12-05,VDA,72,37,35,72,ITC,ITC2,2,Valle d'Aosta / Vallée d'Aoste
2023-11-10,CAM,325,184,141,325,ITF,ITF3,15,Campania
2023-11-01,PIE,152,76,76,152,ITC,ITC1,1,Piemonte
2023-11-20,CAL,163,78,85,163,ITF,ITF6,18,Calabria
2023-12-06,TOS,5702,2679,3023,5702,ITI,ITI1,9,Toscana
2023-12-19,FVG,1240,607,633,1240,ITH,ITH4,6,Friuli-Venezia Giulia
2023-11-17,EMR,5786,2763,3023,5786,ITH,ITH5,8,Emilia-Romagna
2023-12-22,CAM,454,246,208,454,ITF,ITF3,15,Campania
2023-11-29,PAT,396,201,195,396,ITH,ITH2,4,Provincia Autonoma Trento
2023-11-15,CAL,230,138,92,230,ITF,ITF6,18,Calabria
2023-12-17,LAZ,1773,890,883,1773,ITI,ITI4,12,Lazio
2023-12-27,CAL,269,148,121,269,ITF,ITF6,18,Calabria
2023-11-23,CAM,500,271,229,500,ITF,ITF3,15,Campania
2023-11-02,CAM,283,143,140,283,ITF,ITF3,15,Campania
2023-10-23,LAZ,587,275,312,587,ITI,ITI4,12,Lazio
2023-11-23,PAB,456,188,268,456,ITH,ITH1,4,Provincia Autonoma Bolzano / Bozen
2023-11-11,MAR,349,178,171,349,ITI,ITI3,11,Marche
2023-11-08,PAT,620,277,343,620,ITH,ITH2,4,Provincia Autonoma Trento
2023-11-02,CAL,42,15,27,42,ITF,ITF6,18,Calabria
2023-10-18,ABR,113,61,52,113,ITF,ITF1,13,Abruzzo
2023-11-02,LOM,9565,4595,4970,9565,ITC,ITC4,3,Lombardia
2023-12-27,LOM,4990,2460,2530,4990,ITC,ITC4,3,Lombardia
2023-11-08,PUG,1678,845,833,1678,ITF,ITF4,16,Puglia
2023-12-14,LIG,2025,926,1099,2025,ITC,ITC3,7,Liguria
2023-11-07,CAM,330,195,135,330,ITF,ITF3,15,Campania
2023-11-05,CAM,6,3,3,6,ITF,ITF3,15,Campania
2023-12-23,LOM,2520,1267,1253,2520,ITC,ITC4,3,Lombardia
2023-11-13,PIE,1954,901,1053,1954,ITC,ITC1,1,Piemonte
2023-10-23,TOS,2231,1044,1187,2231,ITI,ITI1,9,Toscana
2023-11-23,PIE,3178,1469,1709,3178,ITC,ITC1,1,Piemonte
2023-11-06,MOL,86,46,40,86,ITF,ITF2,14,Molise
2023-11-15,LOM,10419,4740,5679,10419,ITC,ITC4,3,Lombardia
2023-12-18,PUG,2255,1146,1109,2255,ITF,ITF4,16,Puglia
2023-12-05,EMR,5472,2650,2822,5472,ITH,ITH5,8,Emilia-Romagna
2023-12-27,LIG,1147,562,585,1147,ITC,ITC3,7,Liguria
2023-10-27,VEN,1660,772,888,1660,ITH,ITH3,5,Veneto
2023-11-02,LIG,780,389,391,780,ITC,ITC3,7,Liguria
2023-12-09,SIC,61,33,28,61,ITG,ITG1,19,Sicilia
2023-10-28,MOL,42,12,30,42,ITF,ITF2,14,Molise
2023-09-30,TOS,1,1,0,1,ITI,ITI1,9,Toscana
2024-01-05,PAB,12,5,7,12,ITH,ITH1,4,Provincia Autonoma Bolzano / Bozen
2023-11-12,SIC,22,14,8,22,ITG,ITG1,19,Sicilia
2023-11-19,CAM,14,5,9,14,ITF,ITF3,15,Campania
2023-12-23,FVG,51,27,24,51,ITH,ITH4,6,Friuli-Venezia Giulia
2024-01-07,MAR,3,1,2,3,ITI,ITI3,11,Marche
2023-10-22,PAB,3,2,1,3,ITH,ITH1,4,Provincia Autonoma Bolzano / Bozen
2023-12-02,MAR,2,1,1,2,ITI,ITI3,11,Marche
2023-10-15,VEN,3,1,2,3,ITH,ITH3,5,Veneto
2023-12-10,CAL,1,1,0,1,ITF,ITF6,18,Calabria
2023-09-27,EMR,1,1,0,1,ITH,ITH5,8,Emilia-Romagna
2023-11-08,CAM,407,228,179,407,ITF,ITF3,15,Campania
2023-12-09,ABR,84,38,46,84,ITF,ITF1,13,Abruzzo
2023-12-13,LOM,11289,5486,5803,11289,ITC,ITC4,3,Lombardia
2023-10-05,TOS,421,224,197,421,ITI,ITI1,9,Toscana
2023-11-16,UMB,797,384,413,797,ITI,ITI2,10,Umbria
2023-11-03,UMB,539,285,254,539,ITI,ITI2,10,Umbria
2023-11-22,LIG,1153,559,594,1153,ITC,ITC3,7,Liguria
2023-12-03,UMB,9,3,6,9,ITI,ITI2,10,Umbria
2023-10-28,VEN,856,420,436,856,ITH,ITH3,5,Veneto
2023-12-09,PAT,30,20,10,30,ITH,ITH2,4,Provincia Autonoma Trento
2023-12-26,PAT,39,19,20,39,ITH,ITH2,4,Provincia Autonoma Trento
2023-10-26,UMB,127,60,67,127,ITI,ITI2,10,Umbria
2023-11-22,LOM,10384,4895,5489,10384,ITC,ITC4,3,Lombardia
2023-12-11,EMR,3438,1741,1697,3438,ITH,ITH5,8,Emilia-Romagna
2023-12-18,SIC,647,346,301,647,ITG,ITG1,19,Sicilia
2023-12-13,MAR,97,39,58,97,ITI,ITI3,11,Marche
2023-12-12,CAM,1409,751,658,1409,ITF,ITF3,15,Campania
2023-11-21,CAM,412,217,195,412,ITF,ITF3,15,Campania
2023-12-09,PUG,223,108,115,223,ITF,ITF4,16,Puglia
2023-11-24,VDA,126,67,59,126,ITC,ITC2,2,Valle d'Aosta / Vallée d'Aoste
2023-12-08,CAM,30,17,13,30,ITF,ITF3,15,Campania
2024-01-03,PAT,162,72,90,162,ITH,ITH2,4,Provincia Autonoma Trento
2023-11-30,FVG,1196,550,646,1196,ITH,ITH4,6,Friuli-Venezia Giulia
2024-01-06,TOS,6,3,3,6,ITI,ITI1,9,Toscana
2023-11-09,PAT,738,386,352,738,ITH,ITH2,4,Provincia Autonoma Trento
2023-12-21,FVG,1057,513,544,1057,ITH,ITH4,6,Friuli-Venezia Giulia
2023-11-21,PIE,2900,1341,1559,2900,ITC,ITC1,1,Piemonte
2024-01-03,PUG,848,441,407,848,ITF,ITF4,16,Puglia
2023-11-09,PUG,1586,844,742,1586,ITF,ITF4,16,Puglia
2024-01-02,PIE,855,433,422,855,ITC,ITC1,1,Piemonte
2023-11-14,SIC,257,130,127,257,ITG,ITG1,19,Sicilia
2023-10-20,LOM,5922,2922,3000,5922,ITC,ITC4,3,Lombardia
2023-11-03,TOS,5929,2797,3132,5929,ITI,ITI1,9,Toscana
2024-01-05,EMR,876,455,421,876,ITH,ITH5,8,Emilia-Romagna
2023-12-17,VEN,4468,2363,2105,4468,ITH,ITH3,5,Veneto
2023-10-16,VDA,104,50,54,104,ITC,ITC2,2,Valle d'Aosta / Vallée d'Aoste
2023-10-19,FVG,306,147,159,306,ITH,ITH4,6,Friuli-Venezia Giulia
2023-11-14,MAR,680,356,324,680,ITI,ITI3,11,Marche
2023-10-16,ABR,74,43,31,74,ITF,ITF1,13,Abruzzo
2023-11-22,FVG,1088,519,569,1088,ITH,ITH4,6,Friuli-Venezia Giulia
2023-11-21,LIG,1693,849,844,1693,ITC,ITC3,7,Liguria
2023-10-16,EMR,716,311,405,716,ITH,ITH5,8,Emilia-Romagna
2024-01-10,SAR,580,274,306,580,ITG,ITG2,20,Sardegna
2023-11-10,ABR,238,121,117,238,ITF,ITF1,13,Abruzzo
2023-11-13,ABR,261,126,135,261,ITF,ITF1,13,Abruzzo
2023-12-22,BAS,373,198,175,373,ITF,ITF5,17,Basilicata
2023-12-24,TOS,48,23,25,48,ITI,ITI1,9,Toscana
2023-12-08,CAL,6,2,4,6,ITF,ITF6,18,Calabria
2023-11-16,MOL,123,57,66,123,ITF,ITF2,14,Molise
2023-11-08,LAZ,2248,1068,1180,2248,ITI,ITI4,12,Lazio
2024-01-08,EMR,1233,598,635,1233,ITH,ITH5,8,Emilia-Romagna
2023-11-18,FVG,329,168,161,329,ITH,ITH4,6,Friuli-Venezia Giulia
2023-10-30,CAL,59,30,29,59,ITF,ITF6,18,Calabria
2023-10-26,LIG,834,415,419,834,ITC,ITC3,7,Liguria
2023-11-03,VEN,1366,626,740,1366,ITH,ITH3,5,Veneto
2023-12-15,VEN,3807,1904,1903,3807,ITH,ITH3,5,Veneto
2023-12-07,LAZ,3497,1670,1827,3497,ITI,ITI4,12,Lazio
2023-10-20,VEN,489,235,254,489,ITH,ITH3,5,Veneto
2023-12-15,SAR,995,499,496,995,ITG,ITG2,20,Sardegna
2023-10-21,UMB,24,13,11,24,ITI,ITI2,10,Umbria
2023-11-03,SAR,217,112,105,217,ITG,ITG2,20,Sardegna
2024-01-10,LOM,3341,1552,1789,3341,ITC,ITC4,3,Lombardia
2023-11-27,CAM,408,232,176,408,ITF,ITF3,15,Campania
2023-10-17,ABR,19,10,9,19,ITF,ITF1,13,Abruzzo
2023-11-28,LIG,1115,582,533,1115,ITC,ITC3,7,Liguria
2023-12-15,CAL,488,275,213,488,ITF,ITF6,18,Calabria
2024-01-10,VEN,943,451,492,943,ITH,ITH3,5,Veneto
2023-10-24,FVG,664,341,323,664,ITH,ITH4,6,Friuli-Venezia Giulia
2023-11-20,SIC,158,81,77,158,ITG,ITG1,19,Sicilia
2024-01-03,SAR,535,279,256,535,ITG,ITG2,20,Sardegna
2023-11-07,ABR,271,150,121,271,ITF,ITF1,13,Abruzzo
2023-10-21,PAB,3,0,3,3,ITH,ITH1,4,Provincia Autonoma Bolzano / Bozen
2023-11-28,CAL,198,120,78,198,ITF,ITF6,18,Calabria
2023-10-12,MAR,29,15,14,29,ITI,ITI3,11,Marche
2023-12-02,TOS,1446,702,744,1446,ITI,ITI1,9,Toscana
2023-12-15,LOM,10637,5177,5460,10637,ITC,ITC4,3,Lombardia
2023-12-29,LOM,4618,2113,2505,4618,ITC,ITC4,3,Lombardia
2023-10-05,LOM,362,191,171,362,ITC,ITC4,3,Lombardia
2023-11-03,PAB,307,141,166,307,ITH,ITH1,4,Provincia Autonoma Bolzano / Bozen
2023-10-30,VEN,1319,593,726,1319,ITH,ITH3,5,Veneto
2023-11-08,SIC,60,30,30,60,ITG,ITG1,19,Sicilia
2023-10-12,ABR,27,14,13,27,ITF,ITF1,13,Abruzzo
2023-10-26,PAB,780,388,392,780,ITH,ITH1,4,Provincia Autonoma Bolzano / Bozen
2023-12-30,EMR,155,69,86,155,ITH,ITH5,8,Emilia-Romagna
2023-11-10,MAR,1015,517,498,1015,ITI,ITI3,11,Marche
2023-12-20,ABR,448,225,223,448,ITF,ITF1,13,Abruzzo
2023-11-05,VDA,8,3,5,8,ITC,ITC2,2,Valle d'Aosta / Vallée d'Aoste
2023-12-12,LIG,2898,1387,1511,2898,ITC,ITC3,7,Liguria
2023-12-29,LIG,815,403,412,815,ITC,ITC3,7,Liguria
2023-12-08,LOM,441,217,224,441,ITC,ITC4,3,Lombardia
2023-10-30,SAR,170,94,76,170,ITG,ITG2,20,Sardegna
2024-01-03,VEN,634,273,361,634,ITH,ITH3,5,Veneto
2023-11-27,LIG,325,167,158,325,ITC,ITC3,7,Liguria
2023-11-04,CAL,40,21,19,40,ITF,ITF6,18,Calabria
2023-12-09,FVG,140,67,73,140,ITH,ITH4,6,Friuli-Venezia Giulia
2023-12-26,FVG,18,6,12,18,ITH,ITH4,6,Friuli-Venezia Giulia
2023-12-25,LAZ,11,8,3,11,ITI,ITI4,12,Lazio
2023-11-19,ABR,25,13,12,25,ITF,ITF1,13,Abruzzo
2023-12-12,PAB,332,165,167,332,ITH,ITH1,4,Provincia Autonoma Bolzano / Bozen
2023-12-29,CAL,209,115,94,209,ITF,ITF6,18,Calabria
2023-11-25,PIE,1396,717,679,1396,ITC,ITC1,1,Piemonte
2023-11-18,PUG,343,172,171,343,ITF,ITF4,16,Puglia
2023-11-06,MAR,409,206,203,409,ITI,ITI3,11,Marche
2023-12-06,EMR,5166,2547,2619,5166,ITH,ITH5,8,Emilia-Romagna
2023-10-04,LAZ,16,9,7,16,ITI,ITI4,12,Lazio
2024-01-11,LAZ,2299,1084,1215,2299,ITI,ITI4,12,Lazio
2023-12-11,LOM,9344,4557,4787,9344,ITC,ITC4,3,Lombardia
2023-09-26,TOS,15,7,8,15,ITI,ITI1,9,Toscana
2023-11-18,PAT,44,21,23,44,ITH,ITH2,4,Provincia Autonoma Trento
2024-01-02,PAB,22,13,9,22,ITH,ITH1,4,Provincia Autonoma Bolzano / Bozen
2023-12-17,UMB,13,6,7,13,ITI,ITI2,10,Umbria
2023-10-15,MAR,1,1,0,1,ITI,ITI3,11,Marche
2023-12-03,FVG,8,2,6,8,ITH,ITH4,6,Friuli-Venezia Giulia
2023-12-03,VEN,208,108,100,208,ITH,ITH3,5,Veneto
2023-12-01,VDA,135,68,67,135,ITC,ITC2,2,Valle d'Aosta / Vallée d'Aoste
2023-10-20,CAL,6,4,2,6,ITF,ITF6,18,Calabria
2023-10-13,MOL,9,7,2,9,ITF,ITF2,14,Molise
2023-12-10,SIC,59,31,28,59,ITG,ITG1,19,Sicilia
2023-11-09,MAR,1167,542,625,1167,ITI,ITI3,11,Marche
2023-12-08,FVG,521,278,243,521,ITH,ITH4,6,Friuli-Venezia Giulia
2023-12-21,CAM,1754,999,755,1754,ITF,ITF3,15,Campania
2023-11-03,EMR,5498,2626,2872,5498,ITH,ITH5,8,Emilia-Romagna
2023-11-16,TOS,9035,4154,4881,9035,ITI,ITI1,9,Toscana
2023-11-17,PUG,2290,1159,1131,2290,ITF,ITF4,16,Puglia
2023-10-06,LOM,240,99,141,240,ITC,ITC4,3,Lombardia
2023-10-16,SAR,125,63,62,125,ITG,ITG2,20,Sardegna
2023-12-03,EMR,245,111,134,245,ITH,ITH5,8,Emilia-Romagna
2023-12-11,UMB,456,228,228,456,ITI,ITI2,10,Umbria
2023-11-09,ABR,330,178,152,330,ITF,ITF1,13,Abruzzo
2023-12-11,SAR,851,432,419,851,ITG,ITG2,20,Sardegna
2023-10-01,MAR,1,1,0,1,ITI,ITI3,11,Marche
2023-12-22,MAR,753,389,364,753,ITI,ITI3,11,Marche
2023-12-16,EMR,2651,1351,1300,2651,ITH,ITH5,8,Emilia-Romagna
2023-10-19,LOM,6109,3022,3087,6109,ITC,ITC4,3,Lombardia
2023-11-07,SAR,168,94,74,168,ITG,ITG2,20,Sardegna
2023-12-13,FVG,1117,555,562,1117,ITH,ITH4,6,Friuli-Venezia Giulia
2023-10-11,ABR,52,29,23,52,ITF,ITF1,13,Abruzzo
2023-11-01,CAL,17,9,8,17,ITF,ITF6,18,Calabria
2024-01-03,PAB,12,5,7,12,ITH,ITH1,4,Provincia Autonoma Bolzano / Bozen
2023-11-08,LIG,916,445,471,916,ITC,ITC3,7,Liguria
2024-01-09,PIE,1261,613,648,1261,ITC,ITC1,1,Piemonte
2023-11-29,EMR,5758,2780,2978,5758,ITH,ITH5,8,Emilia-Romagna
2023-12-11,TOS,3265,1547,1718,3265,ITI,ITI1,9,Toscana
2023-11-25,PUG,291,150,141,291,ITF,ITF4,16,Puglia
2023-11-17,SIC,184,101,83,184,ITG,ITG1,19,Sicilia
2024-01-11,VDA,12,8,4,12,ITC,ITC2,2,Valle d'Aosta / Vallée d'Aoste
2023-12-27,PIE,1633,822,811,1633,ITC,ITC1,1,Piemonte
2023-10-31,CAL,60,30,30,60,ITF,ITF6,18,Calabria
2023-11-19,VEN,96,41,55,96,ITH,ITH3,5,Veneto
2023-11-10,LAZ,2515,1207,1308,2515,ITI,ITI4,12,Lazio
2024-01-10,EMR,1252,625,627,1252,ITH,ITH5,8,Emilia-Romagna
2023-11-13,PAT,461,230,231,461,ITH,ITH2,4,Provincia Autonoma Trento
2023-10-13,LIG,56,18,38,56,ITC,ITC3,7,Liguria
2024-01-01,LOM,24,11,13,24,ITC,ITC4,3,Lombardia
2024-01-06,CAL,68,37,31,68,ITF,ITF6,18,Calabria
2023-12-15,PIE,4668,2267,2401,4668,ITC,ITC1,1,Piemonte
2023-11-14,EMR,5817,2782,3035,5817,ITH,ITH5,8,Emilia-Romagna
2023-11-20,LOM,8620,4060,4560,8620,ITC,ITC4,3,Lombardia
2023-12-01,PIE,3782,1855,1927,3782,ITC,ITC1,1,Piemonte
2023-11-13,PUG,1254,609,645,1254,ITF,ITF4,16,Puglia
2023-11-12,CAM,12,5,7,12,ITF,ITF3,15,Campania
2024-01-08,UMB,107,54,53,107,ITI,ITI2,10,Umbria
2023-11-20,ABR,260,127,133,260,ITF,ITF1,13,Abruzzo
2023-11-27,TOS,3686,1749,1937,3686,ITI,ITI1,9,Toscana
2024-01-03,EMR,1088,545,543,1088,ITH,ITH5,8,Emilia-Romagna
2023-12-24,LOM,244,125,119,244,ITC,ITC4,3,Lombardia
2023-12-05,UMB,623,319,304,623,ITI,ITI2,10,Umbria
2023-11-07,PUG,1304,648,656,1304,ITF,ITF4,16,Puglia
2023-12-17,EMR,303,137,166,303,ITH,ITH5,8,Emilia-Romagna
2023-12-07,ABR,502,244,258,502,ITF,ITF1,13,Abruzzo
2023-10-20,TOS,2175,1054,1121,2175,ITI,ITI1,9,Toscana
2023-12-02,BAS,66,31,35,66,ITF,ITF5,17,Basilicata
2023-10-17,SIC,21,11,10,21,ITG,ITG1,19,Sicilia
2023-11-28,MOL,38,21,17,38,ITF,ITF2,14,Molise
2023-12-05,LAZ,4196,2043,2153,4196,ITI,ITI4,12,Lazio
2023-11-11,LIG,158,69,89,158,ITC,ITC3,7,Liguria
2023-11-10,FVG,1102,512,590,1102,ITH,ITH4,6,Friuli-Venezia Giulia
2023-10-25,PUG,1119,550,569,1119,ITF,ITF4,16,Puglia
2023-11-02,TOS,3757,1830,1927,3757,ITI,ITI1,9,Toscana
2023-11-07,PAT,562,285,277,562,ITH,ITH2,4,Provincia Autonoma Trento
2023-10-28,TOS,1250,644,606,1250,ITI,ITI1,9,Toscana
2024-01-02,PAT,65,36,29,65,ITH,ITH2,4,Provincia Autonoma Trento
2023-11-27,LAZ,2365,1196,1169,2365,ITI,ITI4,12,Lazio
2023-12-19,CAL,627,349,278,627,ITF,ITF6,18,Calabria
2023-11-05,LAZ,64,22,42,64,ITI,ITI4,12,Lazio
2023-10-23,VDA,146,67,79,146,ITC,ITC2,2,Valle d'Aosta / Vallée d'Aoste
2023-10-25,PAT,418,196,222,418,ITH,ITH2,4,Provincia Autonoma Trento
2023-11-02,FVG,718,356,362,718,ITH,ITH4,6,Friuli-Venezia Giulia
2023-10-28,EMR,1881,906,975,1881,ITH,ITH5,8,Emilia-Romagna
2023-12-05,SAR,806,409,397,806,ITG,ITG2,20,Sardegna
2023-12-15,TOS,5157,2457,2700,5157,ITI,ITI1,9,Toscana
2023-10-18,SIC,22,14,8,22,ITG,ITG1,19,Sicilia
2023-11-16,PAB,578,277,301,578,ITH,ITH1,4,Provincia Autonoma Bolzano / Bozen
2023-12-27,FVG,778,372,406,778,ITH,ITH4,6,Friuli-Venezia Giulia
2023-10-16,LAZ,331,167,164,331,ITI,ITI4,12,Lazio
2024-01-08,SAR,402,198,204,402,ITG,ITG2,20,Sardegna
2023-12-20,SIC,1261,707,554,1261,ITG,ITG1,19,Sicilia
2023-10-18,PAT,245,129,116,245,ITH,ITH2,4,Provincia Autonoma Trento
2024-01-05,VEN,1188,603,585,1188,ITH,ITH3,5,Veneto
2023-10-02,FVG,30,18,12,30,ITH,ITH4,6,Friuli-Venezia Giulia
2023-11-24,FVG,1183,534,649,1183,ITH,ITH4,6,Friuli-Venezia Giulia
2023-10-03,LIG,30,14,16,30,ITC,ITC3,7,Liguria
2023-11-18,MAR,49,14,35,49,ITI,ITI3,11,Marche
2023-10-22,PUG,23,9,14,23,ITF,ITF4,16,Puglia
2023-12-06,VEN,4200,2006,2194,4200,ITH,ITH3,5,Veneto
2023-12-14,PAT,272,107,165,272,ITH,ITH2,4,Provincia Autonoma Trento
2023-11-04,LIG,127,60,67,127,ITC,ITC3,7,Liguria
2024-01-04,MOL,18,14,4,18,ITF,ITF2,14,Molise
2023-11-17,PAT,419,199,220,419,ITH,ITH2,4,Provincia Autonoma Trento
2023-12-01,BAS,157,83,74,157,ITF,ITF5,17,Basilicata
2023-12-07,MAR,32,15,17,32,ITI,ITI3,11,Marche
2023-10-24,CAL,45,28,17,45,ITF,ITF6,18,Calabria
2023-12-04,CAL,427,208,219,427,ITF,ITF6,18,Calabria
2023-11-08,MAR,105,41,64,105,ITI,ITI3,11,Marche
2023-11-24,UMB,927,435,492,927,ITI,ITI2,10,Umbria
2023-10-24,VDA,165,79,86,165,ITC,ITC2,2,Valle d'Aosta / Vallée d'Aoste
2023-12-08,PIE,113,52,61,113,ITC,ITC1,1,Piemonte
2023-10-09,CAM,59,36,23,59,ITF,ITF3,15,Campania
2023-10-03,LOM,167,75,92,167,ITC,ITC4,3,Lombardia
2023-12-23,SIC,165,88,77,165,ITG,ITG1,19,Sicilia
2023-10-19,LIG,171,81,90,171,ITC,ITC3,7,Liguria
2023-11-18,ABR,102,57,45,102,ITF,ITF1,13,Abruzzo
2023-11-26,FVG,42,17,25,42,ITH,ITH4,6,Friuli-Venezia Giulia
2023-11-19,PUG,31,15,16,31,ITF,ITF4,16,Puglia
2023-10-14,UMB,6,3,3,6,ITI,ITI2,10,Umbria
2023-12-07,VDA,45,20,25,45,ITC,ITC2,2,Valle d'Aosta / Vallée d'Aoste
2023-10-04,PIE,20,14,6,20,ITC,ITC1,1,Piemonte
2023-11-17,MOL,44,27,17,44,ITF,ITF2,14,Molise
2023-11-19,SIC,28,16,12,28,ITG,ITG1,19,Sicilia
2023-12-24,CAM,3,1,2,3,ITF,ITF3,15,Campania
2023-12-11,PAB,107,56,51,107,ITH,ITH1,4,Provincia Autonoma Bolzano / Bozen
2023-12-04,BAS,90,53,37,90,ITF,ITF5,17,Basilicata
2023-12-03,PIE,47,24,23,47,ITC,ITC1,1,Piemonte
2023-12-22,ABR,320,172,148,320,ITF,ITF1,13,Abruzzo
2023-11-12,UMB,127,73,54,127,ITI,ITI2,10,Umbria
2023-10-31,FVG,1068,505,563,1068,ITH,ITH4,6,Friuli-Venezia Giulia
2023-10-12,SAR,48,27,21,48,ITG,ITG2,20,Sardegna
2023-11-10,LOM,9911,4603,5308,9911,ITC,ITC4,3,Lombardia
2024-01-04,CAL,188,115,73,188,ITF,ITF6,18,Calabria
2024-01-01,LAZ,204,108,96,204,ITI,ITI4,12,Lazio
2023-11-30,PAT,682,345,337,682,ITH,ITH2,4,Provincia Autonoma Trento
2023-11-19,EMR,323,143,180,323,ITH,ITH5,8,Emilia-Romagna
2023-12-21,PAB,457,256,201,457,ITH,ITH1,4,Provincia Autonoma Bolzano / Bozen
2023-12-08,MOL,1,0,1,1,ITF,ITF2,14,Molise
2023-11-29,FVG,1334,633,701,1334,ITH,ITH4,6,Friuli-Venezia Giulia
2023-10-23,LIG,290,145,145,290,ITC,ITC3,7,Liguria
2023-11-23,LOM,9037,4209,4828,9037,ITC,ITC4,3,Lombardia
2023-10-26,CAM,402,225,177,402,ITF,ITF3,15,Campania
2023-12-12,PIE,3418,1661,1757,3418,ITC,ITC1,1,Piemonte
2023-11-30,PUG,2226,1072,1154,2226,ITF,ITF4,16,Puglia
2023-11-09,PAB,551,266,285,551,ITH,ITH1,4,Provincia Autonoma Bolzano / Bozen
2023-12-24,LAZ,229,115,114,229,ITI,ITI4,12,Lazio
2023-11-23,ABR,437,218,219,437,ITF,ITF1,13,Abruzzo
2023-12-27,VDA,82,38,44,82,ITC,ITC2,2,Valle d'Aosta / Vallée d'Aoste
2023-10-16,PAT,226,76,150,226,ITH,ITH2,4,Provincia Autonoma Trento
2023-11-19,LOM,493,236,257,493,ITC,ITC4,3,Lombardia
2023-12-09,TOS,531,261,270,531,ITI,ITI1,9,Toscana
2023-10-12,LOM,563,245,318,563,ITC,ITC4,3,Lombardia
2023-11-02,VDA,164,72,92,164,ITC,ITC2,2,Valle d'Aosta / Vallée d'Aoste
2023-10-09,SAR,66,32,34,66,ITG,ITG2,20,Sardegna
2023-10-24,LIG,854,358,496,854,ITC,ITC3,7,Liguria
2023-11-28,CAM,522,270,252,522,ITF,ITF3,15,Campania
2023-12-19,LAZ,5464,2548,2916,5464,ITI,ITI4,12,Lazio
2023-11-11,LAZ,998,495,503,998,ITI,ITI4,12,Lazio
2023-10-30,MOL,25,12,13,25,ITF,ITF2,14,Molise
2023-11-27,MOL,65,34,31,65,ITF,ITF2,14,Molise
2023-10-28,PUG,396,211,185,396,ITF,ITF4,16,Puglia
2023-11-07,LOM,10458,4834,5624,10458,ITC,ITC4,3,Lombardia
2024-01-08,PUG,468,240,228,468,ITF,ITF4,16,Puglia
2023-10-17,EMR,1202,586,616,1202,ITH,ITH5,8,Emilia-Romagna
2023-11-01,EMR,267,113,154,267,ITH,ITH5,8,Emilia-Romagna
2023-12-06,LIG,1613,761,852,1613,ITC,ITC3,7,Liguria
2023-10-20,SAR,120,59,61,120,ITG,ITG2,20,Sardegna
2023-10-28,PAT,47,16,31,47,ITH,ITH2,4,Provincia Autonoma Trento
2023-10-29,PUG,62,39,23,62,ITF,ITF4,16,Puglia
2024-01-10,MOL,54,28,26,54,ITF,ITF2,14,Molise
2023-12-01,SAR,864,436,428,864,ITG,ITG2,20,Sardegna
2024-01-04,LIG,475,235,240,475,ITC,ITC3,7,Liguria
2023-12-23,ABR,47,29,18,47,ITF,ITF1,13,Abruzzo
2023-10-23,PAB,216,99,117,216,ITH,ITH1,4,Provincia Autonoma Bolzano / Bozen
2023-10-23,FVG,332,166,166,332,ITH,ITH4,6,Friuli-Venezia Giulia
2023-10-09,PAB,80,39,41,80,ITH,ITH1,4,Provincia Autonoma Bolzano / Bozen
2023-11-15,VDA,154,85,69,154,ITC,ITC2,2,Valle d'Aosta / Vallée d'Aoste
2023-12-11,PUG,1851,959,892,1851,ITF,ITF4,16,Puglia
2023-12-19,BAS,578,293,285,578,ITF,ITF5,17,Basilicata
2023-10-17,LOM,4983,2595,2388,4983,ITC,ITC4,3,Lombardia
2023-11-18,PIE,1255,638,617,1255,ITC,ITC1,1,Piemonte
2023-12-15,MOL,129,67,62,129,ITF,ITF2,14,Molise
2023-12-11,CAL,382,205,177,382,ITF,ITF6,18,Calabria
2024-01-10,PAT,75,38,37,75,ITH,ITH2,4,Provincia Autonoma Trento
2023-11-12,VEN,109,62,47,109,ITH,ITH3,5,Veneto
2023-10-24,CAM,354,199,155,354,ITF,ITF3,15,Campania
2023-12-23,BAS,80,43,37,80,ITF,ITF5,17,Basilicata
2023-12-20,LOM,11144,5429,5715,11144,ITC,ITC4,3,Lombardia
2023-11-13,EMR,3918,1889,2029,3918,ITH,ITH5,8,Emilia-Romagna
2023-12-28,ABR,397,200,197,397,ITF,ITF1,13,Abruzzo
2023-11-02,MAR,625,307,318,625,ITI,ITI3,11,Marche
2023-11-16,SIC,260,141,119,260,ITG,ITG1,19,Sicilia
2023-12-27,MAR,398,212,186,398,ITI,ITI3,11,Marche
2023-12-22,VDA,17,7,10,17,ITC,ITC2,2,Valle d'Aosta / Vallée d'Aoste
2023-12-28,MAR,602,341,261,602,ITI,ITI3,11,Marche
2023-11-24,MAR,839,432,407,839,ITI,ITI3,11,Marche
2023-12-20,CAL,577,314,263,577,ITF,ITF6,18,Calabria
2024-01-10,PUG,755,389,366,755,ITF,ITF4,16,Puglia
2023-12-06,PAB,414,217,197,414,ITH,ITH1,4,Provincia Autonoma Bolzano / Bozen
2024-01-04,CAM,225,114,111,225,ITF,ITF3,15,Campania
2024-01-07,LAZ,1725,889,836,1725,ITI,ITI4,12,Lazio
2023-12-26,PIE,99,51,48,99,ITC,ITC1,1,Piemonte
2023-10-24,PIE,1307,628,679,1307,ITC,ITC1,1,Piemonte
2024-01-09,SIC,350,174,176,350,ITG,ITG1,19,Sicilia
2023-12-07,BAS,188,110,78,188,ITF,ITF5,17,Basilicata
2023-11-05,EMR,192,102,90,192,ITH,ITH5,8,Emilia-Romagna
2023-12-02,LAZ,2326,1152,1174,2326,ITI,ITI4,12,Lazio
2023-12-27,ABR,240,125,115,240,ITF,ITF1,13,Abruzzo
2023-12-06,UMB,1071,525,546,1071,ITI,ITI2,10,Umbria
2023-10-29,PIE,22,10,12,22,ITC,ITC1,1,Piemonte
2023-11-02,ABR,170,94,76,170,ITF,ITF1,13,Abruzzo
2023-11-04,LAZ,726,371,355,726,ITI,ITI4,12,Lazio
2023-11-09,PIE,2949,1417,1532,2949,ITC,ITC1,1,Piemonte
2023-12-01,PUG,2336,1172,1164,2336,ITF,ITF4,16,Puglia
2023-11-06,PAT,425,207,218,425,ITH,ITH2,4,Provincia Autonoma Trento
2023-11-09,TOS,8150,3857,4293,8150,ITI,ITI1,9,Toscana
2023-11-22,CAM,550,302,248,550,ITF,ITF3,15,Campania
2023-11-23,EMR,6310,3027,3283,6310,ITH,ITH5,8,Emilia-Romagna
2023-10-10,ABR,74,39,35,74,ITF,ITF1,13,Abruzzo
2024-01-07,SIC,7,5,2,7,ITG,ITG1,19,Sicilia
2023-12-17,TOS,42,15,27,42,ITI,ITI1,9,Toscana
2023-10-27,SIC,66,38,28,66,ITG,ITG1,19,Sicilia
2023-12-21,UMB,1113,551,562,1113,ITI,ITI2,10,Umbria
2023-11-10,VDA,165,76,89,165,ITC,ITC2,2,Valle d'Aosta / Vallée d'Aoste
2023-12-14,ABR,650,334,316,650,ITF,ITF1,13,Abruzzo
2023-12-04,ABR,370,195,175,370,ITF,ITF1,13,Abruzzo
2023-12-01,PAT,688,357,331,688,ITH,ITH2,4,Provincia Autonoma Trento
2023-11-20,MAR,580,309,271,580,ITI,ITI3,11,Marche
2023-12-30,PAT,6,2,4,6,ITH,ITH2,4,Provincia Autonoma Trento
2023-11-13,LOM,8604,4032,4572,8604,ITC,ITC4,3,Lombardia
2023-12-09,PIE,695,335,360,695,ITC,ITC1,1,Piemonte
2024-01-08,PAT,165,67,98,165,ITH,ITH2,4,Provincia Autonoma Trento
2023-11-08,BAS,30,22,8,30,ITF,ITF5,17,Basilicata
2023-10-12,VEN,6,1,5,6,ITH,ITH3,5,Veneto
2024-01-03,MOL,73,41,32,73,ITF,ITF2,14,Molise
2023-11-12,PAB,2,2,0,2,ITH,ITH1,4,Provincia Autonoma Bolzano / Bozen
2023-12-31,ABR,1,1,0,1,ITF,ITF1,13,Abruzzo
2023-10-03,VEN,1,1,0,1,ITH,ITH3,5,Veneto
2024-01-09,SAR,750,387,363,750,ITG,ITG2,20,Sardegna
2023-11-15,SAR,585,306,279,585,ITG,ITG2,20,Sardegna
2023-12-21,BAS,441,257,184,441,ITF,ITF5,17,Basilicata
2024-01-08,SIC,323,175,148,323,ITG,ITG1,19,Sicilia
2023-11-13,BAS,20,11,9,20,ITF,ITF5,17,Basilicata
2023-12-05,PAT,581,265,316,581,ITH,ITH2,4,Provincia Autonoma Trento
2023-11-25,FVG,668,350,318,668,ITH,ITH4,6,Friuli-Venezia Giulia
2023-12-07,UMB,504,258,246,504,ITI,ITI2,10,Umbria
2023-10-30,VDA,102,55,47,102,ITC,ITC2,2,Valle d'Aosta / Vallée d'Aoste
2024-01-02,FVG,431,222,209,431,ITH,ITH4,6,Friuli-Venezia Giulia
2023-12-07,PIE,3448,1642,1806,3448,ITC,ITC1,1,Piemonte
2023-12-11,VDA,19,10,9,19,ITC,ITC2,2,Valle d'Aosta / Vallée d'Aoste
2023-12-15,VDA,118,57,61,118,ITC,ITC2,2,Valle d'Aosta / Vallée d'Aoste
2023-11-08,PIE,3134,1528,1606,3134,ITC,ITC1,1,Piemonte
2023-12-04,LIG,836,393,443,836,ITC,ITC3,7,Liguria
2023-12-16,TOS,1192,594,598,1192,ITI,ITI1,9,Toscana
2023-11-17,CAM,471,259,212,471,ITF,ITF3,15,Campania
2024-01-03,SIC,455,253,202,455,ITG,ITG1,19,Sicilia
2023-10-10,LIG,61,16,45,61,ITC,ITC3,7,Liguria
2023-10-04,SAR,24,10,14,24,ITG,ITG2,20,Sardegna
2024-01-04,ABR,166,75,91,166,ITF,ITF1,13,Abruzzo
2023-11-22,BAS,49,25,24,49,ITF,ITF5,17,Basilicata
2023-11-30,BAS,102,61,41,102,ITF,ITF5,17,Basilicata
2023-12-28,CAM,918,499,419,918,ITF,ITF3,15,Campania
2023-12-29,MAR,976,514,462,976,ITI,ITI3,11,Marche
2023-10-21,EMR,1053,514,539,1053,ITH,ITH5,8,Emilia-Romagna
2023-11-22,ABR,255,146,109,255,ITF,ITF1,13,Abruzzo
2023-12-19,UMB,531,275,256,531,ITI,ITI2,10,Umbria
2024-01-11,PAB,39,15,24,39,ITH,ITH1,4,Provincia Autonoma Bolzano / Bozen
2023-11-27,EMR,3631,1718,1913,3631,ITH,ITH5,8,Emilia-Romagna
2023-12-04,PIE,2026,941,1085,2026,ITC,ITC1,1,Piemonte
2023-11-17,LOM,9032,4163,4869,9032,ITC,ITC4,3,Lombardia
2023-12-02,VEN,1883,947,936,1883,ITH,ITH3,5,Veneto
2023-11-29,MOL,145,83,62,145,ITF,ITF2,14,Molise
2024-01-09,VEN,1402,710,692,1402,ITH,ITH3,5,Veneto
2023-11-15,VEN,3075,1426,1649,3075,ITH,ITH3,5,Veneto
2023-11-30,SIC,317,168,149,317,ITG,ITG1,19,Sicilia
2023-10-25,LOM,9649,4627,5022,9649,ITC,ITC4,3,Lombardia
2023-11-06,SIC,55,28,27,55,ITG,ITG1,19,Sicilia
2023-11-27,VDA,69,34,35,69,ITC,ITC2,2,Valle d'Aosta / Vallée d'Aoste
2023-10-20,VDA,149,71,78,149,ITC,ITC2,2,Valle d'Aosta / Vallée d'Aoste
2024-01-11,UMB,180,90,90,180,ITI,ITI2,10,Umbria
2023-10-15,TOS,15,9,6,15,ITI,ITI1,9,Toscana
2023-12-26,BAS,6,3,3,6,ITF,ITF5,17,Basilicata
2024-01-11,VEN,1099,561,538,1099,ITH,ITH3,5,Veneto
2024-01-11,SAR,638,322,316,638,ITG,ITG2,20,Sardegna
2023-12-23,CAM,150,79,71,150,ITF,ITF3,15,Campania
2023-12-02,FVG,693,342,351,693,ITH,ITH4,6,Friuli-Venezia Giulia
2023-11-28,VDA,77,40,37,77,ITC,ITC2,2,Valle d'Aosta / Vallée d'Aoste
2023-11-02,MOL,32,16,16,32,ITF,ITF2,14,Molise
2023-09-29,LIG,86,27,59,86,ITC,ITC3,7,Liguria
2023-12-12,EMR,5104,2499,2605,5104,ITH,ITH5,8,Emilia-Romagna
2023-11-14,TOS,4786,2164,2622,4786,ITI,ITI1,9,Toscana
2023-12-30,SIC,116,62,54,116,ITG,ITG1,19,Sicilia
2023-11-28,MAR,13,3,10,13,ITI,ITI3,11,Marche
2023-11-09,EMR,7775,3760,4015,7775,ITH,ITH5,8,Emilia-Romagna
2023-12-18,PIE,2548,1258,1290,2548,ITC,ITC1,1,Piemonte
2023-12-22,PIE,3382,1800,1582,3382,ITC,ITC1,1,Piemonte
2023-10-11,PIE,136,70,66,136,ITC,ITC1,1,Piemonte
2023-10-15,LAZ,61,26,35,61,ITI,ITI4,12,Lazio
2023-11-01,LAZ,25,11,14,25,ITI,ITI4,12,Lazio
2023-10-25,LIG,624,294,330,624,ITC,ITC3,7,Liguria
2023-11-16,PAT,660,334,326,660,ITH,ITH2,4,Provincia Autonoma Trento
2023-12-31,PIE,17,8,9,17,ITC,ITC1,1,Piemonte
2023-11-24,MOL,37,23,14,37,ITF,ITF2,14,Molise
2023-10-26,ABR,216,118,98,216,ITF,ITF1,13,Abruzzo
2023-12-23,LIG,283,156,127,283,ITC,ITC3,7,Liguria
2024-01-09,PUG,668,352,316,668,ITF,ITF4,16,Puglia
2023-11-06,LAZ,1547,781,766,1547,ITI,ITI4,12,Lazio
2023-10-20,MAR,519,270,249,519,ITI,ITI3,11,Marche
2023-10-18,VEN,240,65,175,240,ITH,ITH3,5,Veneto
2023-10-03,LAZ,56,28,28,56,ITI,ITI4,12,Lazio
2023-10-25,FVG,686,332,354,686,ITH,ITH4,6,Friuli-Venezia Giulia
2023-10-18,SAR,167,86,81,167,ITG,ITG2,20,Sardegna
2023-11-28,ABR,451,214,237,451,ITF,ITF1,13,Abruzzo
2023-11-26,LAZ,12,4,8,12,ITI,ITI4,12,Lazio
2023-12-07,PAB,272,124,148,272,ITH,ITH1,4,Provincia Autonoma Bolzano / Bozen
2023-11-16,PUG,1946,994,952,1946,ITF,ITF4,16,Puglia
2023-12-27,CAM,828,455,373,828,ITF,ITF3,15,Campania
2024-01-09,PAT,204,97,107,204,ITH,ITH2,4,Provincia Autonoma Trento
2023-12-15,MAR,1058,512,546,1058,ITI,ITI3,11,Marche
2023-12-12,ABR,490,244,246,490,ITF,ITF1,13,Abruzzo
2024-01-04,MAR,272,147,125,272,ITI,ITI3,11,Marche
2023-11-11,VEN,2297,1154,1143,2297,ITH,ITH3,5,Veneto
2023-11-20,TOS,4089,1884,2205,4089,ITI,ITI1,9,Toscana
2023-12-23,PIE,1095,574,521,1095,ITC,ITC1,1,Piemonte
2023-10-27,PIE,2149,1043,1106,2149,ITC,ITC1,1,Piemonte
2023-11-21,ABR,334,186,148,334,ITF,ITF1,13,Abruzzo
2023-11-21,VDA,70,29,41,70,ITC,ITC2,2,Valle d'Aosta / Vallée d'Aoste
2023-10-31,LAZ,1479,731,748,1479,ITI,ITI4,12,Lazio
2023-10-18,LOM,5862,2954,2908,5862,ITC,ITC4,3,Lombardia
2023-12-07,TOS,4971,2337,2634,4971,ITI,ITI1,9,Toscana
2023-11-17,CAL,93,44,49,93,ITF,ITF6,18,Calabria
2023-11-25,LOM,215,102,113,215,ITC,ITC4,3,Lombardia
2023-10-13,FVG,40,18,22,40,ITH,ITH4,6,Friuli-Venezia Giulia
2023-12-29,ABR,301,170,131,301,ITF,ITF1,13,Abruzzo
2023-12-13,LAZ,4867,2324,2543,4867,ITI,ITI4,12,Lazio
2023-11-21,EMR,5872,2816,3056,5872,ITH,ITH5,8,Emilia-Romagna
2023-12-18,TOS,2848,1360,1488,2848,ITI,ITI1,9,Toscana
2023-11-17,LIG,689,350,339,689,ITC,ITC3,7,Liguria
2023-10-11,TOS,615,293,322,615,ITI,ITI1,9,Toscana
2023-12-04,CAM,676,382,294,676,ITF,ITF3,15,Campania
2023-10-10,CAM,64,39,25,64,ITF,ITF3,15,Campania
2023-10-06,LAZ,69,40,29,69,ITI,ITI4,12,Lazio
2023-11-30,LAZ,3608,1803,1805,3608,ITI,ITI4,12,Lazio
2023-11-22,VDA,118,54,64,118,ITC,ITC2,2,Valle d'Aosta / Vallée d'Aoste
2023-10-19,LAZ,363,170,193,363,ITI,ITI4,12,Lazio
2023-11-11,UMB,371,172,199,371,ITI,ITI2,10,Umbria
2023-12-31,CAM,17,8,9,17,ITF,ITF3,15,Campania
2023-11-18,BAS,25,9,16,25,ITF,ITF5,17,Basilicata
2023-11-26,SIC,29,17,12,29,ITG,ITG1,19,Sicilia
2023-10-28,SIC,10,3,7,10,ITG,ITG1,19,Sicilia
2023-12-26,SIC,6,3,3,6,ITG,ITG1,19,Sicilia
2023-10-17,CAL,7,2,5,7,ITF,ITF6,18,Calabria
2024-01-10,PAB,19,10,9,19,ITH,ITH1,4,Provincia Autonoma Bolzano / Bozen
2023-10-15,EMR,1,0,1,1,ITH,ITH5,8,Emilia-Romagna
2023-10-12,UMB,6,3,3,6,ITI,ITI2,10,Umbria
2023-09-26,EMR,2,2,0,2,ITH,ITH5,8,Emilia-Romagna
2023-11-11,BAS,13,5,8,13,ITF,ITF5,17,Basilicata
2023-10-28,PAB,7,2,5,7,ITH,ITH1,4,Provincia Autonoma Bolzano / Bozen
2023-10-04,ABR,2,1,1,2,ITF,ITF1,13,Abruzzo
2023-10-29,CAM,2,0,2,2,ITF,ITF3,15,Campania
2024-01-07,FVG,1,0,1,1,ITH,ITH4,6,Friuli-Venezia Giulia
2023-09-29,SAR,1,1,0,1,ITG,ITG2,20,Sardegna
2023-10-22,PAT,1,0,1,1,ITH,ITH2,4,Provincia Autonoma Trento
2023-11-28,EMR,5587,2652,2935,5587,ITH,ITH5,8,Emilia-Romagna
2023-11-22,PUG,1591,812,779,1591,ITF,ITF4,16,Puglia
2023-11-04,TOS,1964,944,1020,1964,ITI,ITI1,9,Toscana
2023-10-30,PIE,1134,560,574,1134,ITC,ITC1,1,Piemonte
2023-11-24,EMR,5454,2633,2821,5454,ITH,ITH5,8,Emilia-Romagna
2024-01-06,PIE,437,214,223,437,ITC,ITC1,1,Piemonte
2023-11-20,PIE,2005,889,1116,2005,ITC,ITC1,1,Piemonte
2023-11-05,LOM,789,383,406,789,ITC,ITC4,3,Lombardia
2023-12-16,CAM,663,361,302,663,ITF,ITF3,15,Campania
2023-12-22,CAL,408,230,178,408,ITF,ITF6,18,Calabria
2023-11-08,UMB,667,332,335,667,ITI,ITI2,10,Umbria
2023-12-20,FVG,1282,660,622,1282,ITH,ITH4,6,Friuli-Venezia Giulia
2024-01-01,PIE,15,5,10,15,ITC,ITC1,1,Piemonte
2023-10-13,TOS,682,341,341,682,ITI,ITI1,9,Toscana
2023-12-11,PIE,2237,1077,1160,2237,ITC,ITC1,1,Piemonte
2023-11-03,CAM,351,199,152,351,ITF,ITF3,15,Campania
2023-11-17,PAB,271,134,137,271,ITH,ITH1,4,Provincia Autonoma Bolzano / Bozen
2023-12-10,VEN,741,409,332,741,ITH,ITH3,5,Veneto
2023-11-01,PUG,33,15,18,33,ITF,ITF4,16,Puglia
2023-11-27,SIC,165,76,89,165,ITG,ITG1,19,Sicilia
2023-12-13,CAL,472,269,203,472,ITF,ITF6,18,Calabria
2023-12-21,LOM,9094,4497,4597,9094,ITC,ITC4,3,Lombardia
2023-11-09,FVG,1322,598,724,1322,ITH,ITH4,6,Friuli-Venezia Giulia
2023-11-22,PAT,393,186,207,393,ITH,ITH2,4,Provincia Autonoma Trento
2023-12-09,MOL,10,3,7,10,ITF,ITF2,14,Molise
2023-12-17,LIG,17,6,11,17,ITC,ITC3,7,Liguria
2023-11-28,VEN,4133,2011,2122,4133,ITH,ITH3,5,Veneto
2023-12-28,TOS,2162,1068,1094,2162,ITI,ITI1,9,Toscana
2023-12-06,LOM,10921,5187,5734,10921,ITC,ITC4,3,Lombardia
2023-12-29,EMR,1634,773,861,1634,ITH,ITH5,8,Emilia-Romagna
2023-11-08,PAB,544,289,255,544,ITH,ITH1,4,Provincia Autonoma Bolzano / Bozen
2023-10-23,VEN,334,146,188,334,ITH,ITH3,5,Veneto
2023-11-02,SIC,85,46,39,85,ITG,ITG1,19,Sicilia
2024-01-05,LAZ,1648,828,820,1648,ITI,ITI4,12,Lazio
2023-12-10,EMR,187,82,105,187,ITH,ITH5,8,Emilia-Romagna
2023-12-30,VEN,1239,614,625,1239,ITH,ITH3,5,Veneto
2023-12-08,PUG,18,10,8,18,ITF,ITF4,16,Puglia
2023-10-31,EMR,4586,2132,2454,4586,ITH,ITH5,8,Emilia-Romagna
2023-12-29,SIC,653,360,293,653,ITG,ITG1,19,Sicilia
2023-11-11,PAT,21,11,10,21,ITH,ITH2,4,Provincia Autonoma Trento
2023-12-15,SIC,1225,647,578,1225,ITG,ITG1,19,Sicilia
2024-01-08,TOS,643,301,342,643,ITI,ITI1,9,Toscana
2023-10-28,ABR,43,23,20,43,ITF,ITF1,13,Abruzzo
2023-10-10,PAB,438,248,190,438,ITH,ITH1,4,Provincia Autonoma Bolzano / Bozen
2023-11-19,PAB,1,0,1,1,ITH,ITH1,4,Provincia Autonoma Bolzano / Bozen
2023-12-14,UMB,748,374,374,748,ITI,ITI2,10,Umbria
2023-10-19,SAR,119,71,48,119,ITG,ITG2,20,Sardegna
2023-10-16,MAR,142,81,61,142,ITI,ITI3,11,Marche
2023-12-11,BAS,123,72,51,123,ITF,ITF5,17,Basilicata
2024-01-03,LAZ,2342,1097,1245,2342,ITI,ITI4,12,Lazio
2023-11-17,VEN,3207,1482,1725,3207,ITH,ITH3,5,Veneto
2023-12-29,VEN,1315,653,662,1315,ITH,ITH3,5,Veneto
2023-11-12,CAL,6,0,6,6,ITF,ITF6,18,Calabria
2023-12-12,MOL,182,99,83,182,ITF,ITF2,14,Molise
2023-11-27,MAR,31,13,18,31,ITI,ITI3,11,Marche
2023-12-02,SIC,95,53,42,95,ITG,ITG1,19,Sicilia
2024-01-08,LAZ,1406,714,692,1406,ITI,ITI4,12,Lazio
2023-10-23,EMR,2262,1123,1139,2262,ITH,ITH5,8,Emilia-Romagna
2024-01-09,MAR,287,144,143,287,ITI,ITI3,11,Marche
2023-10-29,MAR,27,15,12,27,ITI,ITI3,11,Marche
2023-12-01,CAM,716,381,335,716,ITF,ITF3,15,Campania
2023-11-11,PUG,435,232,203,435,ITF,ITF4,16,Puglia
2023-11-30,EMR,6000,2919,3081,6000,ITH,ITH5,8,Emilia-Romagna
2023-10-16,TOS,730,315,415,730,ITI,ITI1,9,Toscana
2023-12-28,PAT,64,29,35,64,ITH,ITH2,4,Provincia Autonoma Trento
2023-12-11,ABR,422,215,207,422,ITF,ITF1,13,Abruzzo
2023-11-16,ABR,351,169,182,351,ITF,ITF1,13,Abruzzo
2023-11-15,FVG,1122,533,589,1122,ITH,ITH4,6,Friuli-Venezia Giulia
2023-10-13,PUG,204,111,93,204,ITF,ITF4,16,Puglia
2023-11-28,SIC,346,206,140,346,ITG,ITG1,19,Sicilia
2023-10-14,EMR,11,3,8,11,ITH,ITH5,8,Emilia-Romagna
2023-12-19,SIC,930,492,438,930,ITG,ITG1,19,Sicilia
2023-10-31,VEN,1439,619,820,1439,ITH,ITH3,5,Veneto
2023-12-27,PUG,1000,525,475,1000,ITF,ITF4,16,Puglia
2023-12-07,CAL,333,208,125,333,ITF,ITF6,18,Calabria
2023-12-28,PUG,1223,654,569,1223,ITF,ITF4,16,Puglia
2023-10-12,FVG,53,33,20,53,ITH,ITH4,6,Friuli-Venezia Giulia
2023-11-15,ABR,218,109,109,218,ITF,ITF1,13,Abruzzo
2023-10-09,LIG,32,10,22,32,ITC,ITC3,7,Liguria
2023-10-12,CAL,12,5,7,12,ITF,ITF6,18,Calabria
2023-10-18,LIG,274,105,169,274,ITC,ITC3,7,Liguria
2023-10-26,SAR,205,101,104,205,ITG,ITG2,20,Sardegna
2023-12-27,PAT,143,72,71,143,ITH,ITH2,4,Provincia Autonoma Trento
2023-10-31,SIC,85,52,33,85,ITG,ITG1,19,Sicilia
2023-11-10,MOL,61,32,29,61,ITF,ITF2,14,Molise
2023-11-14,PAB,573,276,297,573,ITH,ITH1,4,Provincia Autonoma Bolzano / Bozen
2023-11-14,LIG,1105,534,571,1105,ITC,ITC3,7,Liguria
2023-10-21,CAM,45,24,21,45,ITF,ITF3,15,Campania
2023-12-22,FVG,694,360,334,694,ITH,ITH4,6,Friuli-Venezia Giulia
2023-10-20,ABR,98,57,41,98,ITF,ITF1,13,Abruzzo
2023-11-04,PUG,331,168,163,331,ITF,ITF4,16,Puglia
2023-11-23,MOL,41,23,18,41,ITF,ITF2,14,Molise
2023-11-13,FVG,857,411,446,857,ITH,ITH4,6,Friuli-Venezia Giulia
2023-10-25,TOS,3528,1688,1840,3528,ITI,ITI1,9,Toscana
2023-11-10,SIC,82,44,38,82,ITG,ITG1,19,Sicilia
2024-01-10,LAZ,2379,1164,1215,2379,ITI,ITI4,12,Lazio
2023-11-12,FVG,12,4,8,12,ITH,ITH4,6,Friuli-Venezia Giulia
2023-12-18,CAM,1268,693,575,1268,ITF,ITF3,15,Campania
2023-10-28,UMB,79,25,54,79,ITI,ITI2,10,Umbria
2023-12-19,MOL,115,58,57,115,ITF,ITF2,14,Molise
2023-12-05,MAR,24,11,13,24,ITI,ITI3,11,Marche
2023-10-27,MOL,3,2,1,3,ITF,ITF2,14,Molise
2023-10-15,CAM,12,5,7,12,ITF,ITF3,15,Campania
2023-11-01,CAM,21,10,11,21,ITF,ITF3,15,Campania
2023-12-23,PAB,1,0,1,1,ITH,ITH1,4,Provincia Autonoma Bolzano / Bozen
2024-01-09,VDA,1,0,1,1,ITC,ITC2,2,Valle d'Aosta / Vallée d'Aoste
2023-12-24,CAL,4,1,3,4,ITF,ITF6,18,Calabria
2023-11-19,LIG,3,1,2,3,ITC,ITC3,7,Liguria
2023-10-11,MOL,6,5,1,6,ITF,ITF2,14,Molise
2023-12-09,BAS,26,15,11,26,ITF,ITF5,17,Basilicata
2023-10-06,ABR,3,2,1,3,ITF,ITF1,13,Abruzzo
2023-10-22,SIC,3,2,1,3,ITG,ITG1,19,Sicilia
2023-11-25,TOS,1893,897,996,1893,ITI,ITI1,9,Toscana
2023-11-05,PUG,23,13,10,23,ITF,ITF4,16,Puglia
2023-12-19,SAR,843,420,423,843,ITG,ITG2,20,Sardegna
2023-11-20,VDA,50,27,23,50,ITC,ITC2,2,Valle d'Aosta / Vallée d'Aoste
2023-10-17,VDA,63,29,34,63,ITC,ITC2,2,Valle d'Aosta / Vallée d'Aoste
2023-11-17,BAS,12,8,4,12,ITF,ITF5,17,Basilicata
2023-10-28,LOM,6055,2996,3059,6055,ITC,ITC4,3,Lombardia
2023-11-02,SAR,171,93,78,171,ITG,ITG2,20,Sardegna
2023-11-12,TOS,197,93,104,197,ITI,ITI1,9,Toscana
2023-12-12,BAS,307,171,136,307,ITF,ITF5,17,Basilicata
2023-12-21,PUG,3747,1984,1763,3747,ITF,ITF4,16,Puglia
2023-12-29,BAS,173,88,85,173,ITF,ITF5,17,Basilicata
2023-11-07,LAZ,2299,1125,1174,2299,ITI,ITI4,12,Lazio
2023-12-23,EMR,413,208,205,413,ITH,ITH5,8,Emilia-Romagna
2023-11-30,CAL,329,193,136,329,ITF,ITF6,18,Calabria
2023-10-27,FVG,916,458,458,916,ITH,ITH4,6,Friuli-Venezia Giulia
2023-11-25,LAZ,1820,959,861,1820,ITI,ITI4,12,Lazio
2024-01-08,LIG,148,67,81,148,ITC,ITC3,7,Liguria
2023-10-27,CAL,70,36,34,70,ITF,ITF6,18,Calabria
2023-10-24,ABR,171,92,79,171,ITF,ITF1,13,Abruzzo
2023-11-06,VEN,1512,704,808,1512,ITH,ITH3,5,Veneto
2023-12-14,LOM,11109,5348,5761,11109,ITC,ITC4,3,Lombardia
2023-12-02,EMR,1660,785,875,1660,ITH,ITH5,8,Emilia-Romagna
2023-10-24,SAR,191,84,107,191,ITG,ITG2,20,Sardegna
2023-12-19,PIE,3547,1777,1770,3547,ITC,ITC1,1,Piemonte
2023-11-28,PIE,2987,1355,1632,2987,ITC,ITC1,1,Piemonte
2023-10-19,PAB,802,390,412,802,ITH,ITH1,4,Provincia Autonoma Bolzano / Bozen
2023-10-03,SAR,6,1,5,6,ITG,ITG2,20,Sardegna
2023-11-20,FVG,1105,561,544,1105,ITH,ITH4,6,Friuli-Venezia Giulia
2023-12-04,UMB,370,176,194,370,ITI,ITI2,10,Umbria
2023-12-29,MOL,90,51,39,90,ITF,ITF2,14,Molise
2023-10-10,PIE,95,51,44,95,ITC,ITC1,1,Piemonte
2023-10-14,ABR,11,5,6,11,ITF,ITF1,13,Abruzzo
2023-12-10,ABR,36,14,22,36,ITF,ITF1,13,Abruzzo
2023-10-25,LAZ,992,493,499,992,ITI,ITI4,12,Lazio
2023-11-30,PIE,3339,1590,1749,3339,ITC,ITC1,1,Piemonte
2023-10-23,PIE,790,380,410,790,ITC,ITC1,1,Piemonte
2023-12-13,TOS,5131,2418,2713,5131,ITI,ITI1,9,Toscana
2023-12-14,EMR,6393,3141,3252,6393,ITH,ITH5,8,Emilia-Romagna
2023-12-21,PAT,327,151,176,327,ITH,ITH2,4,Provincia Autonoma Trento
2023-11-29,MAR,37,17,20,37,ITI,ITI3,11,Marche
2023-10-24,LOM,9060,4454,4606,9060,ITC,ITC4,3,Lombardia
2023-12-29,PIE,1871,866,1005,1871,ITC,ITC1,1,Piemonte
2023-10-31,MOL,33,13,20,33,ITF,ITF2,14,Molise
2023-10-21,PIE,339,180,159,339,ITC,ITC1,1,Piemonte
2023-12-14,VEN,4842,2416,2426,4842,ITH,ITH3,5,Veneto
2023-12-10,BAS,9,5,4,9,ITF,ITF5,17,Basilicata
2023-10-18,EMR,1504,721,783,1504,ITH,ITH5,8,Emilia-Romagna
2023-12-04,LOM,9162,4421,4741,9162,ITC,ITC4,3,Lombardia
2024-01-03,LIG,407,198,209,407,ITC,ITC3,7,Liguria
2023-11-29,VDA,134,66,68,134,ITC,ITC2,2,Valle d'Aosta / Vallée d'Aoste
2024-01-09,MOL,14,7,7,14,ITF,ITF2,14,Molise
2023-11-12,PUG,51,31,20,51,ITF,ITF4,16,Puglia
2023-12-18,LAZ,4028,2009,2019,4028,ITI,ITI4,12,Lazio
2023-12-04,SAR,755,378,377,755,ITG,ITG2,20,Sardegna
2023-11-30,SAR,936,476,460,936,ITG,ITG2,20,Sardegna
2023-10-21,CAL,13,9,4,13,ITF,ITF6,18,Calabria
2023-11-24,CAL,141,91,50,141,ITF,ITF6,18,Calabria
2023-11-28,BAS,145,87,58,145,ITF,ITF5,17,Basilicata
2024-01-05,LIG,234,118,116,234,ITC,ITC3,7,Liguria
2023-11-08,VEN,2399,1159,1240,2399,ITH,ITH3,5,Veneto
2023-11-24,ABR,450,246,204,450,ITF,ITF1,13,Abruzzo
2023-10-28,CAM,77,42,35,77,ITF,ITF3,15,Campania
2023-11-23,BAS,45,29,16,45,ITF,ITF5,17,Basilicata
2023-10-26,LOM,9998,4753,5245,9998,ITC,ITC4,3,Lombardia
2023-11-29,SIC,262,140,122,262,ITG,ITG1,19,Sicilia
2023-12-06,CAM,1090,600,490,1090,ITF,ITF3,15,Campania
2023-12-06,PUG,2551,1284,1267,2551,ITF,ITF4,16,Puglia
2023-10-29,TOS,36,15,21,36,ITI,ITI1,9,Toscana
2023-11-16,LOM,10167,4760,5407,10167,ITC,ITC4,3,Lombardia
2023-12-22,TOS,469,227,242,469,ITI,ITI1,9,Toscana
2023-12-06,PAT,412,188,224,412,ITH,ITH2,4,Provincia Autonoma Trento
2023-11-18,VDA,80,42,38,80,ITC,ITC2,2,Valle d'Aosta / Vallée d'Aoste
2023-11-01,FVG,23,10,13,23,ITH,ITH4,6,Friuli-Venezia Giulia
2023-11-13,LAZ,1742,909,833,1742,ITI,ITI4,12,Lazio
2023-12-11,FVG,1062,496,566,1062,ITH,ITH4,6,Friuli-Venezia Giulia
2023-10-31,PIE,1546,761,785,1546,ITC,ITC1,1,Piemonte
2023-10-06,CAM,28,15,13,28,ITF,ITF3,15,Campania
2023-12-31,EMR,122,59,63,122,ITH,ITH5,8,Emilia-Romagna
2023-12-20,MAR,57,32,25,57,ITI,ITI3,11,Marche
2023-12-23,VEN,1478,805,673,1478,ITH,ITH3,5,Veneto
2023-12-10,PIE,80,36,44,80,ITC,ITC1,1,Piemonte
2023-11-06,EMR,4026,1847,2179,4026,ITH,ITH5,8,Emilia-Romagna
2023-10-22,MAR,54,30,24,54,ITI,ITI3,11,Marche
2024-01-07,UMB,8,4,4,8,ITI,ITI2,10,Umbria
2023-11-24,PIE,3574,1727,1847,3574,ITC,ITC1,1,Piemonte
2023-11-09,VDA,164,80,84,164,ITC,ITC2,2,Valle d'Aosta / Vallée d'Aoste
2024-01-04,VDA,19,6,13,19,ITC,ITC2,2,Valle d'Aosta / Vallée d'Aoste
2023-10-30,FVG,532,274,258,532,ITH,ITH4,6,Friuli-Venezia Giulia
2023-12-30,BAS,105,56,49,105,ITF,ITF5,17,Basilicata
2023-11-08,EMR,7069,3325,3744,7069,ITH,ITH5,8,Emilia-Romagna
2023-11-24,SAR,570,293,277,570,ITG,ITG2,20,Sardegna
2024-01-10,LIG,768,361,407,768,ITC,ITC3,7,Liguria
2024-01-02,TOS,771,374,397,771,ITI,ITI1,9,Toscana
2023-12-20,VDA,97,54,43,97,ITC,ITC2,2,Valle d'Aosta / Vallée d'Aoste
2023-11-10,SAR,336,163,173,336,ITG,ITG2,20,Sardegna
2023-11-07,TOS,5229,2441,2788,5229,ITI,ITI1,9,Toscana
2023-10-12,VDA,17,7,10,17,ITC,ITC2,2,Valle d'Aosta / Vallée d'Aoste
2024-01-02,MAR,101,46,55,101,ITI,ITI3,11,Marche
2023-10-14,PIE,43,20,23,43,ITC,ITC1,1,Piemonte
2023-10-23,CAL,23,14,9,23,ITF,ITF6,18,Calabria
2024-01-07,LOM,72,45,27,72,ITC,ITC4,3,Lombardia
2023-10-13,PAT,54,24,30,54,ITH,ITH2,4,Provincia Autonoma Trento
2023-12-26,LAZ,6,2,4,6,ITI,ITI4,12,Lazio
2023-10-29,SIC,3,2,1,3,ITG,ITG1,19,Sicilia
2024-01-06,UMB,13,3,10,13,ITI,ITI2,10,Umbria
2023-12-08,ABR,12,5,7,12,ITF,ITF1,13,Abruzzo
2023-12-29,VDA,5,5,0,5,ITC,ITC2,2,Valle d'Aosta / Vallée d'Aoste
2024-01-04,VEN,936,452,484,936,ITH,ITH3,5,Veneto
2023-11-16,LAZ,2614,1281,1333,2614,ITI,ITI4,12,Lazio
2024-01-06,LAZ,1120,565,555,1120,ITI,ITI4,12,Lazio
2024-01-10,UMB,796,402,394,796,ITI,ITI2,10,Umbria
2023-10-27,MAR,910,478,432,910,ITI,ITI3,11,Marche
2023-12-20,UMB,917,480,437,917,ITI,ITI2,10,Umbria
2023-10-19,PAT,318,146,172,318,ITH,ITH2,4,Provincia Autonoma Trento
2023-12-22,SIC,884,495,389,884,ITG,ITG1,19,Sicilia
2023-11-03,LAZ,1719,863,856,1719,ITI,ITI4,12,Lazio
2023-12-28,EMR,1868,903,965,1868,ITH,ITH5,8,Emilia-Romagna
2023-10-05,PIE,14,9,5,14,ITC,ITC1,1,Piemonte
2023-11-13,LIG,394,190,204,394,ITC,ITC3,7,Liguria
2023-10-21,LAZ,442,217,225,442,ITI,ITI4,12,Lazio
2023-11-14,PAT,454,226,228,454,ITH,ITH2,4,Provincia Autonoma Trento
2023-11-07,UMB,482,228,254,482,ITI,ITI2,10,Umbria
2024-01-11,MAR,321,162,159,321,ITI,ITI3,11,Marche
2023-11-14,ABR,283,137,146,283,ITF,ITF1,13,Abruzzo
2023-11-05,MAR,28,11,17,28,ITI,ITI3,11,Marche
2023-11-18,LIG,257,127,130,257,ITC,ITC3,7,Liguria
2023-10-14,TOS,358,182,176,358,ITI,ITI1,9,Toscana
2023-12-29,TOS,2084,1005,1079,2084,ITI,ITI1,9,Toscana
2023-10-19,PUG,487,261,226,487,ITF,ITF4,16,Puglia
2024-01-04,PAB,6,2,4,6,ITH,ITH1,4,Provincia Autonoma Bolzano / Bozen
2023-10-27,LAZ,1377,692,685,1377,ITI,ITI4,12,Lazio
2023-11-16,MAR,859,429,430,859,ITI,ITI3,11,Marche
2023-12-27,SIC,580,286,294,580,ITG,ITG1,19,Sicilia
2023-12-02,PIE,1197,604,593,1197,ITC,ITC1,1,Piemonte
2023-12-30,FVG,39,21,18,39,ITH,ITH4,6,Friuli-Venezia Giulia
2023-11-27,CAL,211,118,93,211,ITF,ITF6,18,Calabria
2023-12-17,PIE,416,227,189,416,ITC,ITC1,1,Piemonte
2023-12-14,VDA,63,30,33,63,ITC,ITC2,2,Valle d'Aosta / Vallée d'Aoste
2023-11-14,PUG,1864,959,905,1864,ITF,ITF4,16,Puglia
2023-11-14,BAS,24,10,14,24,ITF,ITF5,17,Basilicata
2023-11-29,SAR,860,435,425,860,ITG,ITG2,20,Sardegna
2023-10-31,PAT,448,243,205,448,ITH,ITH2,4,Provincia Autonoma Trento
2023-10-05,SAR,42,23,19,42,ITG,ITG2,20,Sardegna
2023-12-20,LIG,2358,1112,1246,2358,ITC,ITC3,7,Liguria
2023-10-31,PUG,876,450,426,876,ITF,ITF4,16,Puglia
2024-01-05,ABR,812,430,382,812,ITF,ITF1,13,Abruzzo
2023-12-27,EMR,1258,598,660,1258,ITH,ITH5,8,Emilia-Romagna
2023-12-21,LIG,1831,927,904,1831,ITC,ITC3,7,Liguria
2023-10-09,FVG,48,26,22,48,ITH,ITH4,6,Friuli-Venezia Giulia
2024-01-08,CAM,398,227,171,398,ITF,ITF3,15,Campania
2023-10-12,LIG,126,48,78,126,ITC,ITC3,7,Liguria
2023-10-22,LOM,381,190,191,381,ITC,ITC4,3,Lombardia
2023-11-16,VDA,121,59,62,121,ITC,ITC2,2,Valle d'Aosta / Vallée d'Aoste
2023-11-09,LIG,1038,524,514,1038,ITC,ITC3,7,Liguria
2023-10-26,LAZ,841,412,429,841,ITI,ITI4,12,Lazio
2023-10-16,CAM,166,94,72,166,ITF,ITF3,15,Campania
2023-10-09,LOM,380,153,227,380,ITC,ITC4,3,Lombardia
2023-11-04,SIC,18,12,6,18,ITG,ITG1,19,Sicilia
2023-11-23,FVG,1257,584,673,1257,ITH,ITH4,6,Friuli-Venezia Giulia
2023-11-15,MAR,767,380,387,767,ITI,ITI3,11,Marche
2023-11-06,FVG,950,421,529,950,ITH,ITH4,6,Friuli-Venezia Giulia
2023-11-18,UMB,235,120,115,235,ITI,ITI2,10,Umbria
2023-12-15,PUG,3669,1806,1863,3669,ITF,ITF4,16,Puglia
2023-11-07,PAB,552,279,273,552,ITH,ITH1,4,Provincia Autonoma Bolzano / Bozen
2023-10-17,PAB,494,251,243,494,ITH,ITH1,4,Provincia Autonoma Bolzano / Bozen
2023-10-17,LIG,350,149,201,350,ITC,ITC3,7,Liguria
2023-11-29,VEN,4526,2140,2386,4526,ITH,ITH3,5,Veneto
2023-11-28,PUG,1882,966,916,1882,ITF,ITF4,16,Puglia
2023-10-22,VEN,6,4,2,6,ITH,ITH3,5,Veneto
2023-11-28,PAT,465,212,253,465,ITH,ITH2,4,Provincia Autonoma Trento
2023-12-20,PAB,489,272,217,489,ITH,ITH1,4,Provincia Autonoma Bolzano / Bozen
2024-01-03,UMB,216,107,109,216,ITI,ITI2,10,Umbria
2023-11-29,LOM,10704,5092,5612,10704,ITC,ITC4,3,Lombardia
2023-12-14,MAR,1115,556,559,1115,ITI,ITI3,11,Marche
2024-01-01,SIC,2,1,1,2,ITG,ITG1,19,Sicilia
2023-10-11,FVG,72,36,36,72,ITH,ITH4,6,Friuli-Venezia Giulia
2023-11-15,SIC,208,113,95,208,ITG,ITG1,19,Sicilia
2024-01-09,ABR,152,84,68,152,ITF,ITF1,13,Abruzzo
2023-12-26,UMB,1,0,1,1,ITI,ITI2,10,Umbria
2024-01-02,MOL,48,26,22,48,ITF,ITF2,14,Molise
2023-11-15,LAZ,2449,1214,1235,2449,ITI,ITI4,12,Lazio
2023-11-06,PUG,1243,648,595,1243,ITF,ITF4,16,Puglia
2023-12-29,PUG,1323,683,640,1323,ITF,ITF4,16,Puglia
2023-10-22,EMR,105,50,55,105,ITH,ITH5,8,Emilia-Romagna
2024-01-04,SAR,1461,703,758,1461,ITG,ITG2,20,Sardegna
2023-10-16,LOM,4579,2411,2168,4579,ITC,ITC4,3,Lombardia
2023-10-21,TOS,864,437,427,864,ITI,ITI1,9,Toscana
2023-11-06,CAL,60,32,28,60,ITF,ITF6,18,Calabria
2023-11-23,VDA,89,51,38,89,ITC,ITC2,2,Valle d'Aosta / Vallée d'Aoste
2023-12-01,LIG,1150,589,561,1150,ITC,ITC3,7,Liguria
2023-10-24,PUG,1095,583,512,1095,ITF,ITF4,16,Puglia
2023-12-05,BAS,256,134,122,256,ITF,ITF5,17,Basilicata
2024-01-03,PIE,1209,595,614,1209,ITC,ITC1,1,Piemonte
2023-10-27,VDA,220,98,122,220,ITC,ITC2,2,Valle d'Aosta / Vallée d'Aoste
2023-11-13,UMB,415,201,214,415,ITI,ITI2,10,Umbria
2023-12-29,PAT,2089,1069,1020,2089,ITH,ITH2,4,Provincia Autonoma Trento
2023-11-11,SIC,72,40,32,72,ITG,ITG1,19,Sicilia
2023-12-12,LAZ,4893,2380,2513,4893,ITI,ITI4,12,Lazio
2023-12-15,PAT,451,224,227,451,ITH,ITH2,4,Provincia Autonoma Trento
2023-11-21,MOL,47,29,18,47,ITF,ITF2,14,Molise
2023-12-03,CAM,20,12,8,20,ITF,ITF3,15,Campania
2024-01-05,UMB,151,74,77,151,ITI,ITI2,10,Umbria
2023-10-24,TOS,2453,1131,1322,2453,ITI,ITI1,9,Toscana
2023-11-13,PAB,200,77,123,200,ITH,ITH1,4,Provincia Autonoma Bolzano / Bozen
2023-12-17,CAM,80,41,39,80,ITF,ITF3,15,Campania
2023-10-25,MOL,74,40,34,74,ITF,ITF2,14,Molise
2023-11-25,MOL,116,61,55,116,ITF,ITF2,14,Molise
2023-10-03,PUG,10,7,3,10,ITF,ITF4,16,Puglia
2023-11-12,MOL,16,10,6,16,ITF,ITF2,14,Molise
2023-11-18,PAB,9,2,7,9,ITH,ITH1,4,Provincia Autonoma Bolzano / Bozen
2023-12-24,SIC,6,4,2,6,ITG,ITG1,19,Sicilia
2023-10-03,FVG,6,2,4,6,ITH,ITH4,6,Friuli-Venezia Giulia
2024-01-07,TOS,11,4,7,11,ITI,ITI1,9,Toscana
2023-12-31,FVG,1,0,1,1,ITH,ITH4,6,Friuli-Venezia Giulia
2023-10-29,UMB,3,1,2,3,ITI,ITI2,10,Umbria
2023-10-22,ABR,5,3,2,5,ITF,ITF1,13,Abruzzo
2024-01-06,SIC,3,2,1,3,ITG,ITG1,19,Sicilia
2023-10-18,TOS,1079,521,558,1079,ITI,ITI1,9,Toscana
2023-10-30,UMB,321,160,161,321,ITI,ITI2,10,Umbria
2023-12-26,LOM,111,44,67,111,ITC,ITC4,3,Lombardia
2023-11-17,FVG,1350,660,690,1350,ITH,ITH4,6,Friuli-Venezia Giulia
2023-11-18,LOM,6308,2986,3322,6308,ITC,ITC4,3,Lombardia
2023-12-09,LOM,3902,1993,1909,3902,ITC,ITC4,3,Lombardia
2023-12-29,FVG,832,406,426,832,ITH,ITH4,6,Friuli-Venezia Giulia
2023-12-05,PAB,372,178,194,372,ITH,ITH1,4,Provincia Autonoma Bolzano / Bozen
2023-10-11,LOM,451,173,278,451,ITC,ITC4,3,Lombardia
2023-12-21,MOL,138,66,72,138,ITF,ITF2,14,Molise
2023-11-09,LOM,10311,4839,5472,10311,ITC,ITC4,3,Lombardia
2023-11-30,ABR,403,212,191,403,ITF,ITF1,13,Abruzzo
2023-10-24,PAT,593,268,325,593,ITH,ITH2,4,Provincia Autonoma Trento
2024-01-03,LOM,1989,941,1048,1989,ITC,ITC4,3,Lombardia
2023-11-07,PIE,2559,1199,1360,2559,ITC,ITC1,1,Piemonte
2023-10-18,PIE,420,219,201,420,ITC,ITC1,1,Piemonte
2023-11-11,VDA,81,33,48,81,ITC,ITC2,2,Valle d'Aosta / Vallée d'Aoste
2023-10-19,MAR,370,177,193,370,ITI,ITI3,11,Marche
2023-10-27,LOM,9118,4332,4786,9118,ITC,ITC4,3,Lombardia
2023-11-27,SAR,545,276,269,545,ITG,ITG2,20,Sardegna
2023-10-17,SAR,129,64,65,129,ITG,ITG2,20,Sardegna
2023-11-21,UMB,603,285,318,603,ITI,ITI2,10,Umbria
2023-12-12,CAL,436,244,192,436,ITF,ITF6,18,Calabria
2023-12-18,SAR,799,397,402,799,ITG,ITG2,20,Sardegna
2023-12-28,FVG,1127,565,562,1127,ITH,ITH4,6,Friuli-Venezia Giulia
2023-11-24,CAM,367,207,160,367,ITF,ITF3,15,Campania
2023-12-13,CAM,1602,869,733,1602,ITF,ITF3,15,Campania
2023-10-10,LAZ,200,114,86,200,ITI,ITI4,12,Lazio
2023-11-12,EMR,816,385,431,816,ITH,ITH5,8,Emilia-Romagna
2023-11-23,CAL,114,67,47,114,ITF,ITF6,18,Calabria
2023-11-04,VDA,109,57,52,109,ITC,ITC2,2,Valle d'Aosta / Vallée d'Aoste
2023-10-31,ABR,174,100,74,174,ITF,ITF1,13,Abruzzo
2023-11-26,CAM,19,10,9,19,ITF,ITF3,15,Campania
2023-10-20,EMR,2218,1080,1138,2218,ITH,ITH5,8,Emilia-Romagna
2023-11-16,EMR,6721,3178,3543,6721,ITH,ITH5,8,Emilia-Romagna
2023-12-04,SIC,385,207,178,385,ITG,ITG1,19,Sicilia
2023-12-14,SIC,827,434,393,827,ITG,ITG1,19,Sicilia
2023-11-02,UMB,417,218,199,417,ITI,ITI2,10,Umbria
2023-11-05,VEN,49,30,19,49,ITH,ITH3,5,Veneto
2023-11-01,MAR,34,12,22,34,ITI,ITI3,11,Marche
2023-10-10,FVG,48,25,23,48,ITH,ITH4,6,Friuli-Venezia Giulia
2023-12-15,UMB,746,367,379,746,ITI,ITI2,10,Umbria
2023-11-11,ABR,74,42,32,74,ITF,ITF1,13,Abruzzo
2023-12-30,PIE,780,399,381,780,ITC,ITC1,1,Piemonte
2023-11-15,TOS,6244,2874,3370,6244,ITI,ITI1,9,Toscana
2024-01-09,TOS,814,385,429,814,ITI,ITI1,9,Toscana
2024-01-04,LAZ,2650,1281,1369,2650,ITI,ITI4,12,Lazio
2023-10-02,CAM,4,3,1,4,ITF,ITF3,15,Campania
2023-11-15,EMR,6892,3273,3619,6892,ITH,ITH5,8,Emilia-Romagna
2024-01-07,CAM,36,18,18,36,ITF,ITF3,15,Campania
2023-11-04,PIE,1379,677,702,1379,ITC,ITC1,1,Piemonte
2023-10-17,MAR,231,109,122,231,ITI,ITI3,11,Marche
2023-12-22,LAZ,3272,1622,1650,3272,ITI,ITI4,12,Lazio
2023-11-24,LIG,584,283,301,584,ITC,ITC3,7,Liguria
2024-01-08,PIE,746,381,365,746,ITC,ITC1,1,Piemonte
2023-11-24,PAB,190,98,92,190,ITH,ITH1,4,Provincia Autonoma Bolzano / Bozen
2023-10-19,VDA,114,59,55,114,ITC,ITC2,2,Valle d'Aosta / Vallée d'Aoste
2023-10-03,CAM,29,18,11,29,ITF,ITF3,15,Campania
2023-12-23,MAR,9,7,2,9,ITI,ITI3,11,Marche
2023-11-19,TOS,213,94,119,213,ITI,ITI1,9,Toscana
2023-10-12,TOS,803,360,443,803,ITI,ITI1,9,Toscana
2023-10-13,ABR,67,33,34,67,ITF,ITF1,13,Abruzzo
2023-12-28,SIC,710,378,332,710,ITG,ITG1,19,Sicilia
2023-11-03,CAL,74,35,39,74,ITF,ITF6,18,Calabria
2023-10-13,CAL,6,4,2,6,ITF,ITF6,18,Calabria
2023-11-06,PIE,1620,806,814,1620,ITC,ITC1,1,Piemonte
2023-10-12,PAB,565,292,273,565,ITH,ITH1,4,Provincia Autonoma Bolzano / Bozen
2023-12-12,SAR,954,483,471,954,ITG,ITG2,20,Sardegna
2023-12-19,ABR,579,288,291,579,ITF,ITF1,13,Abruzzo
2023-10-26,PAT,609,294,315,609,ITH,ITH2,4,Provincia Autonoma Trento
2023-10-26,SIC,56,28,28,56,ITG,ITG1,19,Sicilia
2023-11-27,UMB,365,192,173,365,ITI,ITI2,10,Umbria
2023-10-26,PUG,1343,668,675,1343,ITF,ITF4,16,Puglia
2023-10-19,CAM,298,169,129,298,ITF,ITF3,15,Campania
2023-11-21,SAR,499,243,256,499,ITG,ITG2,20,Sardegna
2023-12-14,PUG,3179,1607,1572,3179,ITF,ITF4,16,Puglia
2023-12-10,LOM,611,297,314,611,ITC,ITC4,3,Lombardia
2023-11-13,VEN,1847,881,966,1847,ITH,ITH3,5,Veneto
2023-11-09,VEN,2463,1149,1314,2463,ITH,ITH3,5,Veneto
2023-12-08,UMB,18,7,11,18,ITI,ITI2,10,Umbria
2023-11-04,ABR,38,22,16,38,ITF,ITF1,13,Abruzzo
2023-10-13,MAR,100,55,45,100,ITI,ITI3,11,Marche
2023-11-28,LAZ,3299,1619,1680,3299,ITI,ITI4,12,Lazio
2023-11-06,ABR,163,91,72,163,ITF,ITF1,13,Abruzzo
2024-01-02,PUG,468,230,238,468,ITF,ITF4,16,Puglia
2023-12-15,LAZ,4293,2014,2279,4293,ITI,ITI4,12,Lazio
2023-11-28,FVG,1259,610,649,1259,ITH,ITH4,6,Friuli-Venezia Giulia
2023-10-14,PAB,21,7,14,21,ITH,ITH1,4,Provincia Autonoma Bolzano / Bozen
2023-12-29,LAZ,2358,1172,1186,2358,ITI,ITI4,12,Lazio
2023-11-23,SAR,605,326,279,605,ITG,ITG2,20,Sardegna
2023-10-20,LAZ,747,376,371,747,ITI,ITI4,12,Lazio
2023-12-20,TOS,3874,1914,1960,3874,ITI,ITI1,9,Toscana
2024-01-05,SIC,396,200,196,396,ITG,ITG1,19,Sicilia
2023-12-06,MOL,234,124,110,234,ITF,ITF2,14,Molise
2023-12-18,CAL,589,330,259,589,ITF,ITF6,18,Calabria
2023-11-10,UMB,683,319,364,683,ITI,ITI2,10,Umbria
2023-12-03,PUG,72,39,33,72,ITF,ITF4,16,Puglia
2023-12-22,VEN,3315,1769,1546,3315,ITH,ITH3,5,Veneto
2023-11-02,LAZ,1368,650,718,1368,ITI,ITI4,12,Lazio
2023-12-03,PAT,9,6,3,9,ITH,ITH2,4,Provincia Autonoma Trento
2023-11-11,PIE,1881,936,945,1881,ITC,ITC1,1,Piemonte
2023-10-16,PAB,150,72,78,150,ITH,ITH1,4,Provincia Autonoma Bolzano / Bozen
2023-11-20,CAM,441,257,184,441,ITF,ITF3,15,Campania
2023-12-31,CAL,4,1,3,4,ITF,ITF6,18,Calabria
2023-12-30,ABR,11,5,6,11,ITF,ITF1,13,Abruzzo
2023-10-11,VEN,6,2,4,6,ITH,ITH3,5,Veneto
2023-11-06,BAS,5,3,2,5,ITF,ITF5,17,Basilicata
2023-12-10,LIG,12,5,7,12,ITC,ITC3,7,Liguria
2023-12-26,MAR,1,0,1,1,ITI,ITI3,11,Marche
2023-11-01,VDA,1,0,1,1,ITC,ITC2,2,Valle d'Aosta / Vallée d'Aoste
2023-10-24,VEN,741,285,456,741,ITH,ITH3,5,Veneto
2023-12-20,LAZ,5690,2789,2901,5690,ITI,ITI4,12,Lazio
2024-01-11,TOS,1086,508,578,1086,ITI,ITI1,9,Toscana
2023-10-14,CAM,41,15,26,41,ITF,ITF3,15,Campania
2023-10-26,PIE,1528,741,787,1528,ITC,ITC1,1,Piemonte
2023-12-30,LOM,1665,818,847,1665,ITC,ITC4,3,Lombardia
2023-10-19,MOL,55,18,37,55,ITF,ITF2,14,Molise
2023-10-17,LAZ,432,232,200,432,ITI,ITI4,12,Lazio
2023-11-07,VDA,100,45,55,100,ITC,ITC2,2,Valle d'Aosta / Vallée d'Aoste
2023-10-27,CAM,278,148,130,278,ITF,ITF3,15,Campania
2023-11-16,FVG,1176,568,608,1176,ITH,ITH4,6,Friuli-Venezia Giulia
2023-11-30,LOM,10450,4985,5465,10450,ITC,ITC4,3,Lombardia
2023-12-01,LOM,10331,4808,5523,10331,ITC,ITC4,3,Lombardia
2023-11-06,SAR,313,148,165,313,ITG,ITG2,20,Sardegna
2023-11-20,LAZ,1570,799,771,1570,ITI,ITI4,12,Lazio
2024-01-11,PUG,466,258,208,466,ITF,ITF4,16,Puglia
2023-11-28,UMB,751,374,377,751,ITI,ITI2,10,Umbria
2023-11-30,PAB,545,263,282,545,ITH,ITH1,4,Provincia Autonoma Bolzano / Bozen
2023-11-25,VDA,102,49,53,102,ITC,ITC2,2,Valle d'Aosta / Vallée d'Aoste
2023-11-30,VEN,3946,1943,2003,3946,ITH,ITH3,5,Veneto
2023-11-17,UMB,675,338,337,675,ITI,ITI2,10,Umbria
2024-01-08,MAR,144,81,63,144,ITI,ITI3,11,Marche
2023-10-04,TOS,274,153,121,274,ITI,ITI1,9,Toscana
2023-12-29,PAB,15,4,11,15,ITH,ITH1,4,Provincia Autonoma Bolzano / Bozen
2023-11-19,UMB,20,11,9,20,ITI,ITI2,10,Umbria
2023-11-06,PAB,164,76,88,164,ITH,ITH1,4,Provincia Autonoma Bolzano / Bozen
2023-11-05,FVG,11,7,4,11,ITH,ITH4,6,Friuli-Venezia Giulia
2024-01-02,LIG,211,103,108,211,ITC,ITC3,7,Liguria
2023-11-03,FVG,712,352,360,712,ITH,ITH4,6,Friuli-Venezia Giulia
2023-11-06,UMB,333,157,176,333,ITI,ITI2,10,Umbria
2023-10-06,FVG,152,81,71,152,ITH,ITH4,6,Friuli-Venezia Giulia
2023-10-14,PUG,11,4,7,11,ITF,ITF4,16,Puglia
2023-12-14,PIE,3688,1800,1888,3688,ITC,ITC1,1,Piemonte
2023-11-02,EMR,4132,1976,2156,4132,ITH,ITH5,8,Emilia-Romagna
2023-11-02,VEN,1811,808,1003,1811,ITH,ITH3,5,Veneto
2023-10-30,PUG,942,455,487,942,ITF,ITF4,16,Puglia
2023-12-16,FVG,317,151,166,317,ITH,ITH4,6,Friuli-Venezia Giulia
2023-10-30,CAM,373,214,159,373,ITF,ITF3,15,Campania
2023-12-31,LOM,75,25,50,75,ITC,ITC4,3,Lombardia
2023-12-29,UMB,367,169,198,367,ITI,ITI2,10,Umbria
2024-01-06,CAM,8,5,3,8,ITF,ITF3,15,Campania
2024-01-06,PUG,52,36,16,52,ITF,ITF4,16,Puglia
2023-10-17,TOS,651,295,356,651,ITI,ITI1,9,Toscana
2023-11-06,LOM,4296,2027,2269,4296,ITC,ITC4,3,Lombardia
2023-12-02,UMB,165,79,86,165,ITI,ITI2,10,Umbria
2023-12-26,TOS,7,3,4,7,ITI,ITI1,9,Toscana
2023-12-10,CAM,26,10,16,26,ITF,ITF3,15,Campania
2023-11-24,PUG,2203,1099,1104,2203,ITF,ITF4,16,Puglia
2023-11-03,LOM,9001,4270,4731,9001,ITC,ITC4,3,Lombardia
2023-10-20,FVG,572,289,283,572,ITH,ITH4,6,Friuli-Venezia Giulia
2023-12-15,PAB,238,104,134,238,ITH,ITH1,4,Provincia Autonoma Bolzano / Bozen
2023-12-07,PAT,400,173,227,400,ITH,ITH2,4,Provincia Autonoma Trento
2023-10-21,LOM,3459,1740,1719,3459,ITC,ITC4,3,Lombardia
2023-12-15,LIG,1557,719,838,1557,ITC,ITC3,7,Liguria
2023-12-19,PAB,250,116,134,250,ITH,ITH1,4,Provincia Autonoma Bolzano / Bozen
2023-12-04,EMR,3726,1828,1898,3726,ITH,ITH5,8,Emilia-Romagna
2023-10-19,PIE,576,282,294,576,ITC,ITC1,1,Piemonte
2023-12-16,LOM,8274,4015,4259,8274,ITC,ITC4,3,Lombardia
2023-11-28,PAB,529,268,261,529,ITH,ITH1,4,Provincia Autonoma Bolzano / Bozen
2023-11-24,PAT,193,90,103,193,ITH,ITH2,4,Provincia Autonoma Trento
2023-10-30,PAT,341,176,165,341,ITH,ITH2,4,Provincia Autonoma Trento
2023-11-18,TOS,2456,1219,1237,2456,ITI,ITI1,9,Toscana
2023-11-16,CAL,130,71,59,130,ITF,ITF6,18,Calabria
2023-12-02,LIG,414,193,221,414,ITC,ITC3,7,Liguria
2023-10-26,CAL,21,8,13,21,ITF,ITF6,18,Calabria
2023-11-13,VDA,63,31,32,63,ITC,ITC2,2,Valle d'Aosta / Vallée d'Aoste
2023-10-12,PUG,86,62,24,86,ITF,ITF4,16,Puglia
2023-12-18,VDA,13,5,8,13,ITC,ITC2,2,Valle d'Aosta / Vallée d'Aoste
2023-11-14,UMB,655,319,336,655,ITI,ITI2,10,Umbria
2023-12-07,PUG,1746,920,826,1746,ITF,ITF4,16,Puglia
2023-11-11,TOS,2476,1132,1344,2476,ITI,ITI1,9,Toscana
2024-01-05,TOS,1141,575,566,1141,ITI,ITI1,9,Toscana
2023-09-29,CAM,11,6,5,11,ITF,ITF3,15,Campania
2023-12-04,VEN,2649,1291,1358,2649,ITH,ITH3,5,Veneto
2023-12-06,FVG,1422,669,753,1422,ITH,ITH4,6,Friuli-Venezia Giulia
2023-12-09,EMR,683,324,359,683,ITH,ITH5,8,Emilia-Romagna
2023-11-02,PAB,345,158,187,345,ITH,ITH1,4,Provincia Autonoma Bolzano / Bozen
2023-12-06,ABR,350,165,185,350,ITF,ITF1,13,Abruzzo
2023-11-10,EMR,7664,3733,3931,7664,ITH,ITH5,8,Emilia-Romagna
2023-10-24,EMR,3606,1712,1894,3606,ITH,ITH5,8,Emilia-Romagna
2023-12-19,VEN,4107,1997,2110,4107,ITH,ITH3,5,Veneto
2023-10-31,UMB,282,136,146,282,ITI,ITI2,10,Umbria
2023-12-18,MAR,668,349,319,668,ITI,ITI3,11,Marche
2023-11-27,PAB,36,21,15,36,ITH,ITH1,4,Provincia Autonoma Bolzano / Bozen
2023-12-30,CAM,223,130,93,223,ITF,ITF3,15,Campania
2023-12-14,CAL,609,349,260,609,ITF,ITF6,18,Calabria
2023-11-21,PAT,550,252,298,550,ITH,ITH2,4,Provincia Autonoma Trento
2023-11-08,CAL,111,72,39,111,ITF,ITF6,18,Calabria
2023-11-10,PAB,271,131,140,271,ITH,ITH1,4,Provincia Autonoma Bolzano / Bozen
2023-12-23,UMB,131,63,68,131,ITI,ITI2,10,Umbria
2024-01-11,PAT,54,28,26,54,ITH,ITH2,4,Provincia Autonoma Trento
2024-01-07,VEN,5,2,3,5,ITH,ITH3,5,Veneto
2023-12-12,LOM,10508,5038,5470,10508,ITC,ITC4,3,Lombardia
2023-11-21,PUG,1827,883,944,1827,ITF,ITF4,16,Puglia
2023-11-17,ABR,358,180,178,358,ITF,ITF1,13,Abruzzo
2023-11-08,SAR,292,155,137,292,ITG,ITG2,20,Sardegna
2023-10-16,SIC,8,5,3,8,ITG,ITG1,19,Sicilia
2023-12-16,CAL,191,95,96,191,ITF,ITF6,18,Calabria
2024-01-09,LIG,916,425,491,916,ITC,ITC3,7,Liguria
2023-11-28,LOM,10672,4933,5739,10672,ITC,ITC4,3,Lombardia
2023-12-05,MOL,68,38,30,68,ITF,ITF2,14,Molise
2023-10-31,PAB,550,258,292,550,ITH,ITH1,4,Provincia Autonoma Bolzano / Bozen
2023-10-23,PAT,145,75,70,145,ITH,ITH2,4,Provincia Autonoma Trento
2023-10-25,VDA,306,139,167,306,ITC,ITC2,2,Valle d'Aosta / Vallée d'Aoste
2023-10-28,FVG,779,403,376,779,ITH,ITH4,6,Friuli-Venezia Giulia
2023-12-09,VEN,666,312,354,666,ITH,ITH3,5,Veneto
2023-10-23,PUG,858,424,434,858,ITF,ITF4,16,Puglia
2023-10-23,CAM,306,167,139,306,ITF,ITF3,15,Campania
2023-11-10,VEN,2766,1338,1428,2766,ITH,ITH3,5,Veneto
2023-12-19,EMR,4579,2237,2342,4579,ITH,ITH5,8,Emilia-Romagna
2023-11-24,VEN,3688,1868,1820,3688,ITH,ITH3,5,Veneto
2023-11-07,MAR,752,362,390,752,ITI,ITI3,11,Marche
2023-11-29,LAZ,4012,1937,2075,4012,ITI,ITI4,12,Lazio
2023-11-21,TOS,5025,2287,2738,5025,ITI,ITI1,9,Toscana
2023-10-11,EMR,54,17,37,54,ITH,ITH5,8,Emilia-Romagna
2023-10-05,LIG,61,18,43,61,ITC,ITC3,7,Liguria
2023-10-28,CAL,12,7,5,12,ITF,ITF6,18,Calabria
2024-01-07,EMR,74,38,36,74,ITH,ITH5,8,Emilia-Romagna
2023-10-14,VEN,1,1,0,1,ITH,ITH3,5,Veneto
2023-10-04,PAT,11,7,4,11,ITH,ITH2,4,Provincia Autonoma Trento
2023-12-02,PAB,1,1,0,1,ITH,ITH1,4,Provincia Autonoma Bolzano / Bozen
2023-10-02,EMR,1,0,1,1,ITH,ITH5,8,Emilia-Romagna
2023-10-30,LAZ,927,452,475,927,ITI,ITI4,12,Lazio
2023-12-12,FVG,1195,580,615,1195,ITH,ITH4,6,Friuli-Venezia Giulia
2023-10-18,FVG,140,77,63,140,ITH,ITH4,6,Friuli-Venezia Giulia
2023-10-25,SAR,213,105,108,213,ITG,ITG2,20,Sardegna
2023-12-16,LAZ,2099,1019,1080,2099,ITI,ITI4,12,Lazio
2023-10-23,MAR,387,192,195,387,ITI,ITI3,11,Marche
2023-10-18,CAM,341,195,146,341,ITF,ITF3,15,Campania
2023-11-03,VDA,196,91,105,196,ITC,ITC2,2,Valle d'Aosta / Vallée d'Aoste
2024-01-08,ABR,89,45,44,89,ITF,ITF1,13,Abruzzo
2023-12-11,LAZ,3337,1587,1750,3337,ITI,ITI4,12,Lazio
2023-12-22,MOL,90,50,40,90,ITF,ITF2,14,Molise
2023-11-29,PIE,2787,1325,1462,2787,ITC,ITC1,1,Piemonte
2023-12-13,SIC,628,333,295,628,ITG,ITG1,19,Sicilia
2023-12-18,LIG,1227,563,664,1227,ITC,ITC3,7,Liguria
2023-11-29,UMB,783,398,385,783,ITI,ITI2,10,Umbria
2023-10-13,EMR,86,35,51,86,ITH,ITH5,8,Emilia-Romagna
2024-01-03,ABR,158,83,75,158,ITF,ITF1,13,Abruzzo
2023-11-17,TOS,6681,3161,3520,6681,ITI,ITI1,9,Toscana
2024-01-03,BAS,91,52,39,91,ITF,ITF5,17,Basilicata
2023-11-22,SIC,219,119,100,219,ITG,ITG1,19,Sicilia
2023-10-14,MAR,49,21,28,49,ITI,ITI3,11,Marche
2024-01-02,UMB,90,39,51,90,ITI,ITI2,10,Umbria
2023-10-25,UMB,39,34,5,39,ITI,ITI2,10,Umbria
2023-10-15,LIG,1,0,1,1,ITC,ITC3,7,Liguria
2023-10-28,MAR,739,376,363,739,ITI,ITI3,11,Marche
2023-11-21,SIC,249,127,122,249,ITG,ITG1,19,Sicilia
2023-10-18,CAL,12,9,3,12,ITF,ITF6,18,Calabria
2023-10-30,MAR,418,201,217,418,ITI,ITI3,11,Marche
2024-01-06,MAR,10,6,4,10,ITI,ITI3,11,Marche
2023-10-02,TOS,286,162,124,286,ITI,ITI1,9,Toscana
2023-11-12,MAR,78,41,37,78,ITI,ITI3,11,Marche
2023-10-20,SIC,33,20,13,33,ITG,ITG1,19,Sicilia
2023-12-28,VEN,2341,1193,1148,2341,ITH,ITH3,5,Veneto
2023-12-25,EMR,10,6,4,10,ITH,ITH5,8,Emilia-Romagna
2023-12-28,SAR,596,275,321,596,ITG,ITG2,20,Sardegna
2023-12-23,PUG,230,108,122,230,ITF,ITF4,16,Puglia
2023-12-18,PAB,112,53,59,112,ITH,ITH1,4,Provincia Autonoma Bolzano / Bozen
2023-12-07,LIG,1744,857,887,1744,ITC,ITC3,7,Liguria
2023-12-23,PAT,10,7,3,10,ITH,ITH2,4,Provincia Autonoma Trento
2023-11-20,PAB,141,63,78,141,ITH,ITH1,4,Provincia Autonoma Bolzano / Bozen
2024-01-02,VEN,228,110,118,228,ITH,ITH3,5,Veneto
2024-01-05,MOL,33,13,20,33,ITF,ITF2,14,Molise
2024-01-10,ABR,129,63,66,129,ITF,ITF1,13,Abruzzo
2023-11-07,MOL,73,41,32,73,ITF,ITF2,14,Molise
2023-10-04,LIG,12,4,8,12,ITC,ITC3,7,Liguria
2023-11-11,MOL,38,5,33,38,ITF,ITF2,14,Molise
2023-10-28,LAZ,716,348,368,716,ITI,ITI4,12,Lazio
2023-12-02,PUG,340,184,156,340,ITF,ITF4,16,Puglia
2023-12-19,PUG,3098,1605,1493,3098,ITF,ITF4,16,Puglia
2023-11-14,CAM,469,283,186,469,ITF,ITF3,15,Campania
2023-12-01,LAZ,3531,1738,1793,3531,ITI,ITI4,12,Lazio
2023-11-27,FVG,750,368,382,750,ITH,ITH4,6,Friuli-Venezia Giulia
2023-11-25,VEN,2216,1080,1136,2216,ITH,ITH3,5,Veneto
2023-12-15,BAS,413,202,211,413,ITF,ITF5,17,Basilicata
2023-10-30,SIC,30,19,11,30,ITG,ITG1,19,Sicilia
2023-10-25,PAB,615,302,313,615,ITH,ITH1,4,Provincia Autonoma Bolzano / Bozen
2023-12-11,SIC,440,250,190,440,ITG,ITG1,19,Sicilia
2023-11-07,BAS,30,20,10,30,ITF,ITF5,17,Basilicata
2024-01-09,CAM,683,381,302,683,ITF,ITF3,15,Campania
2023-12-30,LAZ,1243,655,588,1243,ITI,ITI4,12,Lazio
2024-01-09,FVG,414,205,209,414,ITH,ITH4,6,Friuli-Venezia Giulia
2023-12-23,TOS,651,353,298,651,ITI,ITI1,9,Toscana
2023-12-19,PAT,739,341,398,739,ITH,ITH2,4,Provincia Autonoma Trento
2024-01-02,ABR,98,44,54,98,ITF,ITF1,13,Abruzzo
2023-10-21,MAR,211,103,108,211,ITI,ITI3,11,Marche
2023-10-28,VDA,86,42,44,86,ITC,ITC2,2,Valle d'Aosta / Vallée d'Aoste
2023-11-14,PIE,2876,1337,1539,2876,ITC,ITC1,1,Piemonte
2023-11-25,EMR,1974,977,997,1974,ITH,ITH5,8,Emilia-Romagna
2023-11-02,PUG,1262,645,617,1262,ITF,ITF4,16,Puglia
2023-12-05,PIE,3150,1479,1671,3150,ITC,ITC1,1,Piemonte
2023-11-20,LIG,608,300,308,608,ITC,ITC3,7,Liguria
2023-12-01,MAR,32,10,22,32,ITI,ITI3,11,Marche
2024-01-02,SAR,303,150,153,303,ITG,ITG2,20,Sardegna
2023-12-31,LAZ,421,193,228,421,ITI,ITI4,12,Lazio
2023-11-24,TOS,6627,3119,3508,6627,ITI,ITI1,9,Toscana
2023-11-29,PAB,543,250,293,543,ITH,ITH1,4,Provincia Autonoma Bolzano / Bozen
2023-10-25,VEN,980,348,632,980,ITH,ITH3,5,Veneto
2024-01-02,EMR,866,437,429,866,ITH,ITH5,8,Emilia-Romagna
2023-12-08,SIC,1,1,0,1,ITG,ITG1,19,Sicilia
2023-12-25,LOM,35,17,18,35,ITC,ITC4,3,Lombardia
2023-11-25,PAB,5,1,4,5,ITH,ITH1,4,Provincia Autonoma Bolzano / Bozen
2024-01-04,EMR,1141,539,602,1141,ITH,ITH5,8,Emilia-Romagna
2023-10-26,MAR,190,85,105,190,ITI,ITI3,11,Marche
2023-12-16,LIG,871,435,436,871,ITC,ITC3,7,Liguria
2023-12-04,PAT,551,259,292,551,ITH,ITH2,4,Provincia Autonoma Trento
2023-10-10,TOS,314,152,162,314,ITI,ITI1,9,Toscana
2023-12-14,LAZ,4534,2149,2385,4534,ITI,ITI4,12,Lazio
2023-12-15,ABR,647,343,304,647,ITF,ITF1,13,Abruzzo
2023-12-04,TOS,3167,1520,1647,3167,ITI,ITI1,9,Toscana
2023-12-02,CAL,92,54,38,92,ITF,ITF6,18,Calabria
2023-12-05,CAM,913,480,433,913,ITF,ITF3,15,Campania
2023-12-04,PUG,1651,864,787,1651,ITF,ITF4,16,Puglia
2023-12-07,MOL,159,78,81,159,ITF,ITF2,14,Molise
2023-10-10,PUG,82,33,49,82,ITF,ITF4,16,Puglia
2023-10-26,VDA,117,57,60,117,ITC,ITC2,2,Valle d'Aosta / Vallée d'Aoste
2023-10-25,EMR,4301,2044,2257,4301,ITH,ITH5,8,Emilia-Romagna
2023-11-27,LOM,372,124,248,372,ITC,ITC4,3,Lombardia
2024-01-11,LIG,481,230,251,481,ITC,ITC3,7,Liguria
2023-12-17,BAS,28,24,4,28,ITF,ITF5,17,Basilicata
2023-10-13,SAR,111,56,55,111,ITG,ITG2,20,Sardegna
2023-11-25,UMB,229,100,129,229,ITI,ITI2,10,Umbria
2023-12-02,ABR,135,67,68,135,ITF,ITF1,13,Abruzzo
2023-10-13,VEN,101,29,72,101,ITH,ITH3,5,Veneto
2023-12-20,MOL,271,152,119,271,ITF,ITF2,14,Molise
2023-11-13,MOL,86,52,34,86,ITF,ITF2,14,Molise
2023-12-12,VDA,83,41,42,83,ITC,ITC2,2,Valle d'Aosta / Vallée d'Aoste
2023-11-06,VDA,103,51,52,103,ITC,ITC2,2,Valle d'Aosta / Vallée d'Aoste
2023-12-03,ABR,6,3,3,6,ITF,ITF1,13,Abruzzo
2023-12-02,PAT,2,0,2,2,ITH,ITH2,4,Provincia Autonoma Trento
2023-10-07,LOM,4,2,2,4,ITC,ITC4,3,Lombardia
2023-11-30,VDA,86,41,45,86,ITC,ITC2,2,Valle d'Aosta / Vallée d'Aoste
2024-01-07,PUG,2,0,2,2,ITF,ITF4,16,Puglia
2023-10-05,EMR,1,0,1,1,ITH,ITH5,8,Emilia-Romagna
2023-10-05,ABR,2,1,1,2,ITF,ITF1,13,Abruzzo
2023-11-01,SIC,1,0,1,1,ITG,ITG1,19,Sicilia
2023-12-03,LAZ,82,40,42,82,ITI,ITI4,12,Lazio
2023-11-22,CAL,227,122,105,227,ITF,ITF6,18,Calabria
2023-12-13,PUG,3419,1741,1678,3419,ITF,ITF4,16,Puglia
2024-01-11,FVG,494,239,255,494,ITH,ITH4,6,Friuli-Venezia Giulia
2023-11-26,PUG,22,11,11,22,ITF,ITF4,16,Puglia
2023-10-06,PUG,13,8,5,13,ITF,ITF4,16,Puglia
2023-11-29,TOS,6310,2960,3350,6310,ITI,ITI1,9,Toscana
2024-01-02,LAZ,1292,598,694,1292,ITI,ITI4,12,Lazio
2023-11-21,FVG,1161,563,598,1161,ITH,ITH4,6,Friuli-Venezia Giulia
2023-12-05,LIG,1807,862,945,1807,ITC,ITC3,7,Liguria
2024-01-03,MAR,181,88,93,181,ITI,ITI3,11,Marche
2023-12-22,PAT,355,178,177,355,ITH,ITH2,4,Provincia Autonoma Trento
2023-12-09,LIG,304,152,152,304,ITC,ITC3,7,Liguria
2023-12-17,MAR,47,25,22,47,ITI,ITI3,11,Marche
2023-10-19,SIC,42,25,17,42,ITG,ITG1,19,Sicilia
2023-12-22,PUG,2426,1254,1172,2426,ITF,ITF4,16,Puglia
2024-01-04,PAT,95,45,50,95,ITH,ITH2,4,Provincia Autonoma Trento
2023-12-21,CAL,645,358,287,645,ITF,ITF6,18,Calabria
2023-10-11,PAB,474,257,217,474,ITH,ITH1,4,Provincia Autonoma Bolzano / Bozen
2024-01-05,VDA,5,1,4,5,ITC,ITC2,2,Valle d'Aosta / Vallée d'Aoste
2023-10-22,LAZ,42,21,21,42,ITI,ITI4,12,Lazio
2023-11-28,SAR,553,265,288,553,ITG,ITG2,20,Sardegna
2024-01-04,PUG,1014,506,508,1014,ITF,ITF4,16,Puglia
2023-11-16,CAM,497,263,234,497,ITF,ITF3,15,Campania
2023-11-09,CAM,410,228,182,410,ITF,ITF3,15,Campania
2023-12-12,UMB,874,458,416,874,ITI,ITI2,10,Umbria
2023-12-13,PAT,443,212,231,443,ITH,ITH2,4,Provincia Autonoma Trento
2023-11-01,ABR,1,0,1,1,ITF,ITF1,13,Abruzzo
2023-12-11,CAM,894,484,410,894,ITF,ITF3,15,Campania
2023-11-17,PIE,3110,1506,1604,3110,ITC,ITC1,1,Piemonte
2023-11-21,LOM,9382,4359,5023,9382,ITC,ITC4,3,Lombardia
2023-10-21,FVG,100,43,57,100,ITH,ITH4,6,Friuli-Venezia Giulia
2023-10-29,LAZ,26,11,15,26,ITI,ITI4,12,Lazio
2023-11-30,UMB,806,400,406,806,ITI,ITI2,10,Umbria
2023-11-26,TOS,122,61,61,122,ITI,ITI1,9,Toscana
2023-12-14,MOL,190,102,88,190,ITF,ITF2,14,Molise
2024-01-10,MAR,239,112,127,239,ITI,ITI3,11,Marche
2023-10-27,ABR,125,59,66,125,ITF,ITF1,13,Abruzzo
2023-10-24,PAB,688,334,354,688,ITH,ITH1,4,Provincia Autonoma Bolzano / Bozen
2023-12-18,FVG,781,358,423,781,ITH,ITH4,6,Friuli-Venezia Giulia
2023-10-19,VEN,208,85,123,208,ITH,ITH3,5,Veneto
2023-10-23,LOM,7500,3727,3773,7500,ITC,ITC4,3,Lombardia
2023-10-11,LIG,53,14,39,53,ITC,ITC3,7,Liguria
2023-11-11,CAL,45,22,23,45,ITF,ITF6,18,Calabria
2023-12-04,PAB,105,52,53,105,ITH,ITH1,4,Provincia Autonoma Bolzano / Bozen
2023-10-06,PIE,31,18,13,31,ITC,ITC1,1,Piemonte
2023-12-30,UMB,20,9,11,20,ITI,ITI2,10,Umbria
2023-12-16,PIE,2146,1104,1042,2146,ITC,ITC1,1,Piemonte
2023-12-29,SAR,351,170,181,351,ITG,ITG2,20,Sardegna
2023-11-03,PIE,2431,1208,1223,2431,ITC,ITC1,1,Piemonte
2023-11-17,SAR,491,242,249,491,ITG,ITG2,20,Sardegna
2023-12-24,PUG,37,23,14,37,ITF,ITF4,16,Puglia
2023-12-07,LOM,8257,4003,4254,8257,ITC,ITC4,3,Lombardia
2023-11-20,PAT,417,192,225,417,ITH,ITH2,4,Provincia Autonoma Trento
2023-10-26,VEN,1009,465,544,1009,ITH,ITH3,5,Veneto
2023-10-20,CAM,191,104,87,191,ITF,ITF3,15,Campania
2023-12-26,VDA,6,4,2,6,ITC,ITC2,2,Valle d'Aosta / Vallée d'Aoste
2024-01-10,SIC,390,208,182,390,ITG,ITG1,19,Sicilia
2023-11-03,ABR,195,93,102,195,ITF,ITF1,13,Abruzzo
2023-10-10,SAR,54,32,22,54,ITG,ITG2,20,Sardegna
2024-01-08,VDA,6,4,2,6,ITC,ITC2,2,Valle d'Aosta / Vallée d'Aoste
2023-11-14,LAZ,2264,1097,1167,2264,ITI,ITI4,12,Lazio
2023-12-01,FVG,1010,477,533,1010,ITH,ITH4,6,Friuli-Venezia Giulia
2023-10-19,EMR,1943,967,976,1943,ITH,ITH5,8,Emilia-Romagna
2023-10-23,SAR,128,69,59,128,ITG,ITG2,20,Sardegna
2023-10-04,LOM,287,138,149,287,ITC,ITC4,3,Lombardia
2023-12-11,PAT,652,319,333,652,ITH,ITH2,4,Provincia Autonoma Trento
2024-01-06,LOM,28,13,15,28,ITC,ITC4,3,Lombardia
2023-10-30,ABR,130,68,62,130,ITF,ITF1,13,Abruzzo
2024-01-04,TOS,1312,608,704,1312,ITI,ITI1,9,Toscana
2023-11-22,PIE,3050,1440,1610,3050,ITC,ITC1,1,Piemonte
2023-11-15,CAM,427,243,184,427,ITF,ITF3,15,Campania
2023-11-15,PUG,2091,1037,1054,2091,ITF,ITF4,16,Puglia
2023-10-12,CAM,233,130,103,233,ITF,ITF3,15,Campania
2023-12-14,BAS,325,168,157,325,ITF,ITF5,17,Basilicata
2023-11-24,LOM,10858,5064,5794,10858,ITC,ITC4,3,Lombardia
2023-12-06,BAS,166,88,78,166,ITF,ITF5,17,Basilicata
2024-01-05,MAR,246,129,117,246,ITI,ITI3,11,Marche
2023-10-07,TOS,241,137,104,241,ITI,ITI1,9,Toscana
2023-10-16,LIG,141,43,98,141,ITC,ITC3,7,Liguria
2023-12-06,CAL,345,201,144,345,ITF,ITF6,18,Calabria
2023-11-15,PAT,544,277,267,544,ITH,ITH2,4,Provincia Autonoma Trento
2023-10-31,SAR,183,81,102,183,ITG,ITG2,20,Sardegna
2023-10-26,EMR,4229,2009,2220,4229,ITH,ITH5,8,Emilia-Romagna
2023-12-21,PIE,3880,1910,1970,3880,ITC,ITC1,1,Piemonte
2024-01-11,LOM,2838,1309,1529,2838,ITC,ITC4,3,Lombardia
2024-01-09,LAZ,2206,1065,1141,2206,ITI,ITI4,12,Lazio
2023-12-06,PIE,3048,1443,1605,3048,ITC,ITC1,1,Piemonte
2023-11-16,BAS,37,17,20,37,ITF,ITF5,17,Basilicata
2023-10-20,PUG,770,400,370,770,ITF,ITF4,16,Puglia
2023-10-04,FVG,43,24,19,43,ITH,ITH4,6,Friuli-Venezia Giulia
2023-10-14,LOM,8,3,5,8,ITC,ITC4,3,Lombardia
2024-01-11,CAL,102,50,52,102,ITF,ITF6,18,Calabria
2023-10-17,FVG,396,203,193,396,ITH,ITH4,6,Friuli-Venezia Giulia
2023-11-21,CAL,339,191,148,339,ITF,ITF6,18,Calabria
2023-10-27,UMB,390,193,197,390,ITI,ITI2,10,Umbria
2023-12-01,CAL,158,92,66,158,ITF,ITF6,18,Calabria
2023-10-20,PAT,344,159,185,344,ITH,ITH2,4,Provincia Autonoma Trento
2023-12-16,BAS,170,92,78,170,ITF,ITF5,17,Basilicata
2023-11-23,UMB,821,397,424,821,ITI,ITI2,10,Umbria
2023-12-03,TOS,29,9,20,29,ITI,ITI1,9,Toscana
2023-10-09,MOL,10,6,4,10,ITF,ITF2,14,Molise
2023-10-19,ABR,124,76,48,124,ITF,ITF1,13,Abruzzo
2023-11-13,MAR,475,229,246,475,ITI,ITI3,11,Marche
2023-12-20,PIE,3045,1510,1535,3045,ITC,ITC1,1,Piemonte
2023-12-09,CAL,44,26,18,44,ITF,ITF6,18,Calabria
2023-10-23,MOL,37,14,23,37,ITF,ITF2,14,Molise
2023-11-30,MAR,32,19,13,32,ITI,ITI3,11,Marche
2023-12-31,VEN,131,60,71,131,ITH,ITH3,5,Veneto
2024-01-04,SIC,515,282,233,515,ITG,ITG1,19,Sicilia
2023-11-04,CAM,89,50,39,89,ITF,ITF3,15,Campania
2023-12-08,BAS,19,10,9,19,ITF,ITF5,17,Basilicata
2023-11-01,VEN,12,4,8,12,ITH,ITH3,5,Veneto
2023-12-13,BAS,312,180,132,312,ITF,ITF5,17,Basilicata
2023-10-13,CAM,128,61,67,128,ITF,ITF3,15,Campania
2023-11-27,VEN,2459,1170,1289,2459,ITH,ITH3,5,Veneto
2023-12-18,VEN,3365,1688,1677,3365,ITH,ITH3,5,Veneto
2023-10-26,FVG,850,422,428,850,ITH,ITH4,6,Friuli-Venezia Giulia
2023-11-11,EMR,3408,1657,1751,3408,ITH,ITH5,8,Emilia-Romagna
2023-11-09,CAL,122,64,58,122,ITF,ITF6,18,Calabria
2023-12-13,ABR,479,257,222,479,ITF,ITF1,13,Abruzzo
2023-10-05,FVG,29,11,18,29,ITH,ITH4,6,Friuli-Venezia Giulia
2023-12-01,EMR,5486,2592,2894,5486,ITH,ITH5,8,Emilia-Romagna
2023-12-04,LAZ,2802,1333,1469,2802,ITI,ITI4,12,Lazio
2023-11-02,PIE,1548,750,798,1548,ITC,ITC1,1,Piemonte
2023-11-21,LAZ,2397,1193,1204,2397,ITI,ITI4,12,Lazio
2024-01-11,EMR,1183,563,620,1183,ITH,ITH5,8,Emilia-Romagna
2023-11-08,LOM,11414,5233,6181,11414,ITC,ITC4,3,Lombardia
2023-12-12,PUG,2856,1434,1422,2856,ITF,ITF4,16,Puglia
2023-12-08,LAZ,330,168,162,330,ITI,ITI4,12,Lazio
2023-11-10,BAS,12,6,6,12,ITF,ITF5,17,Basilicata
2023-12-01,PAB,266,134,132,266,ITH,ITH1,4,Provincia Autonoma Bolzano / Bozen
2023-10-31,VDA,152,75,77,152,ITC,ITC2,2,Valle d'Aosta / Vallée d'Aoste
2023-11-22,LAZ,2390,1149,1241,2390,ITI,ITI4,12,Lazio
2023-11-13,TOS,3858,1803,2055,3858,ITI,ITI1,9,Toscana
2023-11-14,VDA,105,49,56,105,ITC,ITC2,2,Valle d'Aosta / Vallée d'Aoste
2023-10-21,VEN,49,21,28,49,ITH,ITH3,5,Veneto
2023-10-31,CAM,125,57,68,125,ITF,ITF3,15,Campania
2023-11-05,UMB,137,72,65,137,ITI,ITI2,10,Umbria
2023-12-18,LOM,10321,5102,5219,10321,ITC,ITC4,3,Lombardia
2024-01-09,EMR,1291,625,666,1291,ITH,ITH5,8,Emilia-Romagna
2023-10-31,MAR,607,296,311,607,ITI,ITI3,11,Marche
2023-12-13,VDA,104,41,63,104,ITC,ITC2,2,Valle d'Aosta / Vallée d'Aoste
2023-11-26,BAS,3,2,1,3,ITF,ITF5,17,Basilicata
2023-11-03,PAT,357,173,184,357,ITH,ITH2,4,Provincia Autonoma Trento
2023-10-25,MAR,530,265,265,530,ITI,ITI3,11,Marche
2023-11-13,SAR,354,183,171,354,ITG,ITG2,20,Sardegna
2023-12-22,UMB,991,506,485,991,ITI,ITI2,10,Umbria
2023-11-03,SIC,70,39,31,70,ITG,ITG1,19,Sicilia
2023-12-03,SIC,157,80,77,157,ITG,ITG1,19,Sicilia
2023-12-19,MAR,1022,511,511,1022,ITI,ITI3,11,Marche
2024-01-05,PUG,788,381,407,788,ITF,ITF4,16,Puglia
2023-10-21,PUG,221,101,120,221,ITF,ITF4,16,Puglia
2023-11-09,SAR,303,160,143,303,ITG,ITG2,20,Sardegna
2023-10-06,VDA,18,10,8,18,ITC,ITC2,2,Valle d'Aosta / Vallée d'Aoste
2023-10-17,VEN,164,61,103,164,ITH,ITH3,5,Veneto
2023-11-23,MAR,51,21,30,51,ITI,ITI3,11,Marche
2023-12-13,PIE,3130,1473,1657,3130,ITC,ITC1,1,Piemonte
2023-12-12,VEN,3318,1621,1697,3318,ITH,ITH3,5,Veneto
2023-11-21,VEN,3096,1499,1597,3096,ITH,ITH3,5,Veneto
2023-11-03,PUG,1621,837,784,1621,ITF,ITF4,16,Puglia
2024-01-04,FVG,430,206,224,430,ITH,ITH4,6,Friuli-Venezia Giulia
2024-01-02,SIC,211,115,96,211,ITG,ITG1,19,Sicilia
2023-11-24,BAS,63,33,30,63,ITF,ITF5,17,Basilicata
2023-12-27,BAS,159,81,78,159,ITF,ITF5,17,Basilicata
2023-12-01,TOS,5686,2636,3050,5686,ITI,ITI1,9,Toscana
2023-12-12,SIC,674,364,310,674,ITG,ITG1,19,Sicilia
2023-11-29,CAL,192,115,77,192,ITF,ITF6,18,Calabria
2023-11-26,VDA,3,0,3,3,ITC,ITC2,2,Valle d'Aosta / Vallée d'Aoste
2023-11-22,TOS,6305,2915,3390,6305,ITI,ITI1,9,Toscana
2023-12-31,PUG,1,0,1,1,ITF,ITF4,16,Puglia
2023-10-12,PIE,105,50,55,105,ITC,ITC1,1,Piemonte
2023-11-05,TOS,192,100,92,192,ITI,ITI1,9,Toscana
2023-10-11,SAR,89,42,47,89,ITG,ITG2,20,Sardegna
2024-01-02,CAL,105,67,38,105,ITF,ITF6,18,Calabria
2023-12-16,PUG,627,315,312,627,ITF,ITF4,16,Puglia
2023-11-23,SIC,259,143,116,259,ITG,ITG1,19,Sicilia
2023-10-18,PAB,625,301,324,625,ITH,ITH1,4,Provincia Autonoma Bolzano / Bozen
2023-10-01,LOM,2772,1464,1308,2772,ITC,ITC4,3,Lombardia
2024-01-07,PIE,4,1,3,4,ITC,ITC1,1,Piemonte
2023-12-02,CAM,159,91,68,159,ITF,ITF3,15,Campania
2023-11-10,PIE,3356,1627,1729,3356,ITC,ITC1,1,Piemonte
2023-12-28,LAZ,3495,1743,1752,3495,ITI,ITI4,12,Lazio
2023-11-26,PIE,56,27,29,56,ITC,ITC1,1,Piemonte
2023-11-12,LOM,1023,487,536,1023,ITC,ITC4,3,Lombardia
2023-12-16,PAT,1278,607,671,1278,ITH,ITH2,4,Provincia Autonoma Trento
2023-11-23,VEN,3434,1740,1694,3434,ITH,ITH3,5,Veneto
2023-11-18,CAL,34,21,13,34,ITF,ITF6,18,Calabria
2023-12-22,SAR,606,313,293,606,ITG,ITG2,20,Sardegna
2023-12-27,LAZ,2127,1060,1067,2127,ITI,ITI4,12,Lazio
2023-10-24,MAR,572,298,274,572,ITI,ITI3,11,Marche
2023-12-05,TOS,4259,1962,2297,4259,ITI,ITI1,9,Toscana
2023-11-29,LIG,1373,662,711,1373,ITC,ITC3,7,Liguria
2023-11-06,CAM,337,195,142,337,ITF,ITF3,15,Campania
2023-12-24,PIE,11,4,7,11,ITC,ITC1,1,Piemonte
2023-12-02,VDA,6,3,3,6,ITC,ITC2,2,Valle d'Aosta / Vallée d'Aoste
2023-11-25,MAR,10,2,8,10,ITI,ITI3,11,Marche
2024-01-11,MOL,7,2,5,7,ITF,ITF2,14,Molise
2023-10-21,SIC,7,3,4,7,ITG,ITG1,19,Sicilia
2023-11-20,BAS,5,1,4,5,ITF,ITF5,17,Basilicata
2023-10-21,PAT,65,35,30,65,ITH,ITH2,4,Provincia Autonoma Trento
2023-11-05,PAB,6,2,4,6,ITH,ITH1,4,Provincia Autonoma Bolzano / Bozen
2023-12-31,SIC,6,2,4,6,ITG,ITG1,19,Sicilia
2023-12-19,VDA,44,21,23,44,ITC,ITC2,2,Valle d'Aosta / Vallée d'Aoste
2023-12-03,CAL,3,2,1,3,ITF,ITF6,18,Calabria
2023-12-24,ABR,1,1,0,1,ITF,ITF1,13,Abruzzo
2023-11-14,MOL,31,19,12,31,ITF,ITF2,14,Molise
2023-12-02,MOL,37,20,17,37,ITF,ITF2,14,Molise
2023-10-23,ABR,114,56,58,114,ITF,ITF1,13,Abruzzo
2023-12-31,BAS,7,4,3,7,ITF,ITF5,17,Basilicata
2023-10-02,ABR,2,2,0,2,ITF,ITF1,13,Abruzzo
2024-01-01,FVG,1,1,0,1,ITH,ITH4,6,Friuli-Venezia Giulia
2023-09-25,ABR,1,0,1,1,ITF,ITF1,13,Abruzzo
2023-12-23,MOL,1,0,1,1,ITF,ITF2,14,Molise
2023-12-03,MAR,1,0,1,1,ITI,ITI3,11,Marche
2023-11-29,CAM,646,352,294,646,ITF,ITF3,15,Campania
2023-12-13,PAB,212,92,120,212,ITH,ITH1,4,Provincia Autonoma Bolzano / Bozen
2023-12-13,MOL,226,128,98,226,ITF,ITF2,14,Molise
2023-10-06,LIG,61,21,40,61,ITC,ITC3,7,Liguria
2023-11-20,UMB,374,185,189,374,ITI,ITI2,10,Umbria
2023-12-27,SAR,292,150,142,292,ITG,ITG2,20,Sardegna
2024-01-08,CAL,108,62,46,108,ITF,ITF6,18,Calabria
2023-12-28,UMB,414,199,215,414,ITI,ITI2,10,Umbria
2023-11-20,SAR,401,207,194,401,ITG,ITG2,20,Sardegna
2023-11-30,TOS,7334,3454,3880,7334,ITI,ITI1,9,Toscana
2023-12-09,MAR,193,98,95,193,ITI,ITI3,11,Marche
2023-10-24,SIC,86,50,36,86,ITG,ITG1,19,Sicilia
2023-12-24,EMR,31,17,14,31,ITH,ITH5,8,Emilia-Romagna
2023-11-17,MAR,53,25,28,53,ITI,ITI3,11,Marche
2023-11-10,PUG,1919,1008,911,1919,ITF,ITF4,16,Puglia
2023-11-15,UMB,909,473,436,909,ITI,ITI2,10,Umbria
2023-12-06,LAZ,4850,2298,2552,4850,ITI,ITI4,12,Lazio
2023-10-19,TOS,2347,1117,1230,2347,ITI,ITI1,9,Toscana
2023-10-16,CAL,17,11,6,17,ITF,ITF6,18,Calabria
2023-10-18,VDA,147,70,77,147,ITC,ITC2,2,Valle d'Aosta / Vallée d'Aoste
2023-12-01,MOL,126,74,52,126,ITF,ITF2,14,Molise
2023-12-13,VEN,4268,2113,2155,4268,ITH,ITH3,5,Veneto
2023-11-04,LOM,5671,2725,2946,5671,ITC,ITC4,3,Lombardia
2024-01-05,CAM,534,297,237,534,ITF,ITF3,15,Campania
2023-10-20,MOL,35,13,22,35,ITF,ITF2,14,Molise
2023-11-10,PAT,589,270,319,589,ITH,ITH2,4,Provincia Autonoma Trento
2023-12-05,FVG,1097,515,582,1097,ITH,ITH4,6,Friuli-Venezia Giulia
2023-12-27,UMB,1695,917,778,1695,ITI,ITI2,10,Umbria
2023-11-17,VDA,162,74,88,162,ITC,ITC2,2,Valle d'Aosta / Vallée d'Aoste
2023-12-27,VEN,1054,524,530,1054,ITH,ITH3,5,Veneto
2023-12-28,PIE,2153,1038,1115,2153,ITC,ITC1,1,Piemonte
2024-01-05,CAL,118,68,50,118,ITF,ITF6,18,Calabria
2023-10-27,LIG,615,256,359,615,ITC,ITC3,7,Liguria
2023-12-12,MAR,759,381,378,759,ITI,ITI3,11,Marche
2023-10-23,SIC,38,22,16,38,ITG,ITG1,19,Sicilia
2023-12-25,PUG,4,1,3,4,ITF,ITF4,16,Puglia
2023-10-22,PIE,8,3,5,8,ITC,ITC1,1,Piemonte
2023-11-25,BAS,76,36,40,76,ITF,ITF5,17,Basilicata
2023-10-31,TOS,2478,1109,1369,2478,ITI,ITI1,9,Toscana
2023-10-16,PUG,283,146,137,283,ITF,ITF4,16,Puglia
2023-11-23,LAZ,2406,1242,1164,2406,ITI,ITI4,12,Lazio
2023-10-03,TOS,132,64,68,132,ITI,ITI1,9,Toscana
2023-11-25,ABR,73,32,41,73,ITF,ITF1,13,Abruzzo
2023-12-14,TOS,7039,3318,3721,7039,ITI,ITI1,9,Toscana
2023-11-23,TOS,8127,3840,4287,8127,ITI,ITI1,9,Toscana
2023-11-06,TOS,3929,1899,2030,3929,ITI,ITI1,9,Toscana
2023-12-11,MOL,179,108,71,179,ITF,ITF2,14,Molise
2023-12-13,SAR,1176,615,561,1176,ITG,ITG2,20,Sardegna
2023-10-24,LAZ,1006,518,488,1006,ITI,ITI4,12,Lazio
2023-12-20,VEN,4113,1972,2141,4113,ITH,ITH3,5,Veneto
2023-12-18,UMB,302,144,158,302,ITI,ITI2,10,Umbria
2023-12-09,LAZ,960,470,490,960,ITI,ITI4,12,Lazio
2023-11-07,CAL,114,68,46,114,ITF,ITF6,18,Calabria
2023-11-20,MOL,102,59,43,102,ITF,ITF2,14,Molise
2023-12-31,TOS,46,22,24,46,ITI,ITI1,9,Toscana
2024-01-05,LOM,2272,1084,1188,2272,ITC,ITC4,3,Lombardia
2023-11-15,PAB,575,290,285,575,ITH,ITH1,4,Provincia Autonoma Bolzano / Bozen
2023-11-20,VEN,2361,1179,1182,2361,ITH,ITH3,5,Veneto
2023-12-22,EMR,3645,1897,1748,3645,ITH,ITH5,8,Emilia-Romagna
2024-01-09,CAL,240,127,113,240,ITF,ITF6,18,Calabria
2023-10-25,ABR,188,92,96,188,ITF,ITF1,13,Abruzzo
2023-11-14,FVG,1416,716,700,1416,ITH,ITH4,6,Friuli-Venezia Giulia
2023-12-13,UMB,987,483,504,987,ITI,ITI2,10,Umbria
2023-12-08,EMR,146,59,87,146,ITH,ITH5,8,Emilia-Romagna
2023-12-28,LOM,5250,2498,2752,5250,ITC,ITC4,3,Lombardia
2023-11-03,MAR,830,430,400,830,ITI,ITI3,11,Marche
2023-11-07,VEN,1952,865,1087,1952,ITH,ITH3,5,Veneto
2023-10-13,LOM,521,203,318,521,ITC,ITC4,3,Lombardia
2023-11-10,TOS,6804,3215,3589,6804,ITI,ITI1,9,Toscana
2023-11-04,EMR,2910,1419,1491,2910,ITH,ITH5,8,Emilia-Romagna
2023-12-27,PAB,50,29,21,50,ITH,ITH1,4,Provincia Autonoma Bolzano / Bozen
2023-12-28,PAB,6,2,4,6,ITH,ITH1,4,Provincia Autonoma Bolzano / Bozen
2023-12-16,MOL,563,292,271,563,ITF,ITF2,14,Molise
2023-12-06,SIC,478,253,225,478,ITG,ITG1,19,Sicilia
2023-12-30,TOS,383,199,184,383,ITI,ITI1,9,Toscana
2023-11-02,PAT,515,259,256,515,ITH,ITH2,4,Provincia Autonoma Trento
2023-12-20,BAS,502,258,244,502,ITF,ITF5,17,Basilicata
2024-01-09,LOM,3192,1478,1714,3192,ITC,ITC4,3,Lombardia
2023-12-20,SAR,1098,552,546,1098,ITG,ITG2,20,Sardegna
2023-12-21,SIC,1221,653,568,1221,ITG,ITG1,19,Sicilia
2023-12-18,EMR,3530,1764,1766,3530,ITH,ITH5,8,Emilia-Romagna
2024-01-02,BAS,105,57,48,105,ITF,ITF5,17,Basilicata
2023-11-26,VEN,63,30,33,63,ITH,ITH3,5,Veneto
2023-10-16,PIE,189,110,79,189,ITC,ITC1,1,Piemonte
2023-12-18,MOL,238,128,110,238,ITF,ITF2,14,Molise
2023-12-07,SAR,928,489,439,928,ITG,ITG2,20,Sardegna
2023-12-07,VEN,3231,1577,1654,3231,ITH,ITH3,5,Veneto
2023-11-15,LIG,1036,523,513,1036,ITC,ITC3,7,Liguria
2023-11-16,LIG,1034,517,517,1034,ITC,ITC3,7,Liguria
2023-10-09,TOS,490,257,233,490,ITI,ITI1,9,Toscana
2023-12-07,EMR,3565,1681,1884,3565,ITH,ITH5,8,Emilia-Romagna
2023-11-01,LIG,81,9,72,81,ITC,ITC3,7,Liguria
2023-10-15,PAB,8,4,4,8,ITH,ITH1,4,Provincia Autonoma Bolzano / Bozen
2023-11-26,UMB,10,3,7,10,ITI,ITI2,10,Umbria
2024-01-05,PIE,1042,510,532,1042,ITC,ITC1,1,Piemonte
2023-11-22,MOL,143,80,63,143,ITF,ITF2,14,Molise
2023-11-26,PAB,1,1,0,1,ITH,ITH1,4,Provincia Autonoma Bolzano / Bozen
2023-12-22,PAB,25,13,12,25,ITH,ITH1,4,Provincia Autonoma Bolzano / Bozen
2023-11-01,UMB,15,8,7,15,ITI,ITI2,10,Umbria
2023-12-04,VDA,16,7,9,16,ITC,ITC2,2,Valle d'Aosta / Vallée d'Aoste
2023-12-23,VDA,3,2,1,3,ITC,ITC2,2,Valle d'Aosta / Vallée d'Aoste
2023-09-29,VDA,6,2,4,6,ITC,ITC2,2,Valle d'Aosta / Vallée d'Aoste
2023-10-22,CAM,3,1,2,3,ITF,ITF3,15,Campania
2023-12-25,CAL,1,1,0,1,ITF,ITF6,18,Calabria
2023-09-29,TOS,3,0,3,3,ITI,ITI1,9,Toscana
2023-10-29,FVG,9,4,5,9,ITH,ITH4,6,Friuli-Venezia Giulia
2023-10-29,PAT,1,0,1,1,ITH,ITH2,4,Provincia Autonoma Trento
2023-12-26,PUG,7,6,1,7,ITF,ITF4,16,Puglia
2023-12-08,LIG,2,1,1,2,ITC,ITC3,7,Liguria
2023-12-30,LIG,421,219,202,421,ITC,ITC3,7,Liguria
2023-12-15,EMR,6566,3288,3278,6566,ITH,ITH5,8,Emilia-Romagna
2023-12-21,MAR,1484,800,684,1484,ITI,ITI3,11,Marche
2023-12-04,MAR,547,271,276,547,ITI,ITI3,11,Marche
2023-11-16,PIE,2988,1411,1577,2988,ITC,ITC1,1,Piemonte
2023-12-13,LIG,1851,886,965,1851,ITC,ITC3,7,Liguria
2024-01-05,SAR,515,285,230,515,ITG,ITG2,20,Sardegna
2023-12-05,SIC,529,280,249,529,ITG,ITG1,19,Sicilia
2024-01-10,PIE,1019,493,526,1019,ITC,ITC1,1,Piemonte
2023-11-04,FVG,159,76,83,159,ITH,ITH4,6,Friuli-Venezia Giulia
2023-10-15,LOM,3,2,1,3,ITC,ITC4,3,Lombardia
2024-01-01,EMR,19,10,9,19,ITH,ITH5,8,Emilia-Romagna
2023-10-19,CAL,23,12,11,23,ITF,ITF6,18,Calabria
2023-12-06,SAR,678,357,321,678,ITG,ITG2,20,Sardegna
2023-11-01,LOM,1247,550,697,1247,ITC,ITC4,3,Lombardia
2023-11-20,EMR,3912,1871,2041,3912,ITH,ITH5,8,Emilia-Romagna
2023-12-04,MOL,168,99,69,168,ITF,ITF2,14,Molise
2023-10-09,PIE,85,35,50,85,ITC,ITC1,1,Piemonte
2023-12-18,ABR,452,235,217,452,ITF,ITF1,13,Abruzzo
2023-11-12,PIE,54,26,28,54,ITC,ITC1,1,Piemonte
2023-12-05,VEN,4022,1976,2046,4022,ITH,ITH3,5,Veneto
2023-10-27,PAB,352,171,181,352,ITH,ITH1,4,Provincia Autonoma Bolzano / Bozen
2023-10-16,VEN,159,73,86,159,ITH,ITH3,5,Veneto
2023-12-16,VDA,72,36,36,72,ITC,ITC2,2,Valle d'Aosta / Vallée d'Aoste
2024-01-08,VEN,861,450,411,861,ITH,ITH3,5,Veneto
2024-01-11,CAM,363,201,162,363,ITF,ITF3,15,Campania
2023-12-07,CAM,884,496,388,884,ITF,ITF3,15,Campania
2023-11-30,CAM,658,374,284,658,ITF,ITF3,15,Campania
2023-10-18,UMB,18,9,9,18,ITI,ITI2,10,Umbria
2023-12-08,TOS,21,7,14,21,ITI,ITI1,9,Toscana
2023-11-06,LIG,480,239,241,480,ITC,ITC3,7,Liguria
2023-11-15,PIE,2826,1304,1522,2826,ITC,ITC1,1,Piemonte
2023-12-12,PAT,629,286,343,629,ITH,ITH2,4,Provincia Autonoma Trento
2023-10-12,LAZ,144,77,67,144,ITI,ITI4,12,Lazio
2023-11-23,PAT,578,264,314,578,ITH,ITH2,4,Provincia Autonoma Trento
2023-11-25,CAL,28,11,17,28,ITF,ITF6,18,Calabria
2024-01-09,UMB,190,97,93,190,ITI,ITI2,10,Umbria
2023-12-02,LOM,6136,3043,3093,6136,ITC,ITC4,3,Lombardia
2024-01-10,TOS,937,446,491,937,ITI,ITI1,9,Toscana
2023-12-19,LOM,10682,5247,5435,10682,ITC,ITC4,3,Lombardia
2023-10-14,LAZ,13,8,5,13,ITI,ITI4,12,Lazio
2023-10-30,EMR,3282,1516,1766,3282,ITH,ITH5,8,Emilia-Romagna
2023-11-07,FVG,1265,603,662,1265,ITH,ITH4,6,Friuli-Venezia Giulia
2023-12-09,CAM,304,172,132,304,ITF,ITF3,15,Campania
2023-11-11,CAM,95,58,37,95,ITF,ITF3,15,Campania
2023-12-21,ABR,581,320,261,581,ITF,ITF1,13,Abruzzo
2023-12-25,VDA,1,1,0,1,ITC,ITC2,2,Valle d'Aosta / Vallée d'Aoste
2023-10-20,PIE,831,421,410,831,ITC,ITC1,1,Piemonte
2023-11-12,ABR,28,15,13,28,ITF,ITF1,13,Abruzzo
2024-01-05,PAT,53,31,22,53,ITH,ITH2,4,Provincia Autonoma Trento
2023-10-30,TOS,2473,1165,1308,2473,ITI,ITI1,9,Toscana
2023-12-14,SAR,1111,590,521,1111,ITG,ITG2,20,Sardegna
2023-11-13,CAL,93,49,44,93,ITF,ITF6,18,Calabria
2023-12-17,LOM,1004,489,515,1004,ITC,ITC4,3,Lombardia
2023-12-01,UMB,915,445,470,915,ITI,ITI2,10,Umbria
2023-12-23,CAL,59,37,22,59,ITF,ITF6,18,Calabria
2023-10-06,SAR,50,24,26,50,ITG,ITG2,20,Sardegna
2023-12-24,BAS,58,28,30,58,ITF,ITF5,17,Basilicata
2023-12-14,FVG,1391,696,695,1391,ITH,ITH4,6,Friuli-Venezia Giulia
2023-10-17,PAT,213,69,144,213,ITH,ITH2,4,Provincia Autonoma Trento
2023-11-15,BAS,28,15,13,28,ITF,ITF5,17,Basilicata
2023-12-19,LIG,2199,1070,1129,2199,ITC,ITC3,7,Liguria
2023-10-27,EMR,4849,2307,2542,4849,ITH,ITH5,8,Emilia-Romagna
2023-12-27,TOS,1739,839,900,1739,ITI,ITI1,9,Toscana
2023-10-11,CAM,174,95,79,174,ITF,ITF3,15,Campania
2023-10-17,PUG,262,148,114,262,ITF,ITF4,16,Puglia
2023-12-28,MOL,62,35,27,62,ITF,ITF2,14,Molise
2023-12-20,PUG,2841,1454,1387,2841,ITF,ITF4,16,Puglia
2023-11-11,LOM,5997,2865,3132,5997,ITC,ITC4,3,Lombardia
2023-11-07,SIC,99,56,43,99,ITG,ITG1,19,Sicilia
2023-10-25,CAL,30,16,14,30,ITF,ITF6,18,Calabria
2024-01-09,PAB,24,9,15,24,ITH,ITH1,4,Provincia Autonoma Bolzano / Bozen
2023-12-11,VEN,2457,1237,1220,2457,ITH,ITH3,5,Veneto
2023-11-23,PUG,2010,983,1027,2010,ITF,ITF4,16,Puglia
2023-11-19,LAZ,57,32,25,57,ITI,ITI4,12,Lazio
2023-12-20,PAT,398,186,212,398,ITH,ITH2,4,Provincia Autonoma Trento
2023-11-08,ABR,211,98,113,211,ITF,ITF1,13,Abruzzo
2023-10-31,LOM,4702,2148,2554,4702,ITC,ITC4,3,Lombardia
2023-10-26,MOL,9,4,5,9,ITF,ITF2,14,Molise
2024-01-03,TOS,1196,560,636,1196,ITI,ITI1,9,Toscana
2023-12-19,CAM,1959,1031,928,1959,ITF,ITF3,15,Campania
2023-10-31,LIG,1062,481,581,1062,ITC,ITC3,7,Liguria
2023-11-13,SIC,103,63,40,103,ITG,ITG1,19,Sicilia
2023-12-21,VDA,15,10,5,15,ITC,ITC2,2,Valle d'Aosta / Vallée d'Aoste
2023-10-18,LAZ,494,255,239,494,ITI,ITI4,12,Lazio
2023-11-14,LOM,10348,4703,5645,10348,ITC,ITC4,3,Lombardia
2023-11-18,CAM,83,40,43,83,ITF,ITF3,15,Campania
2023-11-22,MAR,56,22,34,56,ITI,ITI3,11,Marche
2023-12-17,ABR,9,6,3,9,ITF,ITF1,13,Abruzzo
2023-11-30,LIG,1494,728,766,1494,ITC,ITC3,7,Liguria
2023-10-28,PIE,880,440,440,880,ITC,ITC1,1,Piemonte
2023-11-21,MAR,661,318,343,661,ITI,ITI3,11,Marche
2023-12-06,VDA,121,62,59,121,ITC,ITC2,2,Valle d'Aosta / Vallée d'Aoste
2023-10-04,CAM,30,20,10,30,ITF,ITF3,15,Campania
2024-01-06,VEN,4,3,1,4,ITH,ITH3,5,Veneto
2023-10-25,SIC,42,26,16,42,ITG,ITG1,19,Sicilia
2023-10-29,PAB,1,0,1,1,ITH,ITH1,4,Provincia Autonoma Bolzano / Bozen
2023-10-09,ABR,7,4,3,7,ITF,ITF1,13,Abruzzo
2023-10-24,MOL,36,12,24,36,ITF,ITF2,14,Molise
2023-11-25,SIC,15,9,6,15,ITG,ITG1,19,Sicilia
2023-12-26,CAM,3,1,2,3,ITF,ITF3,15,Campania
2024-01-03,VDA,75,38,37,75,ITC,ITC2,2,Valle d'Aosta / Vallée d'Aoste
2023-12-01,ABR,268,144,124,268,ITF,ITF1,13,Abruzzo
2023-12-16,ABR,179,90,89,179,ITF,ITF1,13,Abruzzo
2023-11-11,FVG,818,383,435,818,ITH,ITH4,6,Friuli-Venezia Giulia
2023-10-05,LAZ,47,24,23,47,ITI,ITI4,12,Lazio
2023-11-20,PUG,1168,600,568,1168,ITF,ITF4,16,Puglia
2023-10-21,ABR,36,17,19,36,ITF,ITF1,13,Abruzzo
2023-10-02,LOM,145,63,82,145,ITC,ITC4,3,Lombardia
2023-12-09,UMB,157,84,73,157,ITI,ITI2,10,Umbria
2023-10-30,LOM,8283,3960,4323,8283,ITC,ITC4,3,Lombardia
2023-11-08,MOL,111,65,46,111,ITF,ITF2,14,Molise
2023-10-13,VDA,77,35,42,77,ITC,ITC2,2,Valle d'Aosta / Vallée d'Aoste
2024-01-10,VDA,61,31,30,61,ITC,ITC2,2,Valle d'Aosta / Vallée d'Aoste
2023-10-18,MOL,27,14,13,27,ITF,ITF2,14,Molise
2023-12-09,PAB,6,2,4,6,ITH,ITH1,4,Provincia Autonoma Bolzano / Bozen
2023-11-19,MAR,6,1,5,6,ITI,ITI3,11,Marche
2024-01-01,CAM,3,3,0,3,ITF,ITF3,15,Campania
2023-12-10,UMB,2,0,2,2,ITI,ITI2,10,Umbria
2024-01-06,ABR,2,1,1,2,ITF,ITF1,13,Abruzzo
2023-10-09,MAR,6,1,5,6,ITI,ITI3,11,Marche
2023-09-28,TOS,1,0,1,1,ITI,ITI1,9,Toscana
