data,area,totale,m,f,d,N1,N2,ISTAT,reg
2024-10-08,ABR,8,2,6,8,ITF,ITF1,13,Abruzzo
2024-10-11,ABR,40,25,15,40,ITF,ITF1,13,Abruzzo
2024-11-03,ABR,22,10,12,22,ITF,ITF1,13,Abruzzo
2024-11-06,ABR,214,110,104,214,ITF,ITF1,13,Abruzzo
2024-11-09,ABR,8,5,3,8,ITF,ITF1,13,Abruzzo
2024-10-31,BAS,1,1,0,1,ITF,ITF5,17,Basilicata
2024-11-06,BAS,5,4,1,5,ITF,ITF5,17,Basilicata
2024-11-09,BAS,20,11,9,20,ITF,ITF5,17,Basilicata
2024-09-18,CAM,2,0,2,2,ITF,ITF3,15,Campania
2024-10-14,CAM,34,22,12,34,ITF,ITF3,15,Campania
2024-10-17,CAM,63,34,29,63,ITF,ITF3,15,Campania
2024-10-23,CAM,58,35,23,58,ITF,ITF3,15,Campania
2024-11-15,CAM,96,57,39,96,ITF,ITF3,15,Campania
2024-11-18,CAM,132,64,68,132,ITF,ITF3,15,Campania
2024-11-21,CAM,125,79,46,125,ITF,ITF3,15,Campania
2024-10-11,EMR,1146,525,621,1146,ITH,ITH5,8,Emilia-Romagna
2024-10-14,EMR,1463,680,783,1463,ITH,ITH5,8,Emilia-Romagna
2024-10-17,EMR,3144,1511,1633,3144,ITH,ITH5,8,Emilia-Romagna
2024-10-20,EMR,212,102,110,212,ITH,ITH5,8,Emilia-Romagna
2024-11-12,EMR,3726,1803,1923,3726,ITH,ITH5,8,Emilia-Romagna
2024-11-15,EMR,2939,1331,1608,2939,ITH,ITH5,8,Emilia-Romagna
2024-11-18,EMR,1842,857,985,1842,ITH,ITH5,8,Emilia-Romagna
2024-10-17,FVG,145,76,69,145,ITH,ITH4,6,Friuli-Venezia Giulia
2024-10-23,FVG,345,177,168,345,ITH,ITH4,6,Friuli-Venezia Giulia
2024-11-15,FVG,690,361,329,690,ITH,ITH4,6,Friuli-Venezia Giulia
2024-11-18,FVG,387,184,203,387,ITH,ITH4,6,Friuli-Venezia Giulia
2024-11-21,FVG,615,295,320,615,ITH,ITH4,6,Friuli-Venezia Giulia
2024-09-27,LAZ,6,2,4,6,ITI,ITI4,12,Lazio
2024-09-30,LAZ,23,15,8,23,ITI,ITI4,12,Lazio
2024-10-23,LAZ,1436,725,711,1436,ITI,ITI4,12,Lazio
2024-10-26,LAZ,559,273,286,559,ITI,ITI4,12,Lazio
2024-10-29,LAZ,1442,725,717,1442,ITI,ITI4,12,Lazio
2024-11-01,LAZ,20,8,12,20,ITI,ITI4,12,Lazio
2024-11-21,LAZ,1130,546,584,1130,ITI,ITI4,12,Lazio
2024-09-24,LIG,8,4,4,8,ITC,ITC3,7,Liguria
2024-09-27,LIG,16,11,5,16,ITC,ITC3,7,Liguria
2024-09-30,LIG,42,24,18,42,ITC,ITC3,7,Liguria
2024-10-03,LIG,35,21,14,35,ITC,ITC3,7,Liguria
2024-10-23,LIG,484,251,233,484,ITC,ITC3,7,Liguria
2024-10-26,LIG,68,33,35,68,ITC,ITC3,7,Liguria
2024-10-29,LIG,646,324,322,646,ITC,ITC3,7,Liguria
2024-09-20,LOM,22,11,11,22,ITC,ITC4,3,Lombardia
2024-09-23,LOM,11,5,6,11,ITC,ITC4,3,Lombardia
2024-10-16,LOM,6862,3354,3508,6862,ITC,ITC4,3,Lombardia
2024-10-19,LOM,4502,2288,2214,4502,ITC,ITC4,3,Lombardia
2024-10-22,LOM,9552,4592,4960,9552,ITC,ITC4,3,Lombardia
2024-10-25,LOM,8042,3841,4201,8042,ITC,ITC4,3,Lombardia
2024-11-14,LOM,2980,1215,1765,2980,ITC,ITC4,3,Lombardia
2024-11-17,LOM,497,233,264,497,ITC,ITC4,3,Lombardia
2024-11-20,LOM,5402,2412,2990,5402,ITC,ITC4,3,Lombardia
2024-10-15,MAR,40,19,21,40,ITI,ITI3,11,Marche
2024-10-18,MAR,201,97,104,201,ITI,ITI3,11,Marche
2024-11-10,MAR,33,12,21,33,ITI,ITI3,11,Marche
2024-11-13,MAR,547,269,278,547,ITI,ITI3,11,Marche
2024-11-16,MAR,102,55,47,102,ITI,ITI3,11,Marche
2024-11-19,MAR,496,221,275,496,ITI,ITI3,11,Marche
2024-10-03,MOL,10,6,4,10,ITF,ITF2,14,Molise
2024-11-04,MOL,19,7,12,19,ITF,ITF2,14,Molise
2024-11-07,MOL,5,3,2,5,ITF,ITF2,14,Molise
2024-10-14,PAB,5,4,1,5,ITH,ITH1,4,Provincia Autonoma Bolzano / Bozen
2024-10-17,PAB,387,201,186,387,ITH,ITH1,4,Provincia Autonoma Bolzano / Bozen
2024-11-09,PAB,1,1,0,1,ITH,ITH1,4,Provincia Autonoma Bolzano / Bozen
2024-11-12,PAB,389,182,207,389,ITH,ITH1,4,Provincia Autonoma Bolzano / Bozen
2024-11-15,PAB,221,87,134,221,ITH,ITH1,4,Provincia Autonoma Bolzano / Bozen
2024-11-18,PAB,201,90,111,201,ITH,ITH1,4,Provincia Autonoma Bolzano / Bozen
2024-10-03,PAT,21,13,8,21,ITH,ITH2,4,Provincia Autonoma Trento
2024-10-09,PAT,40,20,20,40,ITH,ITH2,4,Provincia Autonoma Trento
2024-10-14,ABR,70,44,26,70,ITF,ITF1,13,Abruzzo
2024-10-17,ABR,194,115,79,194,ITF,ITF1,13,Abruzzo
2024-10-20,ABR,1,1,0,1,ITF,ITF1,13,Abruzzo
2024-10-23,ABR,85,37,48,85,ITF,ITF1,13,Abruzzo
2024-11-12,BAS,32,16,16,32,ITF,ITF5,17,Basilicata
2024-11-15,BAS,36,26,10,36,ITF,ITF5,17,Basilicata
2024-11-18,BAS,10,6,4,10,ITF,ITF5,17,Basilicata
2024-10-18,CAM,56,27,29,56,ITF,ITF3,15,Campania
2024-10-21,CAM,49,30,19,49,ITF,ITF3,15,Campania
2024-10-24,CAM,47,25,22,47,ITF,ITF3,15,Campania
2024-11-19,CAM,137,75,62,137,ITF,ITF3,15,Campania
2024-10-15,EMR,2573,1242,1331,2573,ITH,ITH5,8,Emilia-Romagna
2024-10-18,EMR,2551,1287,1264,2551,ITH,ITH5,8,Emilia-Romagna
2024-10-21,EMR,2103,994,1109,2103,ITH,ITH5,8,Emilia-Romagna
2024-10-24,EMR,4467,2151,2316,4467,ITH,ITH5,8,Emilia-Romagna
2024-11-16,EMR,1511,704,807,1511,ITH,ITH5,8,Emilia-Romagna
2024-11-19,EMR,2687,1285,1402,2687,ITH,ITH5,8,Emilia-Romagna
2024-09-20,FVG,19,9,10,19,ITH,ITH4,6,Friuli-Venezia Giulia
2024-10-16,FVG,94,43,51,94,ITH,ITH4,6,Friuli-Venezia Giulia
2024-10-19,FVG,47,19,28,47,ITH,ITH4,6,Friuli-Venezia Giulia
2024-11-11,FVG,640,297,343,640,ITH,ITH4,6,Friuli-Venezia Giulia
2024-11-14,FVG,764,365,399,764,ITH,ITH4,6,Friuli-Venezia Giulia
2024-11-17,FVG,13,4,9,13,ITH,ITH4,6,Friuli-Venezia Giulia
2024-11-20,FVG,477,232,245,477,ITH,ITH4,6,Friuli-Venezia Giulia
2024-09-21,LAZ,1,0,1,1,ITI,ITI4,12,Lazio
2024-10-11,LAZ,290,157,133,290,ITI,ITI4,12,Lazio
2024-10-14,LAZ,332,170,162,332,ITI,ITI4,12,Lazio
2024-10-17,LAZ,605,290,315,605,ITI,ITI4,12,Lazio
2024-10-20,LAZ,40,16,24,40,ITI,ITI4,12,Lazio
2024-11-12,LAZ,1335,641,694,1335,ITI,ITI4,12,Lazio
2024-11-15,LAZ,1319,655,664,1319,ITI,ITI4,12,Lazio
2024-11-18,LAZ,788,384,404,788,ITI,ITI4,12,Lazio
2024-10-09,LIG,78,41,37,78,ITC,ITC3,7,Liguria
2024-10-12,LIG,10,6,4,10,ITC,ITC3,7,Liguria
2024-10-15,LIG,349,191,158,349,ITC,ITC3,7,Liguria
2024-11-04,LIG,153,68,85,153,ITC,ITC3,7,Liguria
2024-11-07,LIG,774,374,400,774,ITC,ITC3,7,Liguria
2024-11-13,LIG,542,265,277,542,ITC,ITC3,7,Liguria
2024-09-19,LOM,2,0,2,2,ITC,ITC4,3,Lombardia
2024-10-12,LOM,1442,707,735,1442,ITC,ITC4,3,Lombardia
2024-10-15,LOM,6317,3080,3237,6317,ITC,ITC4,3,Lombardia
2024-10-18,LOM,6298,3099,3199,6298,ITC,ITC4,3,Lombardia
2024-10-21,LOM,8259,4098,4161,8259,ITC,ITC4,3,Lombardia
2024-11-10,LOM,693,334,359,693,ITC,ITC4,3,Lombardia
2024-11-13,LOM,2875,1235,1640,2875,ITC,ITC4,3,Lombardia
2024-11-16,LOM,4278,2066,2212,4278,ITC,ITC4,3,Lombardia
2024-11-19,LOM,5553,2574,2979,5553,ITC,ITC4,3,Lombardia
2024-10-21,MAR,112,62,50,112,ITI,ITI3,11,Marche
2024-10-24,MAR,542,268,274,542,ITI,ITI3,11,Marche
2024-10-27,MAR,3,1,2,3,ITI,ITI3,11,Marche
2024-10-30,MAR,371,180,191,371,ITI,ITI3,11,Marche
2024-10-24,MOL,17,8,9,17,ITF,ITF2,14,Molise
2024-11-13,MOL,3,1,2,3,ITF,ITF2,14,Molise
2024-11-16,MOL,17,10,7,17,ITF,ITF2,14,Molise
2024-11-19,MOL,7,5,2,7,ITF,ITF2,14,Molise
2024-10-15,PAB,356,191,165,356,ITH,ITH1,4,Provincia Autonoma Bolzano / Bozen
2024-10-18,PAB,239,115,124,239,ITH,ITH1,4,Provincia Autonoma Bolzano / Bozen
2024-10-21,PAB,205,115,90,205,ITH,ITH1,4,Provincia Autonoma Bolzano / Bozen
2024-11-13,PAB,375,191,184,375,ITH,ITH1,4,Provincia Autonoma Bolzano / Bozen
2024-11-19,PAB,375,161,214,375,ITH,ITH1,4,Provincia Autonoma Bolzano / Bozen
2024-09-27,PAT,17,8,9,17,ITH,ITH2,4,Provincia Autonoma Trento
2024-10-23,PAT,489,220,269,489,ITH,ITH2,4,Provincia Autonoma Trento
2024-10-29,PAT,306,163,143,306,ITH,ITH2,4,Provincia Autonoma Trento
2024-11-21,PAT,238,114,124,238,ITH,ITH2,4,Provincia Autonoma Trento
2024-10-01,PIE,5,3,2,5,ITC,ITC1,1,Piemonte
2024-10-04,PIE,23,9,14,23,ITC,ITC1,1,Piemonte
2024-10-07,PIE,48,29,19,48,ITC,ITC1,1,Piemonte
2024-10-07,ABR,7,3,4,7,ITF,ITF1,13,Abruzzo
2024-10-10,ABR,47,33,14,47,ITF,ITF1,13,Abruzzo
2024-10-30,ABR,134,79,55,134,ITF,ITF1,13,Abruzzo
2024-11-02,ABR,16,8,8,16,ITF,ITF1,13,Abruzzo
2024-11-05,ABR,255,138,117,255,ITF,ITF1,13,Abruzzo
2024-11-08,ABR,158,78,80,158,ITF,ITF1,13,Abruzzo
2024-10-30,BAS,15,7,8,15,ITF,ITF5,17,Basilicata
2024-10-05,CAM,2,1,1,2,ITF,ITF3,15,Campania
2024-10-08,CAM,16,11,5,16,ITF,ITF3,15,Campania
2024-10-11,CAM,25,15,10,25,ITF,ITF3,15,Campania
2024-11-03,CAM,5,2,3,5,ITF,ITF3,15,Campania
2024-11-06,CAM,82,47,35,82,ITF,ITF3,15,Campania
2024-11-09,CAM,61,33,28,61,ITF,ITF3,15,Campania
2024-11-12,CAM,80,45,35,80,ITF,ITF3,15,Campania
2024-09-29,EMR,1,1,0,1,ITH,ITH5,8,Emilia-Romagna
2024-10-02,EMR,10,5,5,10,ITH,ITH5,8,Emilia-Romagna
2024-10-08,EMR,988,500,488,988,ITH,ITH5,8,Emilia-Romagna
2024-10-31,EMR,2928,1359,1569,2928,ITH,ITH5,8,Emilia-Romagna
2024-11-03,EMR,268,130,138,268,ITH,ITH5,8,Emilia-Romagna
2024-11-06,EMR,4736,2246,2490,4736,ITH,ITH5,8,Emilia-Romagna
2024-11-09,EMR,2024,990,1034,2024,ITH,ITH5,8,Emilia-Romagna
2024-09-27,FVG,21,10,11,21,ITH,ITH4,6,Friuli-Venezia Giulia
2024-09-30,FVG,20,11,9,20,ITH,ITH4,6,Friuli-Venezia Giulia
2024-10-03,FVG,1,1,0,1,ITH,ITH4,6,Friuli-Venezia Giulia
2024-10-26,FVG,36,16,20,36,ITH,ITH4,6,Friuli-Venezia Giulia
2024-10-29,FVG,249,118,131,249,ITH,ITH4,6,Friuli-Venezia Giulia
2024-11-01,FVG,3,1,2,3,ITH,ITH4,6,Friuli-Venezia Giulia
2024-11-04,FVG,267,128,139,267,ITH,ITH4,6,Friuli-Venezia Giulia
2024-10-01,LAZ,8,3,5,8,ITI,ITI4,12,Lazio
2024-10-04,LAZ,58,34,24,58,ITI,ITI4,12,Lazio
2024-10-27,LAZ,53,24,29,53,ITI,ITI4,12,Lazio
2024-10-30,LAZ,319,120,199,319,ITI,ITI4,12,Lazio
2024-11-02,LAZ,109,52,57,109,ITI,ITI4,12,Lazio
2024-11-05,LAZ,1499,701,798,1499,ITI,ITI4,12,Lazio
2024-09-23,LIG,5,4,1,5,ITC,ITC3,7,Liguria
2024-09-26,LIG,4,1,3,4,ITC,ITC3,7,Liguria
2024-10-22,LIG,565,283,282,565,ITC,ITC3,7,Liguria
2024-10-25,LIG,282,136,146,282,ITC,ITC3,7,Liguria
2024-10-28,LIG,382,194,188,382,ITC,ITC3,7,Liguria
2024-11-20,LIG,489,244,245,489,ITC,ITC3,7,Liguria
2024-09-26,LOM,73,41,32,73,ITC,ITC4,3,Lombardia
2024-09-29,LOM,12,9,3,12,ITC,ITC4,3,Lombardia
2024-10-02,LOM,314,157,157,314,ITC,ITC4,3,Lombardia
2024-10-05,LOM,3921,2072,1849,3921,ITC,ITC4,3,Lombardia
2024-10-28,LOM,3270,1362,1908,3270,ITC,ITC4,3,Lombardia
2024-10-31,LOM,3313,1415,1898,3313,ITC,ITC4,3,Lombardia
2024-11-03,LOM,219,111,108,219,ITC,ITC4,3,Lombardia
2024-10-17,MAR,137,64,73,137,ITI,ITI3,11,Marche
2024-11-06,MAR,556,256,300,556,ITI,ITI3,11,Marche
2024-11-09,MAR,308,156,152,308,ITI,ITI3,11,Marche
2024-11-12,MAR,289,140,149,289,ITI,ITI3,11,Marche
2024-11-15,MAR,226,121,105,226,ITI,ITI3,11,Marche
2024-10-31,MOL,25,13,12,25,ITF,ITF2,14,Molise
2024-11-06,MOL,10,4,6,10,ITF,ITF2,14,Molise
2024-10-28,PAB,162,74,88,162,ITH,ITH1,4,Provincia Autonoma Bolzano / Bozen
2024-10-31,PAB,433,217,216,433,ITH,ITH1,4,Provincia Autonoma Bolzano / Bozen
2024-11-06,PAB,456,231,225,456,ITH,ITH1,4,Provincia Autonoma Bolzano / Bozen
2024-10-07,PAT,33,15,18,33,ITH,ITH2,4,Provincia Autonoma Trento
2024-10-10,PAT,8,4,4,8,ITH,ITH2,4,Provincia Autonoma Trento
2024-11-05,PAT,114,55,59,114,ITH,ITH2,4,Provincia Autonoma Trento
2024-11-08,PAT,494,242,252,494,ITH,ITH2,4,Provincia Autonoma Trento
2024-11-11,PAT,196,91,105,196,ITH,ITH2,4,Provincia Autonoma Trento
2024-11-14,PAT,438,204,234,438,ITH,ITH2,4,Provincia Autonoma Trento
2024-10-17,PIE,482,236,246,482,ITC,ITC1,1,Piemonte
2024-10-20,PIE,6,2,4,6,ITC,ITC1,1,Piemonte
2024-10-23,PIE,1204,554,650,1204,ITC,ITC1,1,Piemonte
2024-10-26,PIE,611,289,322,611,ITC,ITC1,1,Piemonte
2024-10-22,ABR,128,67,61,128,ITF,ITF1,13,Abruzzo
2024-10-25,ABR,133,69,64,133,ITF,ITF1,13,Abruzzo
2024-10-28,ABR,126,62,64,126,ITF,ITF1,13,Abruzzo
2024-10-31,ABR,152,77,75,152,ITF,ITF1,13,Abruzzo
2024-09-27,CAM,5,3,2,5,ITF,ITF3,15,Campania
2024-09-30,CAM,6,4,2,6,ITF,ITF3,15,Campania
2024-10-03,CAM,6,5,1,6,ITF,ITF3,15,Campania
2024-10-29,CAM,98,53,45,98,ITF,ITF3,15,Campania
2024-11-04,CAM,92,50,42,92,ITF,ITF3,15,Campania
2024-09-24,EMR,2,1,1,2,ITH,ITH5,8,Emilia-Romagna
2024-09-27,EMR,49,24,25,49,ITH,ITH5,8,Emilia-Romagna
2024-09-30,EMR,6,2,4,6,ITH,ITH5,8,Emilia-Romagna
2024-10-23,EMR,4208,2002,2206,4208,ITH,ITH5,8,Emilia-Romagna
2024-10-26,EMR,1589,769,820,1589,ITH,ITH5,8,Emilia-Romagna
2024-10-29,EMR,4703,2224,2479,4703,ITH,ITH5,8,Emilia-Romagna
2024-11-01,EMR,211,97,114,211,ITH,ITH5,8,Emilia-Romagna
2024-11-21,EMR,2273,1069,1204,2273,ITH,ITH5,8,Emilia-Romagna
2024-10-08,FVG,24,7,17,24,ITH,ITH4,6,Friuli-Venezia Giulia
2024-10-11,FVG,1,1,0,1,ITH,ITH4,6,Friuli-Venezia Giulia
2024-10-14,FVG,89,40,49,89,ITH,ITH4,6,Friuli-Venezia Giulia
2024-11-03,FVG,1,1,0,1,ITH,ITH4,6,Friuli-Venezia Giulia
2024-11-06,FVG,720,350,370,720,ITH,ITH4,6,Friuli-Venezia Giulia
2024-11-09,FVG,339,175,164,339,ITH,ITH4,6,Friuli-Venezia Giulia
2024-11-12,FVG,818,364,454,818,ITH,ITH4,6,Friuli-Venezia Giulia
2024-10-03,LAZ,28,18,10,28,ITI,ITI4,12,Lazio
2024-10-09,LAZ,175,83,92,175,ITI,ITI4,12,Lazio
2024-10-12,LAZ,136,70,66,136,ITI,ITI4,12,Lazio
2024-11-04,LAZ,1020,448,572,1020,ITI,ITI4,12,Lazio
2024-11-07,LAZ,1561,726,835,1561,ITI,ITI4,12,Lazio
2024-11-10,LAZ,49,20,29,49,ITI,ITI4,12,Lazio
2024-11-13,LAZ,1593,758,835,1593,ITI,ITI4,12,Lazio
2024-10-14,LIG,178,92,86,178,ITC,ITC3,7,Liguria
2024-10-17,LIG,381,208,173,381,ITC,ITC3,7,Liguria
2024-11-12,LIG,704,357,347,704,ITC,ITC3,7,Liguria
2024-11-15,LIG,438,208,230,438,ITC,ITC3,7,Liguria
2024-11-18,LIG,234,125,109,234,ITC,ITC3,7,Liguria
2024-11-21,LIG,422,217,205,422,ITC,ITC3,7,Liguria
2024-10-04,LOM,658,318,340,658,ITC,ITC4,3,Lombardia
2024-10-07,LOM,1016,498,518,1016,ITC,ITC4,3,Lombardia
2024-10-10,LOM,1783,820,963,1783,ITC,ITC4,3,Lombardia
2024-10-13,LOM,185,92,93,185,ITC,ITC4,3,Lombardia
2024-11-02,LOM,2023,975,1048,2023,ITC,ITC4,3,Lombardia
2024-11-05,LOM,8580,4151,4429,8580,ITC,ITC4,3,Lombardia
2024-11-08,LOM,7567,3621,3946,7567,ITC,ITC4,3,Lombardia
2024-11-11,LOM,5562,2628,2934,5562,ITC,ITC4,3,Lombardia
2024-10-03,MAR,7,3,4,7,ITI,ITI3,11,Marche
2024-10-29,MAR,375,193,182,375,ITI,ITI3,11,Marche
2024-11-01,MAR,15,9,6,15,ITI,ITI3,11,Marche
2024-11-04,MAR,222,109,113,222,ITI,ITI3,11,Marche
2024-11-07,MAR,701,321,380,701,ITI,ITI3,11,Marche
2024-10-23,MOL,3,2,1,3,ITF,ITF2,14,Molise
2024-10-29,MOL,17,11,6,17,ITF,ITF2,14,Molise
2024-10-20,PAB,1,0,1,1,ITH,ITH1,4,Provincia Autonoma Bolzano / Bozen
2024-10-23,PAB,408,207,201,408,ITH,ITH1,4,Provincia Autonoma Bolzano / Bozen
2024-10-29,PAB,26,12,14,26,ITH,ITH1,4,Provincia Autonoma Bolzano / Bozen
2024-11-21,PAB,260,125,135,260,ITH,ITH1,4,Provincia Autonoma Bolzano / Bozen
2024-10-15,PAT,230,133,97,230,ITH,ITH2,4,Provincia Autonoma Trento
2024-10-18,PAT,448,210,238,448,ITH,ITH2,4,Provincia Autonoma Trento
2024-10-21,PAT,228,120,108,228,ITH,ITH2,4,Provincia Autonoma Trento
2024-11-13,PAT,374,180,194,374,ITH,ITH2,4,Provincia Autonoma Trento
2024-11-16,PAT,57,24,33,57,ITH,ITH2,4,Provincia Autonoma Trento
2024-11-19,PAT,216,97,119,216,ITH,ITH2,4,Provincia Autonoma Trento
2024-10-25,PIE,1706,839,867,1706,ITC,ITC1,1,Piemonte
2024-10-28,PIE,886,429,457,886,ITC,ITC1,1,Piemonte
2024-10-31,PIE,1686,767,919,1686,ITC,ITC1,1,Piemonte
2024-11-03,PIE,70,31,39,70,ITC,ITC1,1,Piemonte
2024-09-19,PUG,7,3,4,7,ITF,ITF4,16,Puglia
2024-10-18,ABR,57,36,21,57,ITF,ITF1,13,Abruzzo
2024-10-21,ABR,82,47,35,82,ITF,ITF1,13,Abruzzo
2024-10-24,ABR,107,58,49,107,ITF,ITF1,13,Abruzzo
2024-10-27,ABR,25,14,11,25,ITF,ITF1,13,Abruzzo
2024-11-16,BAS,24,13,11,24,ITF,ITF5,17,Basilicata
2024-10-01,CAM,4,3,1,4,ITF,ITF3,15,Campania
2024-10-04,CAM,8,4,4,8,ITF,ITF3,15,Campania
2024-10-07,CAM,17,11,6,17,ITF,ITF3,15,Campania
2024-10-30,CAM,93,55,38,93,ITF,ITF3,15,Campania
2024-11-02,CAM,16,11,5,16,ITF,ITF3,15,Campania
2024-11-05,CAM,95,59,36,95,ITF,ITF3,15,Campania
2024-11-08,CAM,110,64,46,110,ITF,ITF3,15,Campania
2024-10-01,EMR,12,6,6,12,ITH,ITH5,8,Emilia-Romagna
2024-10-04,EMR,75,22,53,75,ITH,ITH5,8,Emilia-Romagna
2024-10-27,EMR,310,136,174,310,ITH,ITH5,8,Emilia-Romagna
2024-10-30,EMR,4624,2186,2438,4624,ITH,ITH5,8,Emilia-Romagna
2024-11-02,EMR,422,211,211,422,ITH,ITH5,8,Emilia-Romagna
2024-11-05,EMR,3859,1827,2032,3859,ITH,ITH5,8,Emilia-Romagna
2024-10-04,FVG,49,20,29,49,ITH,ITH4,6,Friuli-Venezia Giulia
2024-10-07,FVG,3,0,3,3,ITH,ITH4,6,Friuli-Venezia Giulia
2024-10-30,FVG,445,209,236,445,ITH,ITH4,6,Friuli-Venezia Giulia
2024-11-02,FVG,38,19,19,38,ITH,ITH4,6,Friuli-Venezia Giulia
2024-11-05,FVG,723,336,387,723,ITH,ITH4,6,Friuli-Venezia Giulia
2024-11-08,FVG,740,379,361,740,ITH,ITH4,6,Friuli-Venezia Giulia
2024-10-07,LAZ,106,51,55,106,ITI,ITI4,12,Lazio
2024-10-10,LAZ,215,100,115,215,ITI,ITI4,12,Lazio
2024-10-13,LAZ,11,6,5,11,ITI,ITI4,12,Lazio
2024-10-16,LAZ,551,276,275,551,ITI,ITI4,12,Lazio
2024-11-08,LAZ,1441,687,754,1441,ITI,ITI4,12,Lazio
2024-11-11,LAZ,999,477,522,999,ITI,ITI4,12,Lazio
2024-11-14,LAZ,1410,673,737,1410,ITI,ITI4,12,Lazio
2024-11-17,LAZ,41,21,20,41,ITI,ITI4,12,Lazio
2024-10-10,LIG,38,16,22,38,ITC,ITC3,7,Liguria
2024-10-16,LIG,364,192,172,364,ITC,ITC3,7,Liguria
2024-10-19,LIG,79,37,42,79,ITC,ITC3,7,Liguria
2024-11-08,LIG,421,197,224,421,ITC,ITC3,7,Liguria
2024-11-11,LIG,361,176,185,361,ITC,ITC3,7,Liguria
2024-11-14,LIG,746,327,419,746,ITC,ITC3,7,Liguria
2024-11-17,LIG,1,0,1,1,ITC,ITC3,7,Liguria
2024-09-30,LOM,107,60,47,107,ITC,ITC4,3,Lombardia
2024-10-03,LOM,454,226,228,454,ITC,ITC4,3,Lombardia
2024-10-06,LOM,2167,1105,1062,2167,ITC,ITC4,3,Lombardia
2024-10-09,LOM,1797,848,949,1797,ITC,ITC4,3,Lombardia
2024-11-01,LOM,417,190,227,417,ITC,ITC4,3,Lombardia
2024-11-04,LOM,6532,3115,3417,6532,ITC,ITC4,3,Lombardia
2024-11-07,LOM,8596,3988,4608,8596,ITC,ITC4,3,Lombardia
2024-10-25,MAR,504,253,251,504,ITI,ITI3,11,Marche
2024-10-28,MAR,317,164,153,317,ITI,ITI3,11,Marche
2024-10-31,MAR,234,121,113,234,ITI,ITI3,11,Marche
2024-11-03,MAR,1,1,0,1,ITI,ITI3,11,Marche
2024-10-25,MOL,39,19,20,39,ITF,ITF2,14,Molise
2024-10-28,MOL,29,12,17,29,ITF,ITF2,14,Molise
2024-10-24,PAB,583,304,279,583,ITH,ITH1,4,Provincia Autonoma Bolzano / Bozen
2024-10-30,PAB,12,4,8,12,ITH,ITH1,4,Provincia Autonoma Bolzano / Bozen
2024-11-02,PAB,6,3,3,6,ITH,ITH1,4,Provincia Autonoma Bolzano / Bozen
2024-10-16,PAT,305,165,140,305,ITH,ITH2,4,Provincia Autonoma Trento
2024-10-19,PAT,35,17,18,35,ITH,ITH2,4,Provincia Autonoma Trento
2024-10-22,PAT,372,159,213,372,ITH,ITH2,4,Provincia Autonoma Trento
2024-10-25,PAT,399,199,200,399,ITH,ITH2,4,Provincia Autonoma Trento
2024-11-17,PAT,1,0,1,1,ITH,ITH2,4,Provincia Autonoma Trento
2024-11-20,PAT,335,156,179,335,ITH,ITH2,4,Provincia Autonoma Trento
2024-10-21,PIE,564,267,297,564,ITC,ITC1,1,Piemonte
2024-10-24,PIE,1123,571,552,1123,ITC,ITC1,1,Piemonte
2024-10-27,PIE,14,6,8,14,ITC,ITC1,1,Piemonte
2024-10-30,PIE,1235,560,675,1235,ITC,ITC1,1,Piemonte
2024-11-19,PIE,1248,580,668,1248,ITC,ITC1,1,Piemonte
2024-09-20,PUG,6,3,3,6,ITF,ITF4,16,Puglia
2024-10-16,ABR,103,60,43,103,ITF,ITF1,13,Abruzzo
2024-10-19,ABR,12,6,6,12,ITF,ITF1,13,Abruzzo
2024-10-16,BAS,7,6,1,7,ITF,ITF5,17,Basilicata
2024-11-08,BAS,5,1,4,5,ITF,ITF5,17,Basilicata
2024-11-11,BAS,72,36,36,72,ITF,ITF5,17,Basilicata
2024-11-14,BAS,35,18,17,35,ITF,ITF5,17,Basilicata
2024-11-17,BAS,8,4,4,8,ITF,ITF5,17,Basilicata
2024-09-26,CAM,1,1,0,1,ITF,ITF3,15,Campania
2024-10-02,CAM,19,12,7,19,ITF,ITF3,15,Campania
2024-10-22,CAM,65,39,26,65,ITF,ITF3,15,Campania
2024-10-25,CAM,32,15,17,32,ITF,ITF3,15,Campania
2024-10-28,CAM,90,51,39,90,ITF,ITF3,15,Campania
2024-10-31,CAM,98,58,40,98,ITF,ITF3,15,Campania
2024-09-26,EMR,11,5,6,11,ITH,ITH5,8,Emilia-Romagna
2024-10-19,EMR,1111,539,572,1111,ITH,ITH5,8,Emilia-Romagna
2024-10-22,EMR,4006,1959,2047,4006,ITH,ITH5,8,Emilia-Romagna
2024-10-25,EMR,3968,1878,2090,3968,ITH,ITH5,8,Emilia-Romagna
2024-10-28,EMR,3044,1388,1656,3044,ITH,ITH5,8,Emilia-Romagna
2024-11-17,EMR,201,95,106,201,ITH,ITH5,8,Emilia-Romagna
2024-11-20,EMR,2603,1268,1335,2603,ITH,ITH5,8,Emilia-Romagna
2024-10-09,FVG,18,8,10,18,ITH,ITH4,6,Friuli-Venezia Giulia
2024-10-15,FVG,25,13,12,25,ITH,ITH4,6,Friuli-Venezia Giulia
2024-10-18,FVG,139,74,65,139,ITH,ITH4,6,Friuli-Venezia Giulia
2024-11-07,FVG,871,409,462,871,ITH,ITH4,6,Friuli-Venezia Giulia
2024-11-10,FVG,15,6,9,15,ITH,ITH4,6,Friuli-Venezia Giulia
2024-11-13,FVG,900,416,484,900,ITH,ITH4,6,Friuli-Venezia Giulia
2024-11-16,FVG,400,199,201,400,ITH,ITH4,6,Friuli-Venezia Giulia
2024-09-25,LAZ,10,7,3,10,ITI,ITI4,12,Lazio
2024-10-15,LAZ,409,200,209,409,ITI,ITI4,12,Lazio
2024-10-18,LAZ,756,398,358,756,ITI,ITI4,12,Lazio
2024-10-21,LAZ,942,498,444,942,ITI,ITI4,12,Lazio
2024-10-24,LAZ,1162,583,579,1162,ITI,ITI4,12,Lazio
2024-11-16,LAZ,375,202,173,375,ITI,ITI4,12,Lazio
2024-11-19,LAZ,472,234,238,472,ITI,ITI4,12,Lazio
2024-10-02,LIG,68,33,35,68,ITC,ITC3,7,Liguria
2024-10-05,LIG,5,2,3,5,ITC,ITC3,7,Liguria
2024-10-08,LIG,109,56,53,109,ITC,ITC3,7,Liguria
2024-10-11,LIG,84,44,40,84,ITC,ITC3,7,Liguria
2024-10-31,LIG,536,269,267,536,ITC,ITC3,7,Liguria
2024-11-06,LIG,564,269,295,564,ITC,ITC3,7,Liguria
2024-11-09,LIG,77,36,41,77,ITC,ITC3,7,Liguria
2024-10-08,LOM,1547,685,862,1547,ITC,ITC4,3,Lombardia
2024-10-11,LOM,2236,994,1242,2236,ITC,ITC4,3,Lombardia
2024-10-14,LOM,4769,2316,2453,4769,ITC,ITC4,3,Lombardia
2024-10-17,LOM,7037,3311,3726,7037,ITC,ITC4,3,Lombardia
2024-11-06,LOM,8565,4066,4499,8565,ITC,ITC4,3,Lombardia
2024-11-09,LOM,5214,2550,2664,5214,ITC,ITC4,3,Lombardia
2024-11-12,LOM,3161,1348,1813,3161,ITC,ITC4,3,Lombardia
2024-11-15,LOM,5489,2521,2968,5489,ITC,ITC4,3,Lombardia
2024-10-23,MAR,473,241,232,473,ITI,ITI3,11,Marche
2024-10-26,MAR,422,218,204,422,ITI,ITI3,11,Marche
2024-11-18,MAR,158,80,78,158,ITI,ITI3,11,Marche
2024-11-21,MAR,531,259,272,531,ITI,ITI3,11,Marche
2024-10-11,MOL,5,1,4,5,ITF,ITF2,14,Molise
2024-10-14,MOL,4,1,3,4,ITF,ITF2,14,Molise
2024-11-09,MOL,25,15,10,25,ITF,ITF2,14,Molise
2024-11-12,MOL,12,9,3,12,ITF,ITF2,14,Molise
2024-11-15,MOL,43,19,24,43,ITF,ITF2,14,Molise
2024-11-18,MOL,17,6,11,17,ITF,ITF2,14,Molise
2024-10-16,PAB,367,206,161,367,ITH,ITH1,4,Provincia Autonoma Bolzano / Bozen
2024-10-22,PAB,423,225,198,423,ITH,ITH1,4,Provincia Autonoma Bolzano / Bozen
2024-10-25,PAB,284,134,150,284,ITH,ITH1,4,Provincia Autonoma Bolzano / Bozen
2024-11-17,PAB,3,1,2,3,ITH,ITH1,4,Provincia Autonoma Bolzano / Bozen
2024-11-20,PAB,344,164,180,344,ITH,ITH1,4,Provincia Autonoma Bolzano / Bozen
2024-10-01,PAT,11,4,7,11,ITH,ITH2,4,Provincia Autonoma Trento
2024-10-04,PAT,4,3,1,4,ITH,ITH2,4,Provincia Autonoma Trento
2024-10-24,PAT,610,232,378,610,ITH,ITH2,4,Provincia Autonoma Trento
2024-10-15,ABR,103,54,49,103,ITF,ITF1,13,Abruzzo
2024-11-07,ABR,271,139,132,271,ITF,ITF1,13,Abruzzo
2024-10-09,BAS,7,5,2,7,ITF,ITF5,17,Basilicata
2024-11-04,BAS,6,3,3,6,ITF,ITF5,17,Basilicata
2024-11-07,BAS,18,7,11,18,ITF,ITF5,17,Basilicata
2024-11-13,BAS,41,22,19,41,ITF,ITF5,17,Basilicata
2024-10-02,CAL,4,1,3,4,ITF,ITF6,18,Calabria
2024-10-10,CAM,16,10,6,16,ITF,ITF3,15,Campania
2024-10-16,CAM,31,16,15,31,ITF,ITF3,15,Campania
2024-11-11,CAM,152,87,65,152,ITF,ITF3,15,Campania
2024-11-14,CAM,99,63,36,99,ITF,ITF3,15,Campania
2024-11-17,CAM,2,2,0,2,ITF,ITF3,15,Campania
2024-11-20,CAM,142,82,60,142,ITF,ITF3,15,Campania
2024-10-07,EMR,383,162,221,383,ITH,ITH5,8,Emilia-Romagna
2024-10-10,EMR,1202,592,610,1202,ITH,ITH5,8,Emilia-Romagna
2024-10-13,EMR,50,17,33,50,ITH,ITH5,8,Emilia-Romagna
2024-10-16,EMR,2727,1303,1424,2727,ITH,ITH5,8,Emilia-Romagna
2024-11-08,EMR,4444,2119,2325,4444,ITH,ITH5,8,Emilia-Romagna
2024-11-11,EMR,2267,1081,1186,2267,ITH,ITH5,8,Emilia-Romagna
2024-11-14,EMR,3620,1709,1911,3620,ITH,ITH5,8,Emilia-Romagna
2024-10-21,FVG,195,110,85,195,ITH,ITH4,6,Friuli-Venezia Giulia
2024-10-24,FVG,379,189,190,379,ITH,ITH4,6,Friuli-Venezia Giulia
2024-11-19,FVG,668,314,354,668,ITH,ITH4,6,Friuli-Venezia Giulia
2024-09-26,LAZ,7,5,2,7,ITI,ITI4,12,Lazio
2024-10-19,LAZ,538,269,269,538,ITI,ITI4,12,Lazio
2024-10-22,LAZ,1062,545,517,1062,ITI,ITI4,12,Lazio
2024-10-25,LAZ,1101,543,558,1101,ITI,ITI4,12,Lazio
2024-10-28,LAZ,525,255,270,525,ITI,ITI4,12,Lazio
2024-11-20,LAZ,1245,617,628,1245,ITI,ITI4,12,Lazio
2024-09-28,LIG,1,0,1,1,ITC,ITC3,7,Liguria
2024-10-01,LIG,19,10,9,19,ITC,ITC3,7,Liguria
2024-10-04,LIG,45,22,23,45,ITC,ITC3,7,Liguria
2024-10-07,LIG,57,29,28,57,ITC,ITC3,7,Liguria
2024-10-30,LIG,526,270,256,526,ITC,ITC3,7,Liguria
2024-11-02,LIG,4,1,3,4,ITC,ITC3,7,Liguria
2024-11-05,LIG,1057,528,529,1057,ITC,ITC3,7,Liguria
2024-09-21,LOM,28,14,14,28,ITC,ITC4,3,Lombardia
2024-09-24,LOM,47,24,23,47,ITC,ITC4,3,Lombardia
2024-09-27,LOM,92,49,43,92,ITC,ITC4,3,Lombardia
2024-10-20,LOM,936,468,468,936,ITC,ITC4,3,Lombardia
2024-10-23,LOM,8892,4308,4584,8892,ITC,ITC4,3,Lombardia
2024-10-26,LOM,6094,3034,3060,6094,ITC,ITC4,3,Lombardia
2024-10-29,LOM,3716,1605,2111,3716,ITC,ITC4,3,Lombardia
2024-11-18,LOM,5125,2421,2704,5125,ITC,ITC4,3,Lombardia
2024-10-16,MAR,99,54,45,99,ITI,ITI3,11,Marche
2024-10-19,MAR,78,42,36,78,ITI,ITI3,11,Marche
2024-10-22,MAR,312,157,155,312,ITI,ITI3,11,Marche
2024-11-14,MAR,645,316,329,645,ITI,ITI3,11,Marche
2024-11-20,MAR,524,249,275,524,ITI,ITI3,11,Marche
2024-11-08,MOL,20,12,8,20,ITF,ITF2,14,Molise
2024-11-11,MOL,6,5,1,6,ITF,ITF2,14,Molise
2024-11-14,MOL,5,4,1,5,ITF,ITF2,14,Molise
2024-11-05,PAB,47,22,25,47,ITH,ITH1,4,Provincia Autonoma Bolzano / Bozen
2024-11-08,PAB,319,161,158,319,ITH,ITH1,4,Provincia Autonoma Bolzano / Bozen
2024-11-11,PAB,227,106,121,227,ITH,ITH1,4,Provincia Autonoma Bolzano / Bozen
2024-11-14,PAB,329,147,182,329,ITH,ITH1,4,Provincia Autonoma Bolzano / Bozen
2024-10-08,PAT,15,9,6,15,ITH,ITH2,4,Provincia Autonoma Trento
2024-10-28,PAT,219,99,120,219,ITH,ITH2,4,Provincia Autonoma Trento
2024-10-31,PAT,240,112,128,240,ITH,ITH2,4,Provincia Autonoma Trento
2024-11-06,PAT,483,236,247,483,ITH,ITH2,4,Provincia Autonoma Trento
2024-10-09,PIE,27,18,9,27,ITC,ITC1,1,Piemonte
2024-10-12,PIE,43,20,23,43,ITC,ITC1,1,Piemonte
2024-10-15,PIE,278,153,125,278,ITC,ITC1,1,Piemonte
2024-10-18,PIE,745,389,356,745,ITC,ITC1,1,Piemonte
2024-11-10,PIE,40,20,20,40,ITC,ITC1,1,Piemonte
2024-11-13,PIE,1297,599,698,1297,ITC,ITC1,1,Piemonte
2024-11-16,PIE,354,170,184,354,ITC,ITC1,1,Piemonte
2024-09-26,PUG,2,1,1,2,ITF,ITF4,16,Puglia
2024-10-02,PUG,39,16,23,39,ITF,ITF4,16,Puglia
2024-10-05,PUG,29,24,5,29,ITF,ITF4,16,Puglia
2024-10-28,PUG,338,181,157,338,ITF,ITF4,16,Puglia
2024-10-31,PUG,459,249,210,459,ITF,ITF4,16,Puglia
2024-10-16,SAR,13,9,4,13,ITG,ITG2,20,Sardegna
2024-10-22,SAR,142,60,82,142,ITG,ITG2,20,Sardegna
2024-11-11,SAR,326,164,162,326,ITG,ITG2,20,Sardegna
2024-11-14,SAR,233,119,114,233,ITG,ITG2,20,Sardegna
2024-11-20,SAR,207,107,100,207,ITG,ITG2,20,Sardegna
2024-10-08,SIC,4,3,1,4,ITG,ITG1,19,Sicilia
2024-10-31,SIC,4,2,2,4,ITG,ITG1,19,Sicilia
2024-11-06,SIC,13,7,6,13,ITG,ITG1,19,Sicilia
2024-10-04,TOS,30,11,19,30,ITI,ITI1,9,Toscana
2024-10-07,TOS,142,69,73,142,ITI,ITI1,9,Toscana
2024-10-10,TOS,562,255,307,562,ITI,ITI1,9,Toscana
2024-10-13,TOS,46,16,30,46,ITI,ITI1,9,Toscana
2024-11-02,TOS,176,86,90,176,ITI,ITI1,9,Toscana
2024-11-05,TOS,2230,1006,1224,2230,ITI,ITI1,9,Toscana
2024-11-08,TOS,2709,1309,1400,2709,ITI,ITI1,9,Toscana
2024-11-11,TOS,1650,797,853,1650,ITI,ITI1,9,Toscana
2024-10-23,UMB,5,2,3,5,ITI,ITI2,10,Umbria
2024-10-26,UMB,5,3,2,5,ITI,ITI2,10,Umbria
2024-10-29,UMB,20,12,8,20,ITI,ITI2,10,Umbria
2024-10-23,VDA,182,89,93,182,ITC,ITC2,2,Valle d'Aosta / Vallée d'Aoste
2024-11-18,VDA,8,1,7,8,ITC,ITC2,2,Valle d'Aosta / Vallée d'Aoste
2024-11-21,VDA,55,25,30,55,ITC,ITC2,2,Valle d'Aosta / Vallée d'Aoste
2024-09-23,PUG,5,1,4,5,ITF,ITF4,16,Puglia
2024-10-16,PUG,245,137,108,245,ITF,ITF4,16,Puglia
2024-10-19,PUG,33,12,21,33,ITF,ITF4,16,Puglia
2024-10-22,PUG,345,180,165,345,ITF,ITF4,16,Puglia
2024-10-25,PUG,313,165,148,313,ITF,ITF4,16,Puglia
2024-11-14,PUG,659,337,322,659,ITF,ITF4,16,Puglia
2024-11-17,PUG,22,12,10,22,ITF,ITF4,16,Puglia
2024-10-01,SAR,7,4,3,7,ITG,ITG2,20,Sardegna
2024-10-04,SAR,9,5,4,9,ITG,ITG2,20,Sardegna
2024-10-07,SAR,21,9,12,21,ITG,ITG2,20,Sardegna
2024-10-10,SAR,28,16,12,28,ITG,ITG2,20,Sardegna
2024-10-30,SAR,140,66,74,140,ITG,ITG2,20,Sardegna
2024-11-05,SAR,212,114,98,212,ITG,ITG2,20,Sardegna
2024-11-08,SAR,253,140,113,253,ITG,ITG2,20,Sardegna
2024-10-11,SIC,10,6,4,10,ITG,ITG1,19,Sicilia
2024-10-14,SIC,13,5,8,13,ITG,ITG1,19,Sicilia
2024-11-09,SIC,6,5,1,6,ITG,ITG1,19,Sicilia
2024-11-12,SIC,36,21,15,36,ITG,ITG1,19,Sicilia
2024-11-15,SIC,49,29,20,49,ITG,ITG1,19,Sicilia
2024-11-18,SIC,19,11,8,19,ITG,ITG1,19,Sicilia
2024-09-20,TOS,4,3,1,4,ITI,ITI1,9,Toscana
2024-10-16,TOS,1261,566,695,1261,ITI,ITI1,9,Toscana
2024-10-19,TOS,523,246,277,523,ITI,ITI1,9,Toscana
2024-10-22,TOS,1886,879,1007,1886,ITI,ITI1,9,Toscana
2024-11-14,TOS,2819,1301,1518,2819,ITI,ITI1,9,Toscana
2024-11-17,TOS,19,11,8,19,ITI,ITI1,9,Toscana
2024-11-20,TOS,1845,880,965,1845,ITI,ITI1,9,Toscana
2024-11-04,UMB,44,25,19,44,ITI,ITI2,10,Umbria
2024-11-07,UMB,49,29,20,49,ITI,ITI2,10,Umbria
2024-11-13,UMB,59,29,30,59,ITI,ITI2,10,Umbria
2024-10-09,VDA,41,23,18,41,ITC,ITC2,2,Valle d'Aosta / Vallée d'Aoste
2024-10-29,VDA,111,53,58,111,ITC,ITC2,2,Valle d'Aosta / Vallée d'Aoste
2024-11-04,VDA,75,38,37,75,ITC,ITC2,2,Valle d'Aosta / Vallée d'Aoste
2024-11-07,VDA,114,64,50,114,ITC,ITC2,2,Valle d'Aosta / Vallée d'Aoste
2024-10-12,PUG,34,15,19,34,ITF,ITF4,16,Puglia
2024-10-15,PUG,246,128,118,246,ITF,ITF4,16,Puglia
2024-10-18,PUG,260,133,127,260,ITF,ITF4,16,Puglia
2024-10-21,PUG,260,133,127,260,ITF,ITF4,16,Puglia
2024-11-10,PUG,33,16,17,33,ITF,ITF4,16,Puglia
2024-11-13,PUG,595,312,283,595,ITF,ITF4,16,Puglia
2024-11-16,PUG,298,167,131,298,ITF,ITF4,16,Puglia
2024-11-19,PUG,573,297,276,573,ITF,ITF4,16,Puglia
2024-09-27,SAR,4,3,1,4,ITG,ITG2,20,Sardegna
2024-09-30,SAR,10,7,3,10,ITG,ITG2,20,Sardegna
2024-10-03,SAR,3,1,2,3,ITG,ITG2,20,Sardegna
2024-10-29,SAR,136,77,59,136,ITG,ITG2,20,Sardegna
2024-11-04,SAR,134,65,69,134,ITG,ITG2,20,Sardegna
2024-10-15,SIC,14,9,5,14,ITG,ITG1,19,Sicilia
2024-10-18,SIC,14,8,6,14,ITG,ITG1,19,Sicilia
2024-11-13,SIC,22,13,9,22,ITG,ITG1,19,Sicilia
2024-11-16,SIC,3,0,3,3,ITG,ITG1,19,Sicilia
2024-11-19,SIC,44,25,19,44,ITG,ITG1,19,Sicilia
2024-09-21,TOS,8,3,5,8,ITI,ITI1,9,Toscana
2024-09-27,TOS,1,0,1,1,ITI,ITI1,9,Toscana
2024-10-20,TOS,40,16,24,40,ITI,ITI1,9,Toscana
2024-10-23,TOS,2094,1013,1081,2094,ITI,ITI1,9,Toscana
2024-10-26,TOS,681,311,370,681,ITI,ITI1,9,Toscana
2024-11-18,TOS,1488,713,775,1488,ITI,ITI1,9,Toscana
2024-11-21,TOS,1796,778,1018,1796,ITI,ITI1,9,Toscana
2024-10-16,UMB,7,3,4,7,ITI,ITI2,10,Umbria
2024-11-08,UMB,18,13,5,18,ITI,ITI2,10,Umbria
2024-11-11,UMB,15,5,10,15,ITI,ITI2,10,Umbria
2024-11-14,UMB,43,27,16,43,ITI,ITI2,10,Umbria
2024-10-10,VDA,27,11,16,27,ITC,ITC2,2,Valle d'Aosta / Vallée d'Aoste
2024-11-02,VDA,6,2,4,6,ITC,ITC2,2,Valle d'Aosta / Vallée d'Aoste
2024-11-05,VDA,56,25,31,56,ITC,ITC2,2,Valle d'Aosta / Vallée d'Aoste
2024-11-08,VDA,125,65,60,125,ITC,ITC2,2,Valle d'Aosta / Vallée d'Aoste
2024-11-11,VDA,57,31,26,57,ITC,ITC2,2,Valle d'Aosta / Vallée d'Aoste
2024-10-30,PAT,134,51,83,134,ITH,ITH2,4,Provincia Autonoma Trento
2024-09-27,PIE,7,4,3,7,ITC,ITC1,1,Piemonte
2024-09-30,PIE,7,4,3,7,ITC,ITC1,1,Piemonte
2024-10-03,PIE,19,9,10,19,ITC,ITC1,1,Piemonte
2024-10-29,PIE,1577,689,888,1577,ITC,ITC1,1,Piemonte
2024-11-01,PIE,31,11,20,31,ITC,ITC1,1,Piemonte
2024-11-04,PIE,994,479,515,994,ITC,ITC1,1,Piemonte
2024-11-07,PIE,1656,776,880,1656,ITC,ITC1,1,Piemonte
2024-10-01,PUG,12,4,8,12,ITF,ITF4,16,Puglia
2024-10-24,PUG,322,167,155,322,ITF,ITF4,16,Puglia
2024-10-30,PUG,480,254,226,480,ITF,ITF4,16,Puglia
2024-09-26,SAR,3,2,1,3,ITG,ITG2,20,Sardegna
2024-10-02,SAR,9,5,4,9,ITG,ITG2,20,Sardegna
2024-10-25,SAR,82,39,43,82,ITG,ITG2,20,Sardegna
2024-10-28,SAR,110,51,59,110,ITG,ITG2,20,Sardegna
2024-10-31,SAR,121,62,59,121,ITG,ITG2,20,Sardegna
2024-10-03,SIC,3,2,1,3,ITG,ITG1,19,Sicilia
2024-10-09,SIC,4,4,0,4,ITG,ITG1,19,Sicilia
2024-11-04,SIC,10,5,5,10,ITG,ITG1,19,Sicilia
2024-11-07,SIC,9,4,5,9,ITG,ITG1,19,Sicilia
2024-11-10,SIC,1,0,1,1,ITG,ITG1,19,Sicilia
2024-10-08,TOS,188,75,113,188,ITI,ITI1,9,Toscana
2024-10-11,TOS,652,288,364,652,ITI,ITI1,9,Toscana
2024-10-14,TOS,861,400,461,861,ITI,ITI1,9,Toscana
2024-10-17,TOS,1860,900,960,1860,ITI,ITI1,9,Toscana
2024-11-06,TOS,2723,1231,1492,2723,ITI,ITI1,9,Toscana
2024-11-09,TOS,854,406,448,854,ITI,ITI1,9,Toscana
2024-11-12,TOS,1981,910,1071,1981,ITI,ITI1,9,Toscana
2024-11-15,TOS,2237,1054,1183,2237,ITI,ITI1,9,Toscana
2024-10-30,UMB,15,6,9,15,ITI,ITI2,10,Umbria
2024-11-02,UMB,6,2,4,6,ITI,ITI2,10,Umbria
2024-11-05,UMB,29,13,16,29,ITI,ITI2,10,Umbria
2024-10-08,VDA,30,13,17,30,ITC,ITC2,2,Valle d'Aosta / Vallée d'Aoste
2024-10-11,VDA,76,39,37,76,ITC,ITC2,2,Valle d'Aosta / Vallée d'Aoste
2024-10-14,VDA,64,29,35,64,ITC,ITC2,2,Valle d'Aosta / Vallée d'Aoste
2024-10-17,VDA,91,38,53,91,ITC,ITC2,2,Valle d'Aosta / Vallée d'Aoste
2024-11-06,VDA,155,72,83,155,ITC,ITC2,2,Valle d'Aosta / Vallée d'Aoste
2024-11-09,VDA,71,35,36,71,ITC,ITC2,2,Valle d'Aosta / Vallée d'Aoste
2024-11-12,VDA,69,41,28,69,ITC,ITC2,2,Valle d'Aosta / Vallée d'Aoste
2024-11-15,VDA,80,40,40,80,ITC,ITC2,2,Valle d'Aosta / Vallée d'Aoste
2024-11-04,PAT,241,117,124,241,ITH,ITH2,4,Provincia Autonoma Trento
2024-11-07,PAT,70,24,46,70,ITH,ITH2,4,Provincia Autonoma Trento
2024-11-10,PAT,8,4,4,8,ITH,ITH2,4,Provincia Autonoma Trento
2024-10-11,PIE,165,73,92,165,ITC,ITC1,1,Piemonte
2024-10-14,PIE,209,109,100,209,ITC,ITC1,1,Piemonte
2024-11-06,PIE,1307,567,740,1307,ITC,ITC1,1,Piemonte
2024-11-09,PIE,561,270,291,561,ITC,ITC1,1,Piemonte
2024-11-12,PIE,1397,642,755,1397,ITC,ITC1,1,Piemonte
2024-09-30,PUG,6,4,2,6,ITF,ITF4,16,Puglia
2024-10-03,PUG,10,7,3,10,ITF,ITF4,16,Puglia
2024-10-09,PUG,57,40,17,57,ITF,ITF4,16,Puglia
2024-10-29,PUG,581,311,270,581,ITF,ITF4,16,Puglia
2024-11-01,PUG,1,0,1,1,ITF,ITF4,16,Puglia
2024-11-04,PUG,302,161,141,302,ITF,ITF4,16,Puglia
2024-11-07,PUG,561,275,286,561,ITF,ITF4,16,Puglia
2024-10-17,SAR,78,31,47,78,ITG,ITG2,20,Sardegna
2024-10-23,SAR,87,46,41,87,ITG,ITG2,20,Sardegna
2024-11-15,SAR,173,84,89,173,ITG,ITG2,20,Sardegna
2024-11-18,SAR,184,84,100,184,ITG,ITG2,20,Sardegna
2024-11-21,SAR,161,83,78,161,ITG,ITG2,20,Sardegna
2024-10-01,SIC,1,0,1,1,ITG,ITG1,19,Sicilia
2024-10-30,SIC,2,1,1,2,ITG,ITG1,19,Sicilia
2024-11-02,SIC,13,9,4,13,ITG,ITG1,19,Sicilia
2024-09-30,TOS,4,1,3,4,ITI,ITI1,9,Toscana
2024-10-03,TOS,59,12,47,59,ITI,ITI1,9,Toscana
2024-10-09,TOS,240,110,130,240,ITI,ITI1,9,Toscana
2024-10-29,TOS,2414,1109,1305,2414,ITI,ITI1,9,Toscana
2024-11-01,TOS,58,25,33,58,ITI,ITI1,9,Toscana
2024-11-04,TOS,1680,801,879,1680,ITI,ITI1,9,Toscana
2024-11-07,TOS,2982,1391,1591,2982,ITI,ITI1,9,Toscana
2024-10-19,UMB,3,0,3,3,ITI,ITI2,10,Umbria
2024-10-22,UMB,15,8,7,15,ITI,ITI2,10,Umbria
2024-10-25,UMB,26,12,14,26,ITI,ITI2,10,Umbria
2024-10-28,UMB,7,3,4,7,ITI,ITI2,10,Umbria
2024-11-20,UMB,22,11,11,22,ITI,ITI2,10,Umbria
2024-10-16,VDA,201,100,101,201,ITC,ITC2,2,Valle d'Aosta / Vallée d'Aoste
2024-10-19,VDA,28,12,16,28,ITC,ITC2,2,Valle d'Aosta / Vallée d'Aoste
2024-10-22,VDA,79,36,43,79,ITC,ITC2,2,Valle d'Aosta / Vallée d'Aoste
2024-10-25,VDA,75,31,44,75,ITC,ITC2,2,Valle d'Aosta / Vallée d'Aoste
2024-11-14,VDA,106,45,61,106,ITC,ITC2,2,Valle d'Aosta / Vallée d'Aoste
2024-11-20,VDA,98,40,58,98,ITC,ITC2,2,Valle d'Aosta / Vallée d'Aoste
2024-10-10,PIE,66,36,30,66,ITC,ITC1,1,Piemonte
2024-11-02,PIE,155,71,84,155,ITC,ITC1,1,Piemonte
2024-11-05,PIE,1366,602,764,1366,ITC,ITC1,1,Piemonte
2024-11-08,PIE,1906,899,1007,1906,ITC,ITC1,1,Piemonte
2024-10-20,PUG,1,0,1,1,ITF,ITF4,16,Puglia
2024-10-23,PUG,352,189,163,352,ITF,ITF4,16,Puglia
2024-10-26,PUG,45,26,19,45,ITF,ITF4,16,Puglia
2024-11-18,PUG,423,192,231,423,ITF,ITF4,16,Puglia
2024-10-21,SAR,66,35,31,66,ITG,ITG2,20,Sardegna
2024-10-24,SAR,92,50,42,92,ITG,ITG2,20,Sardegna
2024-11-19,SAR,205,113,92,205,ITG,ITG2,20,Sardegna
2024-10-07,SIC,11,10,1,11,ITG,ITG1,19,Sicilia
2024-10-10,SIC,11,5,6,11,ITG,ITG1,19,Sicilia
2024-11-05,SIC,17,11,6,17,ITG,ITG1,19,Sicilia
2024-11-08,SIC,40,27,13,40,ITG,ITG1,19,Sicilia
2024-11-11,SIC,6,3,3,6,ITG,ITG1,19,Sicilia
2024-11-14,SIC,25,18,7,25,ITG,ITG1,19,Sicilia
2024-09-19,TOS,6,2,4,6,ITI,ITI1,9,Toscana
2024-10-12,TOS,231,97,134,231,ITI,ITI1,9,Toscana
2024-10-15,TOS,1084,480,604,1084,ITI,ITI1,9,Toscana
2024-10-18,TOS,1782,858,924,1782,ITI,ITI1,9,Toscana
2024-10-21,TOS,1435,669,766,1435,ITI,ITI1,9,Toscana
2024-11-10,TOS,22,16,6,22,ITI,ITI1,9,Toscana
2024-11-13,TOS,2422,1145,1277,2422,ITI,ITI1,9,Toscana
2024-11-16,TOS,754,331,423,754,ITI,ITI1,9,Toscana
2024-11-19,TOS,1490,695,795,1490,ITI,ITI1,9,Toscana
2024-10-31,UMB,32,19,13,32,ITI,ITI2,10,Umbria
2024-11-06,UMB,17,8,9,17,ITI,ITI2,10,Umbria
2024-11-09,UMB,4,2,2,4,ITI,ITI2,10,Umbria
2024-10-12,VDA,24,15,9,24,ITC,ITC2,2,Valle d'Aosta / Vallée d'Aoste
2024-10-15,VDA,42,23,19,42,ITC,ITC2,2,Valle d'Aosta / Vallée d'Aoste
2024-10-18,VDA,103,52,51,103,ITC,ITC2,2,Valle d'Aosta / Vallée d'Aoste
2024-10-21,VDA,80,37,43,80,ITC,ITC2,2,Valle d'Aosta / Vallée d'Aoste
2024-11-13,VDA,116,63,53,116,ITC,ITC2,2,Valle d'Aosta / Vallée d'Aoste
2024-11-16,VDA,22,10,12,22,ITC,ITC2,2,Valle d'Aosta / Vallée d'Aoste
2024-11-19,VDA,34,10,24,34,ITC,ITC2,2,Valle d'Aosta / Vallée d'Aoste
2024-11-15,PIE,1695,781,914,1695,ITC,ITC1,1,Piemonte
2024-11-18,PIE,1044,484,560,1044,ITC,ITC1,1,Piemonte
2024-11-21,PIE,1048,533,515,1048,ITC,ITC1,1,Piemonte
2024-10-04,PUG,19,11,8,19,ITF,ITF4,16,Puglia
2024-10-07,PUG,13,11,2,13,ITF,ITF4,16,Puglia
2024-10-10,PUG,93,60,33,93,ITF,ITF4,16,Puglia
2024-11-02,PUG,27,11,16,27,ITF,ITF4,16,Puglia
2024-11-05,PUG,661,356,305,661,ITF,ITF4,16,Puglia
2024-11-08,PUG,599,305,294,599,ITF,ITF4,16,Puglia
2024-11-11,PUG,466,216,250,466,ITF,ITF4,16,Puglia
2024-10-08,SAR,16,8,8,16,ITG,ITG2,20,Sardegna
2024-10-11,SAR,19,9,10,19,ITG,ITG2,20,Sardegna
2024-10-14,SAR,37,23,14,37,ITG,ITG2,20,Sardegna
2024-11-03,SAR,12,6,6,12,ITG,ITG2,20,Sardegna
2024-11-06,SAR,363,174,189,363,ITG,ITG2,20,Sardegna
2024-11-12,SAR,391,188,203,391,ITG,ITG2,20,Sardegna
2024-09-30,SIC,4,1,3,4,ITG,ITG1,19,Sicilia
2024-10-29,SIC,31,17,14,31,ITG,ITG1,19,Sicilia
2024-10-02,TOS,30,8,22,30,ITI,ITI1,9,Toscana
2024-10-05,TOS,4,3,1,4,ITI,ITI1,9,Toscana
2024-10-25,TOS,2475,1146,1329,2475,ITI,ITI1,9,Toscana
2024-10-28,TOS,1867,877,990,1867,ITI,ITI1,9,Toscana
2024-10-31,TOS,2181,992,1189,2181,ITI,ITI1,9,Toscana
2024-11-03,TOS,2,0,2,2,ITI,ITI1,9,Toscana
2024-10-15,UMB,3,2,1,3,ITI,ITI2,10,Umbria
2024-10-18,UMB,9,6,3,9,ITI,ITI2,10,Umbria
2024-10-24,UMB,49,23,26,49,ITI,ITI2,10,Umbria
2024-11-16,UMB,7,4,3,7,ITI,ITI2,10,Umbria
2024-11-19,UMB,26,12,14,26,ITI,ITI2,10,Umbria
2024-10-05,VDA,1,0,1,1,ITC,ITC2,2,Valle d'Aosta / Vallée d'Aoste
2024-10-28,VDA,47,22,25,47,ITC,ITC2,2,Valle d'Aosta / Vallée d'Aoste
2024-10-31,VDA,58,24,34,58,ITC,ITC2,2,Valle d'Aosta / Vallée d'Aoste
2024-11-03,VDA,4,1,3,4,ITC,ITC2,2,Valle d'Aosta / Vallée d'Aoste
2024-09-30,ABR,1,0,1,1,ITF,ITF1,13,Abruzzo
2024-10-03,ABR,2,1,1,2,ITF,ITF1,13,Abruzzo
2024-10-26,ABR,6,2,4,6,ITF,ITF1,13,Abruzzo
2024-10-29,ABR,150,71,79,150,ITF,ITF1,13,Abruzzo
2024-11-01,ABR,11,5,6,11,ITF,ITF1,13,Abruzzo
2024-11-04,ABR,209,117,92,209,ITF,ITF1,13,Abruzzo
2024-10-23,BAS,16,8,8,16,ITF,ITF5,17,Basilicata
2024-10-09,CAM,23,12,11,23,ITF,ITF3,15,Campania
2024-10-15,CAM,53,30,23,53,ITF,ITF3,15,Campania
2024-11-07,CAM,138,76,62,138,ITF,ITF3,15,Campania
2024-11-13,CAM,132,69,63,132,ITF,ITF3,15,Campania
2024-11-16,CAM,52,26,26,52,ITF,ITF3,15,Campania
2024-10-03,EMR,67,35,32,67,ITH,ITH5,8,Emilia-Romagna
2024-10-09,EMR,911,444,467,911,ITH,ITH5,8,Emilia-Romagna
2024-10-12,EMR,505,243,262,505,ITH,ITH5,8,Emilia-Romagna
2024-11-04,EMR,2193,1005,1188,2193,ITH,ITH5,8,Emilia-Romagna
2024-11-07,EMR,4991,2418,2573,4991,ITH,ITH5,8,Emilia-Romagna
2024-11-10,EMR,394,184,210,394,ITH,ITH5,8,Emilia-Romagna
2024-11-13,EMR,4182,2017,2165,4182,ITH,ITH5,8,Emilia-Romagna
2024-10-22,FVG,226,112,114,226,ITH,ITH4,6,Friuli-Venezia Giulia
2024-10-25,FVG,348,188,160,348,ITH,ITH4,6,Friuli-Venezia Giulia
2024-10-28,FVG,214,94,120,214,ITH,ITH4,6,Friuli-Venezia Giulia
2024-10-31,FVG,388,195,193,388,ITH,ITH4,6,Friuli-Venezia Giulia
2024-10-02,LAZ,60,24,36,60,ITI,ITI4,12,Lazio
2024-10-05,LAZ,3,1,2,3,ITI,ITI4,12,Lazio
2024-10-08,LAZ,209,110,99,209,ITI,ITI4,12,Lazio
2024-10-31,LAZ,988,484,504,988,ITI,ITI4,12,Lazio
2024-11-03,LAZ,8,2,6,8,ITI,ITI4,12,Lazio
2024-11-06,LAZ,1679,838,841,1679,ITI,ITI4,12,Lazio
2024-11-09,LAZ,679,325,354,679,ITI,ITI4,12,Lazio
2024-09-25,LIG,22,13,9,22,ITC,ITC3,7,Liguria
2024-10-18,LIG,261,138,123,261,ITC,ITC3,7,Liguria
2024-10-21,LIG,263,116,147,263,ITC,ITC3,7,Liguria
2024-10-24,LIG,681,342,339,681,ITC,ITC3,7,Liguria
2024-11-16,LIG,79,44,35,79,ITC,ITC3,7,Liguria
2024-11-19,LIG,649,305,344,649,ITC,ITC3,7,Liguria
2024-09-25,LOM,60,28,32,60,ITC,ITC4,3,Lombardia
2024-09-28,LOM,84,44,40,84,ITC,ITC4,3,Lombardia
2024-10-01,LOM,388,218,170,388,ITC,ITC4,3,Lombardia
2024-10-24,LOM,8832,4278,4554,8832,ITC,ITC4,3,Lombardia
2024-10-27,LOM,567,279,288,567,ITC,ITC4,3,Lombardia
2024-10-30,LOM,3473,1495,1978,3473,ITC,ITC4,3,Lombardia
2024-10-07,MAR,6,2,4,6,ITI,ITI3,11,Marche
2024-11-02,MAR,181,84,97,181,ITI,ITI3,11,Marche
2024-11-05,MAR,684,339,345,684,ITI,ITI3,11,Marche
2024-11-08,MAR,671,339,332,671,ITI,ITI3,11,Marche
2024-11-11,MAR,377,175,202,377,ITI,ITI3,11,Marche
2024-10-04,MOL,4,3,1,4,ITF,ITF2,14,Molise
2024-10-30,MOL,11,7,4,11,ITF,ITF2,14,Molise
2024-11-05,MOL,4,2,2,4,ITF,ITF2,14,Molise
2024-11-01,PAB,1,0,1,1,ITH,ITH1,4,Provincia Autonoma Bolzano / Bozen
2024-11-04,PAB,207,105,102,207,ITH,ITH1,4,Provincia Autonoma Bolzano / Bozen
2024-11-07,PAB,37,15,22,37,ITH,ITH1,4,Provincia Autonoma Bolzano / Bozen
2024-10-11,PAT,74,36,38,74,ITH,ITH2,4,Provincia Autonoma Trento
2024-10-14,PAT,34,19,15,34,ITH,ITH2,4,Provincia Autonoma Trento
2024-10-17,PAT,157,85,72,157,ITH,ITH2,4,Provincia Autonoma Trento
2024-11-09,PAT,99,45,54,99,ITH,ITH2,4,Provincia Autonoma Trento
2024-11-12,PAT,398,185,213,398,ITH,ITH2,4,Provincia Autonoma Trento
2024-11-15,PAT,193,89,104,193,ITH,ITH2,4,Provincia Autonoma Trento
2024-11-18,PAT,61,30,31,61,ITH,ITH2,4,Provincia Autonoma Trento
2024-10-16,PIE,321,181,140,321,ITC,ITC1,1,Piemonte
2024-10-19,PIE,262,118,144,262,ITC,ITC1,1,Piemonte
2024-10-22,PIE,937,432,505,937,ITC,ITC1,1,Piemonte
2024-11-11,PIE,1042,488,554,1042,ITC,ITC1,1,Piemonte
2024-11-14,PIE,1684,770,914,1684,ITC,ITC1,1,Piemonte
2024-11-17,PIE,17,6,11,17,ITC,ITC1,1,Piemonte
2024-11-20,PIE,1123,494,629,1123,ITC,ITC1,1,Piemonte
2024-10-08,PUG,28,19,9,28,ITF,ITF4,16,Puglia
2024-10-11,PUG,115,58,57,115,ITF,ITF4,16,Puglia
2024-10-14,PUG,134,73,61,134,ITF,ITF4,16,Puglia
2024-10-17,PUG,295,159,136,295,ITF,ITF4,16,Puglia
2024-11-06,PUG,685,379,306,685,ITF,ITF4,16,Puglia
2024-11-09,PUG,102,51,51,102,ITF,ITF4,16,Puglia
2024-11-12,PUG,750,394,356,750,ITF,ITF4,16,Puglia
2024-11-15,PUG,647,306,341,647,ITF,ITF4,16,Puglia
2024-10-09,SAR,18,10,8,18,ITG,ITG2,20,Sardegna
2024-10-15,SAR,50,18,32,50,ITG,ITG2,20,Sardegna
2024-10-18,SAR,75,37,38,75,ITG,ITG2,20,Sardegna
2024-11-07,SAR,397,198,199,397,ITG,ITG2,20,Sardegna
2024-11-13,SAR,321,179,142,321,ITG,ITG2,20,Sardegna
2024-11-16,SAR,2,1,1,2,ITG,ITG2,20,Sardegna
2024-10-16,SIC,6,4,2,6,ITG,ITG1,19,Sicilia
2024-10-22,SIC,21,11,10,21,ITG,ITG1,19,Sicilia
2024-10-25,SIC,26,12,14,26,ITG,ITG1,19,Sicilia
2024-11-20,SIC,20,11,9,20,ITG,ITG1,19,Sicilia
2024-09-25,TOS,3,2,1,3,ITI,ITI1,9,Toscana
2024-10-01,TOS,43,12,31,43,ITI,ITI1,9,Toscana
2024-10-24,TOS,2658,1232,1426,2658,ITI,ITI1,9,Toscana
2024-10-27,TOS,68,27,41,68,ITI,ITI1,9,Toscana
2024-10-30,TOS,2645,1211,1434,2645,ITI,ITI1,9,Toscana
2024-10-14,UMB,3,0,3,3,ITI,ITI2,10,Umbria
2024-10-17,UMB,8,5,3,8,ITI,ITI2,10,Umbria
2024-11-12,UMB,13,6,7,13,ITI,ITI2,10,Umbria
2024-11-15,UMB,32,15,17,32,ITI,ITI2,10,Umbria
2024-11-18,UMB,8,5,3,8,ITI,ITI2,10,Umbria
2024-11-21,UMB,14,6,8,14,ITI,ITI2,10,Umbria
2024-10-24,VDA,114,59,55,114,ITC,ITC2,2,Valle d'Aosta / Vallée d'Aoste
2024-10-30,VDA,160,76,84,160,ITC,ITC2,2,Valle d'Aosta / Vallée d'Aoste
