data,area,totale,m,f,d,N1,N2,ISTAT,reg
2023-11-16,LAZ,2551,1245,1306,2551,ITI,ITI4,12,Lazio
2023-10-19,PAT,318,146,172,318,ITH,ITH2,4,Provincia Autonoma Trento
2023-10-27,MAR,907,477,430,907,ITI,ITI3,11,Marche
2023-12-20,UMB,858,447,411,858,ITI,ITI2,10,Umbria
2023-11-03,LAZ,1681,849,832,1681,ITI,ITI4,12,Lazio
2023-10-05,PIE,14,9,5,14,ITC,ITC1,1,Piemonte
2023-11-13,LIG,394,190,204,394,ITC,ITC3,7,Liguria
2023-10-21,LAZ,442,217,225,442,ITI,ITI4,12,Lazio
2023-11-05,MAR,28,11,17,28,ITI,ITI3,11,Marche
2023-11-14,PAT,454,226,228,454,ITH,ITH2,4,Provincia Autonoma Trento
2023-11-07,UMB,482,228,254,482,ITI,ITI2,10,Umbria
2023-11-14,ABR,228,106,122,228,ITF,ITF1,13,Abruzzo
2023-11-18,LIG,257,127,130,257,ITC,ITC3,7,Liguria
2023-10-19,PUG,487,262,225,487,ITF,ITF4,16,Puglia
2023-10-14,TOS,358,182,176,358,ITI,ITI1,9,Toscana
2023-11-25,MOL,85,42,43,85,ITF,ITF2,14,Molise
2023-10-27,LAZ,1370,688,682,1370,ITI,ITI4,12,Lazio
2023-10-03,PUG,10,7,3,10,ITF,ITF4,16,Puglia
2023-12-02,PIE,1175,595,580,1175,ITC,ITC1,1,Piemonte
2023-11-16,MAR,837,420,417,837,ITI,ITI3,11,Marche
2023-10-31,PAT,448,243,205,448,ITH,ITH2,4,Provincia Autonoma Trento
2023-11-14,PUG,1850,955,895,1850,ITF,ITF4,16,Puglia
2023-12-17,PIE,416,227,189,416,ITC,ITC1,1,Piemonte
2023-11-29,SAR,854,433,421,854,ITG,ITG2,20,Sardegna
2023-11-27,CAL,210,118,92,210,ITF,ITF6,18,Calabria
2023-12-14,VDA,63,30,33,63,ITC,ITC2,2,Valle d'Aosta / Vallée d'Aoste
2023-11-14,BAS,24,10,14,24,ITF,ITF5,17,Basilicata
2023-10-05,SAR,42,23,19,42,ITG,ITG2,20,Sardegna
2023-12-21,LIG,1006,521,485,1006,ITC,ITC3,7,Liguria
2023-10-22,LOM,381,190,191,381,ITC,ITC4,3,Lombardia
2023-10-31,PUG,864,443,421,864,ITF,ITF4,16,Puglia
2023-12-20,LIG,2319,1092,1227,2319,ITC,ITC3,7,Liguria
2023-11-16,VDA,116,57,59,116,ITC,ITC2,2,Valle d'Aosta / Vallée d'Aoste
2023-10-09,FVG,48,26,22,48,ITH,ITH4,6,Friuli-Venezia Giulia
2023-10-12,LIG,126,48,78,126,ITC,ITC3,7,Liguria
2023-11-18,PAB,9,2,7,9,ITH,ITH1,4,Provincia Autonoma Bolzano / Bozen
2023-10-26,LAZ,841,412,429,841,ITI,ITI4,12,Lazio
2023-10-09,LOM,380,153,227,380,ITC,ITC4,3,Lombardia
2023-10-16,CAM,166,94,72,166,ITF,ITF3,15,Campania
2023-11-09,LIG,1033,523,510,1033,ITC,ITC3,7,Liguria
2023-11-04,SIC,11,7,4,11,ITG,ITG1,19,Sicilia
2023-12-15,PUG,3403,1671,1732,3403,ITF,ITF4,16,Puglia
2023-11-18,UMB,235,120,115,235,ITI,ITI2,10,Umbria
2023-11-23,FVG,1256,584,672,1256,ITH,ITH4,6,Friuli-Venezia Giulia
2023-11-15,MAR,749,373,376,749,ITI,ITI3,11,Marche
2023-11-06,FVG,931,411,520,931,ITH,ITH4,6,Friuli-Venezia Giulia
2023-11-07,PAB,550,278,272,550,ITH,ITH1,4,Provincia Autonoma Bolzano / Bozen
2023-10-17,PAB,494,251,243,494,ITH,ITH1,4,Provincia Autonoma Bolzano / Bozen
2023-11-29,VEN,4345,2049,2296,4345,ITH,ITH3,5,Veneto
2023-11-28,PUG,1857,953,904,1857,ITF,ITF4,16,Puglia
2023-10-17,LIG,350,149,201,350,ITC,ITC3,7,Liguria
2023-10-03,FVG,6,2,4,6,ITH,ITH4,6,Friuli-Venezia Giulia
2023-12-14,MAR,1055,526,529,1055,ITI,ITI3,11,Marche
2023-11-29,LOM,10652,5063,5589,10652,ITC,ITC4,3,Lombardia
2023-10-11,FVG,72,36,36,72,ITH,ITH4,6,Friuli-Venezia Giulia
2023-12-20,PAB,414,232,182,414,ITH,ITH1,4,Provincia Autonoma Bolzano / Bozen
2023-11-28,PAT,465,212,253,465,ITH,ITH2,4,Provincia Autonoma Trento
2023-11-15,SIC,64,30,34,64,ITG,ITG1,19,Sicilia
2023-10-16,LOM,4579,2411,2168,4579,ITC,ITC4,3,Lombardia
2023-11-15,LAZ,2424,1199,1225,2424,ITI,ITI4,12,Lazio
2023-11-06,PUG,1227,636,591,1227,ITF,ITF4,16,Puglia
2023-10-22,EMR,105,50,55,105,ITH,ITH5,8,Emilia-Romagna
2023-10-21,TOS,864,437,427,864,ITI,ITI1,9,Toscana
2023-10-29,UMB,3,1,2,3,ITI,ITI2,10,Umbria
2023-11-06,CAL,60,32,28,60,ITF,ITF6,18,Calabria
2023-11-23,VDA,86,49,37,86,ITC,ITC2,2,Valle d'Aosta / Vallée d'Aoste
2023-12-05,BAS,244,130,114,244,ITF,ITF5,17,Basilicata
2023-10-24,PUG,1087,578,509,1087,ITF,ITF4,16,Puglia
2023-10-27,VDA,213,95,118,213,ITC,ITC2,2,Valle d'Aosta / Vallée d'Aoste
2023-12-01,LIG,1111,568,543,1111,ITC,ITC3,7,Liguria
2023-11-13,UMB,415,201,214,415,ITI,ITI2,10,Umbria
2023-12-12,LAZ,4428,2143,2285,4428,ITI,ITI4,12,Lazio
2023-11-21,MOL,47,29,18,47,ITF,ITF2,14,Molise
2023-12-15,PAT,451,224,227,451,ITH,ITH2,4,Provincia Autonoma Trento
2023-12-03,CAM,20,12,8,20,ITF,ITF3,15,Campania
2023-11-11,SIC,31,16,15,31,ITG,ITG1,19,Sicilia
2023-12-17,CAM,80,41,39,80,ITF,ITF3,15,Campania
2023-10-24,TOS,2453,1131,1322,2453,ITI,ITI1,9,Toscana
2023-11-13,PAB,200,77,123,200,ITH,ITH1,4,Provincia Autonoma Bolzano / Bozen
2023-10-25,MOL,74,40,34,74,ITF,ITF2,14,Molise
2023-11-12,MOL,16,10,6,16,ITF,ITF2,14,Molise
2023-10-22,ABR,5,3,2,5,ITF,ITF1,13,Abruzzo
2023-10-22,VEN,6,4,2,6,ITH,ITH3,5,Veneto
2023-10-13,LAZ,248,119,129,248,ITI,ITI4,12,Lazio
2023-12-01,VEN,3381,1682,1699,3381,ITH,ITH3,5,Veneto
2023-12-04,BAS,90,53,37,90,ITF,ITF5,17,Basilicata
2023-10-31,FVG,1065,503,562,1065,ITH,ITH4,6,Friuli-Venezia Giulia
2023-11-12,UMB,127,73,54,127,ITI,ITI2,10,Umbria
2023-10-12,SAR,48,27,21,48,ITG,ITG2,20,Sardegna
2023-11-10,LOM,9899,4598,5301,9899,ITC,ITC4,3,Lombardia
2023-12-21,PAB,368,201,167,368,ITH,ITH1,4,Provincia Autonoma Bolzano / Bozen
2023-11-19,EMR,321,142,179,321,ITH,ITH5,8,Emilia-Romagna
2023-11-30,PAT,680,344,336,680,ITH,ITH2,4,Provincia Autonoma Trento
2023-11-08,BAS,30,22,8,30,ITF,ITF5,17,Basilicata
2023-12-12,PIE,3400,1650,1750,3400,ITC,ITC1,1,Piemonte
2023-11-23,LOM,8912,4161,4751,8912,ITC,ITC4,3,Lombardia
2023-10-26,CAM,402,225,177,402,ITF,ITF3,15,Campania
2023-11-09,PAB,551,266,285,551,ITH,ITH1,4,Provincia Autonoma Bolzano / Bozen
2023-10-23,LIG,290,145,145,290,ITC,ITC3,7,Liguria
2023-11-30,PUG,2145,1029,1116,2145,ITF,ITF4,16,Puglia
2023-11-29,FVG,1328,631,697,1328,ITH,ITH4,6,Friuli-Venezia Giulia
2023-10-12,LOM,563,245,318,563,ITC,ITC4,3,Lombardia
2023-11-19,LOM,493,236,257,493,ITC,ITC4,3,Lombardia
2023-10-16,PAT,226,76,150,226,ITH,ITH2,4,Provincia Autonoma Trento
2023-12-09,TOS,531,261,270,531,ITI,ITI1,9,Toscana
2023-11-02,VDA,158,70,88,158,ITC,ITC2,2,Valle d'Aosta / Vallée d'Aoste
2023-10-09,SAR,66,32,34,66,ITG,ITG2,20,Sardegna
2023-12-19,LAZ,5214,2425,2789,5214,ITI,ITI4,12,Lazio
2023-10-24,LIG,854,358,496,854,ITC,ITC3,7,Liguria
2023-11-28,CAM,519,269,250,519,ITF,ITF3,15,Campania
2023-11-11,LAZ,990,492,498,990,ITI,ITI4,12,Lazio
2023-10-28,PUG,387,206,181,387,ITF,ITF4,16,Puglia
2023-11-27,MOL,56,30,26,56,ITF,ITF2,14,Molise
2023-11-15,SAR,585,306,279,585,ITG,ITG2,20,Sardegna
2023-11-13,BAS,20,11,9,20,ITF,ITF5,17,Basilicata
2023-12-05,PAT,581,265,316,581,ITH,ITH2,4,Provincia Autonoma Trento
2023-11-25,FVG,668,350,318,668,ITH,ITH4,6,Friuli-Venezia Giulia
2023-12-07,UMB,496,253,243,496,ITI,ITI2,10,Umbria
2023-12-07,PIE,3417,1623,1794,3417,ITC,ITC1,1,Piemonte
2023-10-30,VDA,102,55,47,102,ITC,ITC2,2,Valle d'Aosta / Vallée d'Aoste
2023-12-15,VDA,95,44,51,95,ITC,ITC2,2,Valle d'Aosta / Vallée d'Aoste
2023-11-08,PIE,3109,1520,1589,3109,ITC,ITC1,1,Piemonte
2023-12-04,LIG,818,383,435,818,ITC,ITC3,7,Liguria
2023-12-16,TOS,1179,589,590,1179,ITI,ITI1,9,Toscana
2023-11-17,CAM,471,259,212,471,ITF,ITF3,15,Campania
2023-10-10,LIG,18,6,12,18,ITC,ITC3,7,Liguria
2023-10-04,SAR,24,10,14,24,ITG,ITG2,20,Sardegna
2023-11-30,BAS,87,51,36,87,ITF,ITF5,17,Basilicata
2023-10-21,EMR,1053,514,539,1053,ITH,ITH5,8,Emilia-Romagna
2023-12-19,UMB,487,260,227,487,ITI,ITI2,10,Umbria
2023-11-22,ABR,201,111,90,201,ITF,ITF1,13,Abruzzo
2023-12-04,PIE,1980,921,1059,1980,ITC,ITC1,1,Piemonte
2023-11-17,LOM,8993,4156,4837,8993,ITC,ITC4,3,Lombardia
2023-11-27,EMR,3603,1704,1899,3603,ITH,ITH5,8,Emilia-Romagna
2023-12-02,VEN,1814,914,900,1814,ITH,ITH3,5,Veneto
2023-11-29,MOL,106,63,43,106,ITF,ITF2,14,Molise
2023-10-25,LOM,9614,4611,5003,9614,ITC,ITC4,3,Lombardia
2023-11-30,SIC,300,159,141,300,ITG,ITG1,19,Sicilia
2023-11-15,VEN,3048,1416,1632,3048,ITH,ITH3,5,Veneto
2023-11-27,VDA,65,33,32,65,ITC,ITC2,2,Valle d'Aosta / Vallée d'Aoste
2023-11-06,SIC,53,26,27,53,ITG,ITG1,19,Sicilia
2023-10-20,VDA,143,67,76,143,ITC,ITC2,2,Valle d'Aosta / Vallée d'Aoste
2023-12-02,FVG,594,298,296,594,ITH,ITH4,6,Friuli-Venezia Giulia
2023-11-28,VDA,77,40,37,77,ITC,ITC2,2,Valle d'Aosta / Vallée d'Aoste
2023-11-02,MOL,32,16,16,32,ITF,ITF2,14,Molise
2023-09-29,LIG,86,27,59,86,ITC,ITC3,7,Liguria
2023-12-12,EMR,4948,2431,2517,4948,ITH,ITH5,8,Emilia-Romagna
2023-11-14,TOS,4747,2147,2600,4747,ITI,ITI1,9,Toscana
2023-11-28,MAR,13,3,10,13,ITI,ITI3,11,Marche
2023-10-15,LAZ,61,26,35,61,ITI,ITI4,12,Lazio
2023-11-09,EMR,7751,3755,3996,7751,ITH,ITH5,8,Emilia-Romagna
2023-12-18,PIE,2376,1186,1190,2376,ITC,ITC1,1,Piemonte
2023-10-11,PIE,136,70,66,136,ITC,ITC1,1,Piemonte
2023-11-01,LAZ,25,11,14,25,ITI,ITI4,12,Lazio
2023-10-25,LIG,624,294,330,624,ITC,ITC3,7,Liguria
2023-11-16,PAT,660,334,326,660,ITH,ITH2,4,Provincia Autonoma Trento
2023-10-13,PAT,54,24,30,54,ITH,ITH2,4,Provincia Autonoma Trento
2023-11-24,MOL,37,23,14,37,ITF,ITF2,14,Molise
2023-10-25,FVG,676,328,348,676,ITH,ITH4,6,Friuli-Venezia Giulia
2023-10-18,SAR,167,86,81,167,ITG,ITG2,20,Sardegna
2023-11-06,LAZ,1504,761,743,1504,ITI,ITI4,12,Lazio
2023-10-18,VEN,237,63,174,237,ITH,ITH3,5,Veneto
2023-10-26,ABR,166,95,71,166,ITF,ITF1,13,Abruzzo
2023-10-20,MAR,509,266,243,509,ITI,ITI3,11,Marche
2023-10-03,LAZ,56,28,28,56,ITI,ITI4,12,Lazio
2023-11-28,ABR,395,187,208,395,ITF,ITF1,13,Abruzzo
2023-11-16,PUG,1913,981,932,1913,ITF,ITF4,16,Puglia
2023-12-07,PAB,272,124,148,272,ITH,ITH1,4,Provincia Autonoma Bolzano / Bozen
2023-12-15,MAR,1017,497,520,1017,ITI,ITI3,11,Marche
2023-12-12,ABR,380,190,190,380,ITF,ITF1,13,Abruzzo
2023-11-11,VEN,2216,1116,1100,2216,ITH,ITH3,5,Veneto
2023-10-27,PIE,2149,1043,1106,2149,ITC,ITC1,1,Piemonte
2023-11-20,TOS,4080,1882,2198,4080,ITI,ITI1,9,Toscana
2023-11-21,ABR,283,152,131,283,ITF,ITF1,13,Abruzzo
2023-11-18,BAS,25,9,16,25,ITF,ITF5,17,Basilicata
2023-11-21,VDA,70,29,41,70,ITC,ITC2,2,Valle d'Aosta / Vallée d'Aoste
2023-10-13,FVG,40,18,22,40,ITH,ITH4,6,Friuli-Venezia Giulia
2023-12-07,TOS,4939,2324,2615,4939,ITI,ITI1,9,Toscana
2023-10-31,LAZ,1479,731,748,1479,ITI,ITI4,12,Lazio
2023-10-18,LOM,5856,2951,2905,5856,ITC,ITC4,3,Lombardia
2023-11-25,LOM,215,102,113,215,ITC,ITC4,3,Lombardia
2023-11-17,CAL,93,44,49,93,ITF,ITF6,18,Calabria
2023-12-13,LAZ,4581,2192,2389,4581,ITI,ITI4,12,Lazio
2023-10-11,TOS,610,292,318,610,ITI,ITI1,9,Toscana
2023-11-21,EMR,5785,2767,3018,5785,ITH,ITH5,8,Emilia-Romagna
2023-12-18,TOS,2768,1324,1444,2768,ITI,ITI1,9,Toscana
2023-12-04,CAM,674,380,294,674,ITF,ITF3,15,Campania
2023-11-17,LIG,689,350,339,689,ITC,ITC3,7,Liguria
2023-10-10,CAM,64,39,25,64,ITF,ITF3,15,Campania
2023-11-26,SIC,25,15,10,25,ITG,ITG1,19,Sicilia
2023-10-19,LAZ,363,170,193,363,ITI,ITI4,12,Lazio
2023-11-30,LAZ,3524,1769,1755,3524,ITI,ITI4,12,Lazio
2023-11-22,VDA,118,54,64,118,ITC,ITC2,2,Valle d'Aosta / Vallée d'Aoste
2023-11-11,UMB,371,172,199,371,ITI,ITI2,10,Umbria
2023-10-28,SIC,9,2,7,9,ITG,ITG1,19,Sicilia
2023-12-11,VDA,15,9,6,15,ITC,ITC2,2,Valle d'Aosta / Vallée d'Aoste
2023-11-22,BAS,49,25,24,49,ITF,ITF5,17,Basilicata
2023-10-15,TOS,15,9,6,15,ITI,ITI1,9,Toscana
2023-10-06,LAZ,69,40,29,69,ITI,ITI4,12,Lazio
2023-12-08,ABR,12,5,7,12,ITF,ITF1,13,Abruzzo
2023-11-26,LAZ,12,4,8,12,ITI,ITI4,12,Lazio
2023-11-08,CAM,407,228,179,407,ITF,ITF3,15,Campania
2023-11-16,UMB,797,384,413,797,ITI,ITI2,10,Umbria
2023-12-13,LOM,11229,5458,5771,11229,ITC,ITC4,3,Lombardia
2023-12-08,FVG,351,196,155,351,ITH,ITH4,6,Friuli-Venezia Giulia
2023-11-09,MAR,1154,536,618,1154,ITI,ITI3,11,Marche
2023-10-05,TOS,421,224,197,421,ITI,ITI1,9,Toscana
2023-11-03,EMR,5468,2617,2851,5468,ITH,ITH5,8,Emilia-Romagna
2023-11-16,TOS,9006,4139,4867,9006,ITI,ITI1,9,Toscana
2023-11-09,ABR,249,132,117,249,ITF,ITF1,13,Abruzzo
2023-12-11,SAR,850,432,418,850,ITG,ITG2,20,Sardegna
2023-12-21,CAM,1521,870,651,1521,ITF,ITF3,15,Campania
2023-10-16,SAR,125,63,62,125,ITG,ITG2,20,Sardegna
2023-12-03,EMR,245,111,134,245,ITH,ITH5,8,Emilia-Romagna
2023-12-11,UMB,449,226,223,449,ITI,ITI2,10,Umbria
2023-11-17,PUG,2285,1154,1131,2285,ITF,ITF4,16,Puglia
2023-11-17,MOL,44,27,17,44,ITF,ITF2,14,Molise
2023-10-06,LOM,240,99,141,240,ITC,ITC4,3,Lombardia
2023-10-04,PIE,20,14,6,20,ITC,ITC1,1,Piemonte
2023-12-16,EMR,2602,1325,1277,2602,ITH,ITH5,8,Emilia-Romagna
2023-10-19,LOM,6097,3017,3080,6097,ITC,ITC4,3,Lombardia
2023-12-13,FVG,1097,550,547,1097,ITH,ITH4,6,Friuli-Venezia Giulia
2023-11-07,SAR,168,94,74,168,ITG,ITG2,20,Sardegna
2023-10-11,ABR,38,21,17,38,ITF,ITF1,13,Abruzzo
2023-11-29,EMR,5722,2763,2959,5722,ITH,ITH5,8,Emilia-Romagna
2023-11-25,PUG,285,147,138,285,ITF,ITF4,16,Puglia
2023-10-18,TOS,1079,521,558,1079,ITI,ITI1,9,Toscana
2023-10-30,UMB,321,160,161,321,ITI,ITI2,10,Umbria
2023-11-17,FVG,1350,660,690,1350,ITH,ITH4,6,Friuli-Venezia Giulia
2023-11-18,LOM,6308,2986,3322,6308,ITC,ITC4,3,Lombardia
2023-12-09,LOM,3889,1989,1900,3889,ITC,ITC4,3,Lombardia
2023-10-11,VEN,1,0,1,1,ITH,ITH3,5,Veneto
2023-12-21,MOL,105,50,55,105,ITF,ITF2,14,Molise
2023-12-05,PAB,364,172,192,364,ITH,ITH1,4,Provincia Autonoma Bolzano / Bozen
2023-10-11,LOM,451,173,278,451,ITC,ITC4,3,Lombardia
2023-11-09,LOM,10243,4811,5432,10243,ITC,ITC4,3,Lombardia
2023-11-30,ABR,340,180,160,340,ITF,ITF1,13,Abruzzo
2023-10-24,PAT,593,268,325,593,ITH,ITH2,4,Provincia Autonoma Trento
2023-11-07,PIE,2559,1199,1360,2559,ITC,ITC1,1,Piemonte
2023-10-18,PIE,420,219,201,420,ITC,ITC1,1,Piemonte
2023-10-19,MAR,358,172,186,358,ITI,ITI3,11,Marche
2023-11-11,VDA,81,33,48,81,ITC,ITC2,2,Valle d'Aosta / Vallée d'Aoste
2023-10-27,LOM,9086,4318,4768,9086,ITC,ITC4,3,Lombardia
2023-11-27,SAR,545,276,269,545,ITG,ITG2,20,Sardegna
2023-10-17,SAR,129,64,65,129,ITG,ITG2,20,Sardegna
2023-11-21,UMB,600,284,316,600,ITI,ITI2,10,Umbria
2023-12-12,CAL,423,236,187,423,ITF,ITF6,18,Calabria
2023-12-18,SAR,799,397,402,799,ITG,ITG2,20,Sardegna
2023-11-24,CAM,367,207,160,367,ITF,ITF3,15,Campania
2023-12-13,CAM,1588,862,726,1588,ITF,ITF3,15,Campania
2023-10-10,LAZ,199,113,86,199,ITI,ITI4,12,Lazio
2023-11-12,EMR,799,381,418,799,ITH,ITH5,8,Emilia-Romagna
2023-11-23,CAL,114,67,47,114,ITF,ITF6,18,Calabria
2023-10-31,ABR,144,82,62,144,ITF,ITF1,13,Abruzzo
2023-11-04,VDA,109,57,52,109,ITC,ITC2,2,Valle d'Aosta / Vallée d'Aoste
2023-10-20,EMR,2216,1079,1137,2216,ITH,ITH5,8,Emilia-Romagna
2023-11-16,EMR,6672,3158,3514,6672,ITH,ITH5,8,Emilia-Romagna
2023-12-04,SIC,371,199,172,371,ITG,ITG1,19,Sicilia
2023-12-14,SIC,778,404,374,778,ITG,ITG1,19,Sicilia
2023-11-02,UMB,417,218,199,417,ITI,ITI2,10,Umbria
2023-11-05,VEN,49,30,19,49,ITH,ITH3,5,Veneto
2023-10-10,FVG,48,25,23,48,ITH,ITH4,6,Friuli-Venezia Giulia
2023-12-15,UMB,730,362,368,730,ITI,ITI2,10,Umbria
2023-11-11,ABR,65,39,26,65,ITF,ITF1,13,Abruzzo
2023-11-15,TOS,6225,2865,3360,6225,ITI,ITI1,9,Toscana
2023-10-02,CAM,4,3,1,4,ITF,ITF3,15,Campania
2023-11-15,EMR,6785,3225,3560,6785,ITH,ITH5,8,Emilia-Romagna
2023-11-04,PIE,1379,677,702,1379,ITC,ITC1,1,Piemonte
2023-10-17,MAR,231,109,122,231,ITI,ITI3,11,Marche
2023-11-24,LIG,584,283,301,584,ITC,ITC3,7,Liguria
2023-11-24,PAB,190,98,92,190,ITH,ITH1,4,Provincia Autonoma Bolzano / Bozen
2023-10-19,VDA,113,59,54,113,ITC,ITC2,2,Valle d'Aosta / Vallée d'Aoste
2023-10-03,CAM,29,18,11,29,ITF,ITF3,15,Campania
2023-11-19,TOS,207,91,116,207,ITI,ITI1,9,Toscana
2023-10-12,TOS,803,360,443,803,ITI,ITI1,9,Toscana
2023-10-13,CAL,6,4,2,6,ITF,ITF6,18,Calabria
2023-10-13,ABR,44,22,22,44,ITF,ITF1,13,Abruzzo
2023-11-06,PIE,1620,806,814,1620,ITC,ITC1,1,Piemonte
2023-10-12,PAB,565,292,273,565,ITH,ITH1,4,Provincia Autonoma Bolzano / Bozen
2023-12-12,SAR,954,483,471,954,ITG,ITG2,20,Sardegna
2023-12-19,ABR,502,253,249,502,ITF,ITF1,13,Abruzzo
2023-10-26,PAT,609,294,315,609,ITH,ITH2,4,Provincia Autonoma Trento
2023-10-26,SIC,51,26,25,51,ITG,ITG1,19,Sicilia
2023-11-27,UMB,359,189,170,359,ITI,ITI2,10,Umbria
2023-10-26,PUG,1332,663,669,1332,ITF,ITF4,16,Puglia
2023-10-19,CAM,298,169,129,298,ITF,ITF3,15,Campania
2023-11-21,SAR,499,243,256,499,ITG,ITG2,20,Sardegna
2023-12-10,LIG,12,5,7,12,ITC,ITC3,7,Liguria
2023-12-10,LOM,601,293,308,601,ITC,ITC4,3,Lombardia
2023-12-14,PUG,2987,1513,1474,2987,ITF,ITF4,16,Puglia
2023-11-13,VEN,1814,867,947,1814,ITH,ITH3,5,Veneto
2023-11-09,VEN,2447,1141,1306,2447,ITH,ITH3,5,Veneto
2023-12-08,UMB,18,7,11,18,ITI,ITI2,10,Umbria
2023-10-13,MAR,100,55,45,100,ITI,ITI3,11,Marche
2023-11-28,LAZ,3237,1590,1647,3237,ITI,ITI4,12,Lazio
2023-11-06,ABR,127,75,52,127,ITF,ITF1,13,Abruzzo
2023-12-15,LAZ,1941,899,1042,1941,ITI,ITI4,12,Lazio
2023-11-28,FVG,1258,609,649,1258,ITH,ITH4,6,Friuli-Venezia Giulia
2023-10-14,PAB,21,7,14,21,ITH,ITH1,4,Provincia Autonoma Bolzano / Bozen
2023-11-23,SAR,605,326,279,605,ITG,ITG2,20,Sardegna
2023-10-20,LAZ,740,371,369,740,ITI,ITI4,12,Lazio
2023-12-20,TOS,3665,1817,1848,3665,ITI,ITI1,9,Toscana
2023-12-06,MOL,159,79,80,159,ITF,ITF2,14,Molise
2023-12-18,CAL,541,302,239,541,ITF,ITF6,18,Calabria
2023-11-10,UMB,682,319,363,682,ITI,ITI2,10,Umbria
2023-12-03,PUG,67,36,31,67,ITF,ITF4,16,Puglia
2023-11-02,LAZ,1356,642,714,1356,ITI,ITI4,12,Lazio
2023-12-03,PAT,9,6,3,9,ITH,ITH2,4,Provincia Autonoma Trento
2023-11-11,PIE,1881,936,945,1881,ITC,ITC1,1,Piemonte
2023-10-16,PAB,150,72,78,150,ITH,ITH1,4,Provincia Autonoma Bolzano / Bozen
2023-11-20,CAM,442,257,185,442,ITF,ITF3,15,Campania
2023-11-26,CAM,19,10,9,19,ITF,ITF3,15,Campania
2023-11-01,MAR,34,12,22,34,ITI,ITI3,11,Marche
2023-11-01,VDA,1,0,1,1,ITC,ITC2,2,Valle d'Aosta / Vallée d'Aoste
2023-11-03,CAL,58,27,31,58,ITF,ITF6,18,Calabria
2023-11-06,BAS,5,3,2,5,ITF,ITF5,17,Basilicata
2023-11-04,ABR,38,22,16,38,ITF,ITF1,13,Abruzzo
2023-12-13,PAB,212,92,120,212,ITH,ITH1,4,Provincia Autonoma Bolzano / Bozen
2023-11-29,CAM,640,348,292,640,ITF,ITF3,15,Campania
2023-10-22,CAM,3,1,2,3,ITF,ITF3,15,Campania
2023-12-13,MOL,143,82,61,143,ITF,ITF2,14,Molise
2023-11-20,UMB,374,185,189,374,ITI,ITI2,10,Umbria
2023-11-30,TOS,7303,3441,3862,7303,ITI,ITI1,9,Toscana
2023-11-20,SAR,401,207,194,401,ITG,ITG2,20,Sardegna
2023-10-24,SIC,78,44,34,78,ITG,ITG1,19,Sicilia
2023-12-09,MAR,193,98,95,193,ITI,ITI3,11,Marche
2023-11-17,MAR,43,21,22,43,ITI,ITI3,11,Marche
2023-11-10,PUG,1909,1003,906,1909,ITF,ITF4,16,Puglia
2023-12-06,LAZ,4639,2211,2428,4639,ITI,ITI4,12,Lazio
2023-11-15,UMB,908,473,435,908,ITI,ITI2,10,Umbria
2023-10-19,TOS,2347,1117,1230,2347,ITI,ITI1,9,Toscana
2023-10-18,VDA,147,70,77,147,ITC,ITC2,2,Valle d'Aosta / Vallée d'Aoste
2023-10-16,CAL,17,11,6,17,ITF,ITF6,18,Calabria
2023-12-01,MOL,126,74,52,126,ITF,ITF2,14,Molise
2023-12-13,VEN,3821,1898,1923,3821,ITH,ITH3,5,Veneto
2023-11-10,PAT,588,270,318,588,ITH,ITH2,4,Provincia Autonoma Trento
2023-11-04,LOM,5663,2723,2940,5663,ITC,ITC4,3,Lombardia
2023-12-05,FVG,1081,501,580,1081,ITH,ITH4,6,Friuli-Venezia Giulia
2023-11-17,VDA,162,74,88,162,ITC,ITC2,2,Valle d'Aosta / Vallée d'Aoste
2023-11-04,TOS,1964,944,1020,1964,ITI,ITI1,9,Toscana
2023-11-28,EMR,5539,2635,2904,5539,ITH,ITH5,8,Emilia-Romagna
2023-10-30,PIE,1129,560,569,1129,ITC,ITC1,1,Piemonte
2023-11-22,PUG,1519,781,738,1519,ITF,ITF4,16,Puglia
2023-11-24,EMR,5400,2606,2794,5400,ITH,ITH5,8,Emilia-Romagna
2023-11-20,PIE,1928,865,1063,1928,ITC,ITC1,1,Piemonte
2023-12-16,CAM,658,358,300,658,ITF,ITF3,15,Campania
2023-11-05,LOM,789,383,406,789,ITC,ITC4,3,Lombardia
2023-11-01,PUG,33,15,18,33,ITF,ITF4,16,Puglia
2023-12-10,VEN,741,409,332,741,ITH,ITH3,5,Veneto
2023-11-03,CAM,350,198,152,350,ITF,ITF3,15,Campania
2023-12-11,PIE,2198,1068,1130,2198,ITC,ITC1,1,Piemonte
2023-11-08,UMB,667,332,335,667,ITI,ITI2,10,Umbria
2023-11-17,PAB,271,134,137,271,ITH,ITH1,4,Provincia Autonoma Bolzano / Bozen
2023-11-27,SIC,153,70,83,153,ITG,ITG1,19,Sicilia
2023-12-20,FVG,1222,633,589,1222,ITH,ITH4,6,Friuli-Venezia Giulia
2023-10-13,TOS,682,341,341,682,ITI,ITI1,9,Toscana
2023-11-22,PAT,392,185,207,392,ITH,ITH2,4,Provincia Autonoma Trento
2023-12-13,CAL,445,251,194,445,ITF,ITF6,18,Calabria
2023-12-17,LIG,17,6,11,17,ITC,ITC3,7,Liguria
2023-12-21,LOM,8898,4426,4472,8898,ITC,ITC4,3,Lombardia
2023-11-09,FVG,1303,593,710,1303,ITH,ITH4,6,Friuli-Venezia Giulia
2023-12-06,LOM,10883,5170,5713,10883,ITC,ITC4,3,Lombardia
2023-11-28,VEN,4075,1984,2091,4075,ITH,ITH3,5,Veneto
2023-11-02,SIC,77,42,35,77,ITG,ITG1,19,Sicilia
2023-11-08,PAB,543,289,254,543,ITH,ITH1,4,Provincia Autonoma Bolzano / Bozen
2023-10-23,VEN,332,145,187,332,ITH,ITH3,5,Veneto
2023-12-10,EMR,187,82,105,187,ITH,ITH5,8,Emilia-Romagna
2023-12-08,PUG,17,10,7,17,ITF,ITF4,16,Puglia
2023-12-14,UMB,740,372,368,740,ITI,ITI2,10,Umbria
2023-10-31,EMR,4570,2126,2444,4570,ITH,ITH5,8,Emilia-Romagna
2023-12-15,SIC,1106,587,519,1106,ITG,ITG1,19,Sicilia
2023-10-19,SAR,119,71,48,119,ITG,ITG2,20,Sardegna
2023-12-11,BAS,119,69,50,119,ITF,ITF5,17,Basilicata
2023-10-10,PAB,438,248,190,438,ITH,ITH1,4,Provincia Autonoma Bolzano / Bozen
2023-10-15,CAM,12,5,7,12,ITF,ITF3,15,Campania
2023-10-16,MAR,142,81,61,142,ITI,ITI3,11,Marche
2023-11-11,PAT,21,11,10,21,ITH,ITH2,4,Provincia Autonoma Trento
2023-11-17,VEN,3100,1444,1656,3100,ITH,ITH3,5,Veneto
2023-12-02,SIC,91,50,41,91,ITG,ITG1,19,Sicilia
2023-12-12,MOL,126,68,58,126,ITF,ITF2,14,Molise
2023-11-27,MAR,16,7,9,16,ITI,ITI3,11,Marche
2023-10-23,EMR,2257,1122,1135,2257,ITH,ITH5,8,Emilia-Romagna
2023-11-30,EMR,5951,2901,3050,5951,ITH,ITH5,8,Emilia-Romagna
2023-12-01,CAM,709,377,332,709,ITF,ITF3,15,Campania
2023-10-16,TOS,730,315,415,730,ITI,ITI1,9,Toscana
2023-11-16,ABR,289,138,151,289,ITF,ITF1,13,Abruzzo
2023-12-11,ABR,338,169,169,338,ITF,ITF1,13,Abruzzo
2023-11-11,PUG,422,224,198,422,ITF,ITF4,16,Puglia
2023-11-15,FVG,1110,528,582,1110,ITH,ITH4,6,Friuli-Venezia Giulia
2023-10-13,PUG,204,111,93,204,ITF,ITF4,16,Puglia
2023-11-01,CAM,21,10,11,21,ITF,ITF3,15,Campania
2023-11-28,SIC,324,193,131,324,ITG,ITG1,19,Sicilia
2023-10-31,VEN,1434,619,815,1434,ITH,ITH3,5,Veneto
2023-12-07,CAL,327,203,124,327,ITF,ITF6,18,Calabria
2023-10-12,FVG,53,33,20,53,ITH,ITH4,6,Friuli-Venezia Giulia
2023-11-15,ABR,194,96,98,194,ITF,ITF1,13,Abruzzo
2023-12-19,SIC,781,412,369,781,ITG,ITG1,19,Sicilia
2023-10-09,LIG,32,10,22,32,ITC,ITC3,7,Liguria
2023-11-10,MOL,60,31,29,60,ITF,ITF2,14,Molise
2023-10-31,SIC,79,48,31,79,ITG,ITG1,19,Sicilia
2023-10-26,SAR,205,101,104,205,ITG,ITG2,20,Sardegna
2023-10-18,LIG,274,105,169,274,ITC,ITC3,7,Liguria
2023-11-14,LIG,1096,532,564,1096,ITC,ITC3,7,Liguria
2023-11-23,MOL,41,23,18,41,ITF,ITF2,14,Molise
2023-11-14,PAB,573,276,297,573,ITH,ITH1,4,Provincia Autonoma Bolzano / Bozen
2023-10-21,CAM,45,24,21,45,ITF,ITF3,15,Campania
2023-11-04,PUG,320,160,160,320,ITF,ITF4,16,Puglia
2023-10-20,ABR,75,42,33,75,ITF,ITF1,13,Abruzzo
2023-10-25,TOS,3508,1683,1825,3508,ITI,ITI1,9,Toscana
2023-11-13,FVG,857,411,446,857,ITH,ITH4,6,Friuli-Venezia Giulia
2023-11-10,SIC,57,36,21,57,ITG,ITG1,19,Sicilia
2023-11-12,FVG,12,4,8,12,ITH,ITH4,6,Friuli-Venezia Giulia
2023-10-28,UMB,79,25,54,79,ITI,ITI2,10,Umbria
2023-12-18,CAM,1262,692,570,1262,ITF,ITF3,15,Campania
2023-12-19,MOL,109,55,54,109,ITF,ITF2,14,Molise
2023-12-05,MAR,11,6,5,11,ITI,ITI3,11,Marche
2023-10-11,MOL,6,5,1,6,ITF,ITF2,14,Molise
2023-10-27,MOL,3,2,1,3,ITF,ITF2,14,Molise
2023-12-09,MOL,10,3,7,10,ITF,ITF2,14,Molise
2023-12-09,BAS,25,14,11,25,ITF,ITF5,17,Basilicata
2023-10-29,MAR,27,15,12,27,ITI,ITI3,11,Marche
2023-10-12,CAL,12,5,7,12,ITF,ITF6,18,Calabria
2023-11-19,LIG,3,1,2,3,ITC,ITC3,7,Liguria
2023-11-19,PAB,1,0,1,1,ITH,ITH1,4,Provincia Autonoma Bolzano / Bozen
2023-11-12,CAL,6,0,6,6,ITF,ITF6,18,Calabria
2023-10-14,EMR,11,3,8,11,ITH,ITH5,8,Emilia-Romagna
2023-10-22,SIC,3,2,1,3,ITG,ITG1,19,Sicilia
2023-11-20,VDA,50,27,23,50,ITC,ITC2,2,Valle d'Aosta / Vallée d'Aoste
2023-12-19,SAR,803,403,400,803,ITG,ITG2,20,Sardegna
2023-11-25,TOS,1892,896,996,1892,ITI,ITI1,9,Toscana
2023-10-17,VDA,63,29,34,63,ITC,ITC2,2,Valle d'Aosta / Vallée d'Aoste
2023-11-05,PUG,22,13,9,22,ITF,ITF4,16,Puglia
2023-10-28,LOM,6025,2984,3041,6025,ITC,ITC4,3,Lombardia
2023-11-02,SAR,171,93,78,171,ITG,ITG2,20,Sardegna
2023-11-12,TOS,189,87,102,189,ITI,ITI1,9,Toscana
2023-11-25,LAZ,1677,886,791,1677,ITI,ITI4,12,Lazio
2023-11-07,LAZ,2297,1124,1173,2297,ITI,ITI4,12,Lazio
2023-12-21,PUG,1963,1062,901,1963,ITF,ITF4,16,Puglia
2023-12-12,BAS,307,171,136,307,ITF,ITF5,17,Basilicata
2023-10-27,CAL,70,36,34,70,ITF,ITF6,18,Calabria
2023-10-27,FVG,916,458,458,916,ITH,ITH4,6,Friuli-Venezia Giulia
2023-10-24,ABR,130,68,62,130,ITF,ITF1,13,Abruzzo
2023-11-30,CAL,315,184,131,315,ITF,ITF6,18,Calabria
2023-12-02,EMR,1644,780,864,1644,ITH,ITH5,8,Emilia-Romagna
2023-12-19,PIE,3175,1612,1563,3175,ITC,ITC1,1,Piemonte
2023-10-19,PAB,802,390,412,802,ITH,ITH1,4,Provincia Autonoma Bolzano / Bozen
2023-12-14,LOM,10982,5305,5677,10982,ITC,ITC4,3,Lombardia
2023-11-28,PIE,2941,1341,1600,2941,ITC,ITC1,1,Piemonte
2023-11-06,VEN,1508,702,806,1508,ITH,ITH3,5,Veneto
2023-10-03,SAR,6,1,5,6,ITG,ITG2,20,Sardegna
2023-10-24,SAR,191,84,107,191,ITG,ITG2,20,Sardegna
2023-12-04,UMB,363,173,190,363,ITI,ITI2,10,Umbria
2023-10-13,PIE,202,112,90,202,ITC,ITC1,1,Piemonte
2023-11-08,TOS,6445,2945,3500,6445,ITI,ITI1,9,Toscana
2023-11-25,CAM,180,92,88,180,ITF,ITF3,15,Campania
2023-11-07,EMR,6298,2928,3370,6298,ITH,ITH5,8,Emilia-Romagna
2023-12-12,TOS,4088,1960,2128,4088,ITI,ITI1,9,Toscana
2023-11-09,MOL,78,25,53,78,ITF,ITF2,14,Molise
2023-11-22,PAB,513,252,261,513,ITH,ITH1,4,Provincia Autonoma Bolzano / Bozen
2023-10-05,CAM,40,24,16,40,ITF,ITF3,15,Campania
2023-12-05,PUG,1956,996,960,1956,ITF,ITF4,16,Puglia
2023-12-05,CAL,398,219,179,398,ITF,ITF6,18,Calabria
2023-11-18,VEN,1818,882,936,1818,ITH,ITH3,5,Veneto
2023-10-26,TOS,4654,2170,2484,4654,ITI,ITI1,9,Toscana
2023-10-27,TOS,4045,1916,2129,4045,ITI,ITI1,9,Toscana
2023-10-29,EMR,328,169,159,328,ITH,ITH5,8,Emilia-Romagna
2023-11-29,BAS,107,58,49,107,ITF,ITF5,17,Basilicata
2023-10-25,PIE,1799,815,984,1799,ITC,ITC1,1,Piemonte
2023-10-20,PAB,302,152,150,302,ITH,ITH1,4,Provincia Autonoma Bolzano / Bozen
2023-11-27,PUG,1223,633,590,1223,ITF,ITF4,16,Puglia
2023-11-21,PAB,555,279,276,555,ITH,ITH1,4,Provincia Autonoma Bolzano / Bozen
2023-12-15,FVG,1008,479,529,1008,ITH,ITH4,6,Friuli-Venezia Giulia
2023-10-18,PUG,444,241,203,444,ITF,ITF4,16,Puglia
2023-10-28,LIG,102,40,62,102,ITC,ITC3,7,Liguria
2023-11-27,PAT,70,22,48,70,ITH,ITH2,4,Provincia Autonoma Trento
2023-11-24,LAZ,2188,1056,1132,2188,ITI,ITI4,12,Lazio
2023-11-04,VEN,1688,845,843,1688,ITH,ITH3,5,Veneto
2023-12-01,SIC,346,179,167,346,ITG,ITG1,19,Sicilia
2023-12-11,MAR,647,315,332,647,ITI,ITI3,11,Marche
2023-11-19,FVG,46,19,27,46,ITH,ITH4,6,Friuli-Venezia Giulia
2023-12-17,FVG,19,9,10,19,ITH,ITH4,6,Friuli-Venezia Giulia
2023-11-04,UMB,175,82,93,175,ITI,ITI2,10,Umbria
2023-11-28,TOS,4489,2074,2415,4489,ITI,ITI1,9,Toscana
2023-10-07,PIE,47,24,23,47,ITC,ITC1,1,Piemonte
2023-11-15,MOL,78,44,34,78,ITF,ITF2,14,Molise
2023-12-16,SIC,148,74,74,148,ITG,ITG1,19,Sicilia
2023-12-13,EMR,5740,2813,2927,5740,ITH,ITH5,8,Emilia-Romagna
2023-12-03,LOM,657,320,337,657,ITC,ITC4,3,Lombardia
2023-12-21,SAR,907,444,463,907,ITG,ITG2,20,Sardegna
2023-11-26,EMR,339,170,169,339,ITH,ITH5,8,Emilia-Romagna
2023-12-07,SIC,447,241,206,447,ITG,ITG1,19,Sicilia
2023-12-11,LIG,1778,880,898,1778,ITC,ITC3,7,Liguria
2023-10-16,FVG,121,64,57,121,ITH,ITH4,6,Friuli-Venezia Giulia
2023-10-11,LAZ,160,90,70,160,ITI,ITI4,12,Lazio
2023-12-21,EMR,4157,2093,2064,4157,ITH,ITH5,8,Emilia-Romagna
2023-11-24,SIC,216,111,105,216,ITG,ITG1,19,Sicilia
2023-11-03,LIG,669,344,325,669,ITC,ITC3,7,Liguria
2023-12-06,MAR,46,21,25,46,ITI,ITI3,11,Marche
2023-11-11,PAB,36,17,19,36,ITH,ITH1,4,Provincia Autonoma Bolzano / Bozen
2023-11-27,PIE,2331,1064,1267,2331,ITC,ITC1,1,Piemonte
2023-10-13,PAB,232,121,111,232,ITH,ITH1,4,Provincia Autonoma Bolzano / Bozen
2023-11-09,UMB,708,338,370,708,ITI,ITI2,10,Umbria
2023-10-30,LIG,400,205,195,400,ITC,ITC3,7,Liguria
2023-11-22,SAR,754,383,371,754,ITG,ITG2,20,Sardegna
2023-11-29,ABR,322,161,161,322,ITF,ITF1,13,Abruzzo
2023-10-02,LAZ,17,7,10,17,ITI,ITI4,12,Lazio
2023-11-18,EMR,2138,1043,1095,2138,ITH,ITH5,8,Emilia-Romagna
2023-11-22,UMB,671,334,337,671,ITI,ITI2,10,Umbria
2023-12-10,LAZ,196,89,107,196,ITI,ITI4,12,Lazio
2023-11-17,LAZ,2518,1222,1296,2518,ITI,ITI4,12,Lazio
2023-12-16,MAR,728,362,366,728,ITI,ITI3,11,Marche
2023-12-18,BAS,117,69,48,117,ITF,ITF5,17,Basilicata
2023-10-20,LIG,84,33,51,84,ITC,ITC3,7,Liguria
2023-12-15,CAM,1430,821,609,1430,ITF,ITF3,15,Campania
2023-11-22,VEN,3474,1589,1885,3474,ITH,ITH3,5,Veneto
2023-10-29,LOM,640,314,326,640,ITC,ITC4,3,Lombardia
2023-10-29,VEN,35,19,16,35,ITH,ITH3,5,Veneto
2023-10-25,CAM,301,178,123,301,ITF,ITF3,15,Campania
2023-10-30,PAB,185,83,102,185,ITH,ITH1,4,Provincia Autonoma Bolzano / Bozen
2023-11-26,LOM,1046,516,530,1046,ITC,ITC4,3,Lombardia
2023-12-19,TOS,3181,1544,1637,3181,ITI,ITI1,9,Toscana
2023-12-08,VEN,1159,574,585,1159,ITH,ITH3,5,Veneto
2023-10-12,EMR,55,24,31,55,ITH,ITH5,8,Emilia-Romagna
2023-12-21,VEN,3827,1977,1850,3827,ITH,ITH3,5,Veneto
2023-11-22,EMR,6015,2942,3073,6015,ITH,ITH5,8,Emilia-Romagna
2023-12-20,EMR,5098,2605,2493,5098,ITH,ITH5,8,Emilia-Romagna
2023-12-17,CAL,128,55,73,128,ITF,ITF6,18,Calabria
2023-12-17,PUG,78,41,37,78,ITF,ITF4,16,Puglia
2023-10-09,PUG,14,7,7,14,ITF,ITF4,16,Puglia
2023-11-08,VDA,206,103,103,206,ITC,ITC2,2,Valle d'Aosta / Vallée d'Aoste
2023-12-08,PAB,1,1,0,1,ITH,ITH1,4,Provincia Autonoma Bolzano / Bozen
2023-10-11,MAR,4,2,2,4,ITI,ITI3,11,Marche
2023-10-07,VEN,1,1,0,1,ITH,ITH3,5,Veneto
2023-10-25,SAR,213,105,108,213,ITG,ITG2,20,Sardegna
2023-12-12,FVG,1195,580,615,1195,ITH,ITH4,6,Friuli-Venezia Giulia
2023-10-30,LAZ,925,451,474,925,ITI,ITI4,12,Lazio
2023-10-18,FVG,140,77,63,140,ITH,ITH4,6,Friuli-Venezia Giulia
2023-11-03,VDA,191,88,103,191,ITC,ITC2,2,Valle d'Aosta / Vallée d'Aoste
2023-12-16,LAZ,190,88,102,190,ITI,ITI4,12,Lazio
2023-10-23,MAR,387,192,195,387,ITI,ITI3,11,Marche
2023-11-13,MOL,76,48,28,76,ITF,ITF2,14,Molise
2023-10-18,CAM,340,194,146,340,ITF,ITF3,15,Campania
2023-12-11,LAZ,3222,1541,1681,3222,ITI,ITI4,12,Lazio
2023-11-29,UMB,783,398,385,783,ITI,ITI2,10,Umbria
2023-12-13,SIC,584,313,271,584,ITG,ITG1,19,Sicilia
2023-11-29,PIE,2777,1319,1458,2777,ITC,ITC1,1,Piemonte
2023-10-13,EMR,86,35,51,86,ITH,ITH5,8,Emilia-Romagna
2023-12-18,LIG,1225,562,663,1225,ITC,ITC3,7,Liguria
2023-10-07,LOM,4,2,2,4,ITC,ITC4,3,Lombardia
2023-11-17,TOS,6661,3150,3511,6661,ITI,ITI1,9,Toscana
2023-11-22,SIC,204,113,91,204,ITG,ITG1,19,Sicilia
2023-10-25,UMB,39,34,5,39,ITI,ITI2,10,Umbria
2023-10-14,MAR,49,21,28,49,ITI,ITI3,11,Marche
2023-10-28,MAR,738,376,362,738,ITI,ITI3,11,Marche
2023-11-21,SIC,119,61,58,119,ITG,ITG1,19,Sicilia
2023-10-02,TOS,286,162,124,286,ITI,ITI1,9,Toscana
2023-10-30,MAR,418,201,217,418,ITI,ITI3,11,Marche
2023-12-12,VDA,49,20,29,49,ITC,ITC2,2,Valle d'Aosta / Vallée d'Aoste
2023-10-20,SIC,27,17,10,27,ITG,ITG1,19,Sicilia
2023-11-12,MAR,78,41,37,78,ITI,ITI3,11,Marche
2023-12-18,PAB,113,54,59,113,ITH,ITH1,4,Provincia Autonoma Bolzano / Bozen
2023-11-30,VDA,81,39,42,81,ITC,ITC2,2,Valle d'Aosta / Vallée d'Aoste
2023-12-07,LIG,1724,848,876,1724,ITC,ITC3,7,Liguria
2023-11-20,PAB,141,63,78,141,ITH,ITH1,4,Provincia Autonoma Bolzano / Bozen
2023-11-07,MOL,73,41,32,73,ITF,ITF2,14,Molise
2023-11-08,FVG,1049,506,543,1049,ITH,ITH4,6,Friuli-Venezia Giulia
2023-11-14,VEN,2674,1280,1394,2674,ITH,ITH3,5,Veneto
2023-12-05,LOM,10081,4800,5281,10081,ITC,ITC4,3,Lombardia
2023-12-18,PAT,485,245,240,485,ITH,ITH2,4,Provincia Autonoma Trento
2023-11-30,MOL,81,42,39,81,ITF,ITF2,14,Molise
2023-10-22,TOS,19,7,12,19,ITI,ITI1,9,Toscana
2023-11-21,BAS,32,17,15,32,ITF,ITF5,17,Basilicata
2023-10-27,PUG,1019,535,484,1019,ITF,ITF4,16,Puglia
2023-10-11,PUG,217,111,106,217,ITF,ITF4,16,Puglia
2023-11-14,CAL,224,146,78,224,ITF,ITF6,18,Calabria
2023-12-21,TOS,6007,3059,2948,6007,ITI,ITI1,9,Toscana
2023-11-04,MAR,386,184,202,386,ITI,ITI3,11,Marche
2023-11-09,SIC,107,57,50,107,ITG,ITG1,19,Sicilia
2023-12-20,CAM,1688,912,776,1688,ITF,ITF3,15,Campania
2023-10-06,TOS,228,103,125,228,ITI,ITI1,9,Toscana
2023-10-09,LAZ,127,80,47,127,ITI,ITI4,12,Lazio
2023-11-12,LAZ,200,90,110,200,ITI,ITI4,12,Lazio
2023-10-28,MOL,42,12,30,42,ITF,ITF2,14,Molise
2023-12-07,FVG,903,443,460,903,ITH,ITH4,6,Friuli-Venezia Giulia
2023-10-17,PIE,384,190,194,384,ITC,ITC1,1,Piemonte
2023-11-14,SAR,544,275,269,544,ITG,ITG2,20,Sardegna
2023-12-21,LAZ,4246,2085,2161,4246,ITI,ITI4,12,Lazio
2023-11-10,LIG,820,394,426,820,ITC,ITC3,7,Liguria
2023-12-14,PAB,132,64,68,132,ITH,ITH1,4,Provincia Autonoma Bolzano / Bozen
2023-11-16,SAR,502,246,256,502,ITG,ITG2,20,Sardegna
2023-11-29,PUG,1948,943,1005,1948,ITF,ITF4,16,Puglia
2023-10-22,PAB,3,2,1,3,ITH,ITH1,4,Provincia Autonoma Bolzano / Bozen
2023-11-19,PIE,153,74,79,153,ITC,ITC1,1,Piemonte
2023-10-17,CAM,314,180,134,314,ITF,ITF3,15,Campania
2023-10-27,PAT,428,192,236,428,ITH,ITH2,4,Provincia Autonoma Trento
2023-11-01,TOS,129,52,77,129,ITI,ITI1,9,Toscana
2023-11-10,CAL,66,31,35,66,ITF,ITF6,18,Calabria
2023-10-18,MAR,369,205,164,369,ITI,ITI3,11,Marche
2023-12-04,FVG,832,408,424,832,ITH,ITH4,6,Friuli-Venezia Giulia
2023-11-05,PIE,68,26,42,68,ITC,ITC1,1,Piemonte
2023-11-27,BAS,34,18,16,34,ITF,ITF5,17,Basilicata
2023-12-17,SIC,28,11,17,28,ITG,ITG1,19,Sicilia
2023-11-23,LIG,1254,636,618,1254,ITC,ITC3,7,Liguria
2023-11-09,LAZ,2277,1073,1204,2277,ITI,ITI4,12,Lazio
2023-10-10,LOM,582,257,325,582,ITC,ITC4,3,Lombardia
2023-11-13,CAM,331,176,155,331,ITF,ITF3,15,Campania
2023-12-16,UMB,131,59,72,131,ITI,ITI2,10,Umbria
2023-11-18,SIC,8,3,5,8,ITG,ITG1,19,Sicilia
2023-12-10,PUG,92,49,43,92,ITF,ITF4,16,Puglia
2023-11-01,PIE,152,76,76,152,ITC,ITC1,1,Piemonte
2023-12-16,VEN,4776,2403,2373,4776,ITH,ITH3,5,Veneto
2023-11-18,LAZ,1648,804,844,1648,ITI,ITI4,12,Lazio
2023-11-16,VEN,3040,1479,1561,3040,ITH,ITH3,5,Veneto
2023-12-05,VDA,72,37,35,72,ITC,ITC2,2,Valle d'Aosta / Vallée d'Aoste
2023-11-07,LIG,1551,800,751,1551,ITC,ITC3,7,Liguria
2023-12-14,CAM,1421,777,644,1421,ITF,ITF3,15,Campania
2023-10-27,SAR,175,81,94,175,ITG,ITG2,20,Sardegna
2023-11-10,CAM,325,184,141,325,ITF,ITF3,15,Campania
2023-11-20,CAL,148,75,73,148,ITF,ITF6,18,Calabria
2023-12-06,TOS,5669,2663,3006,5669,ITI,ITI1,9,Toscana
2023-11-17,EMR,5768,2754,3014,5768,ITH,ITH5,8,Emilia-Romagna
2023-11-15,CAL,219,135,84,219,ITF,ITF6,18,Calabria
2023-12-19,FVG,1166,568,598,1166,ITH,ITH4,6,Friuli-Venezia Giulia
2023-11-29,PAT,396,201,195,396,ITH,ITH2,4,Provincia Autonoma Trento
2023-10-23,LAZ,587,275,312,587,ITI,ITI4,12,Lazio
2023-11-08,PAT,620,277,343,620,ITH,ITH2,4,Provincia Autonoma Trento
2023-11-23,CAM,500,271,229,500,ITF,ITF3,15,Campania
2023-11-23,PAB,456,188,268,456,ITH,ITH1,4,Provincia Autonoma Bolzano / Bozen
2023-11-02,CAM,283,143,140,283,ITF,ITF3,15,Campania
2023-11-11,MAR,347,177,170,347,ITI,ITI3,11,Marche
2023-10-18,ABR,94,47,47,94,ITF,ITF1,13,Abruzzo
2023-12-17,LAZ,176,76,100,176,ITI,ITI4,12,Lazio
2023-11-02,CAL,41,15,26,41,ITF,ITF6,18,Calabria
2023-11-02,LOM,9547,4585,4962,9547,ITC,ITC4,3,Lombardia
2023-11-07,CAM,330,195,135,330,ITF,ITF3,15,Campania
2023-12-14,LIG,1986,916,1070,1986,ITC,ITC3,7,Liguria
2023-11-08,PUG,1648,828,820,1648,ITF,ITF4,16,Puglia
2023-11-05,CAM,6,3,3,6,ITF,ITF3,15,Campania
2023-11-15,LOM,10369,4718,5651,10369,ITC,ITC4,3,Lombardia
2023-10-23,TOS,2231,1044,1187,2231,ITI,ITI1,9,Toscana
2023-11-13,PIE,1953,900,1053,1953,ITC,ITC1,1,Piemonte
2023-11-06,MOL,86,46,40,86,ITF,ITF2,14,Molise
2023-11-23,PIE,3158,1463,1695,3158,ITC,ITC1,1,Piemonte
2023-12-18,PUG,2032,1028,1004,2032,ITF,ITF4,16,Puglia
2023-12-05,EMR,5370,2600,2770,5370,ITH,ITH5,8,Emilia-Romagna
2023-10-27,VEN,1659,771,888,1659,ITH,ITH3,5,Veneto
2023-11-02,LIG,780,389,391,780,ITC,ITC3,7,Liguria
2023-12-09,SIC,60,33,27,60,ITG,ITG1,19,Sicilia
2023-11-09,BAS,15,12,3,15,ITF,ITF5,17,Basilicata
2023-12-02,MAR,2,1,1,2,ITI,ITI3,11,Marche
2023-11-19,CAM,14,5,9,14,ITF,ITF3,15,Campania
2023-11-12,SIC,3,1,2,3,ITG,ITG1,19,Sicilia
2023-12-10,CAL,1,1,0,1,ITF,ITF6,18,Calabria
2023-09-30,TOS,1,1,0,1,ITI,ITI1,9,Toscana
2023-09-27,EMR,1,1,0,1,ITH,ITH5,8,Emilia-Romagna
2023-10-19,ABR,86,50,36,86,ITF,ITF1,13,Abruzzo
2023-11-13,MAR,474,228,246,474,ITI,ITI3,11,Marche
2023-10-23,MOL,37,14,23,37,ITF,ITF2,14,Molise
2023-11-30,MAR,13,8,5,13,ITI,ITI3,11,Marche
2023-11-01,VEN,12,4,8,12,ITH,ITH3,5,Veneto
2023-11-04,CAM,89,50,39,89,ITF,ITF3,15,Campania
2023-12-08,BAS,19,10,9,19,ITF,ITF5,17,Basilicata
2023-12-13,BAS,286,167,119,286,ITF,ITF5,17,Basilicata
2023-10-13,CAM,127,61,66,127,ITF,ITF3,15,Campania
2023-11-27,VEN,2409,1148,1261,2409,ITH,ITH3,5,Veneto
2023-11-11,EMR,3384,1642,1742,3384,ITH,ITH5,8,Emilia-Romagna
2023-12-18,VEN,3186,1602,1584,3186,ITH,ITH3,5,Veneto
2023-10-26,FVG,850,422,428,850,ITH,ITH4,6,Friuli-Venezia Giulia
2023-11-09,CAL,122,64,58,122,ITF,ITF6,18,Calabria
2023-10-05,FVG,29,11,18,29,ITH,ITH4,6,Friuli-Venezia Giulia
2023-12-04,LAZ,2710,1287,1423,2710,ITI,ITI4,12,Lazio
2023-12-01,EMR,5400,2548,2852,5400,ITH,ITH5,8,Emilia-Romagna
2023-11-21,LAZ,2356,1176,1180,2356,ITI,ITI4,12,Lazio
2023-11-02,PIE,1548,750,798,1548,ITC,ITC1,1,Piemonte
2023-12-01,PAB,266,134,132,266,ITH,ITH1,4,Provincia Autonoma Bolzano / Bozen
2023-11-08,LOM,11363,5209,6154,11363,ITC,ITC4,3,Lombardia
2023-10-31,VDA,152,75,77,152,ITC,ITC2,2,Valle d'Aosta / Vallée d'Aoste
2023-12-12,PUG,2709,1367,1342,2709,ITF,ITF4,16,Puglia
2023-11-17,SIC,67,34,33,67,ITG,ITG1,19,Sicilia
2023-12-11,TOS,3236,1536,1700,3236,ITI,ITI1,9,Toscana
2023-11-08,LIG,916,445,471,916,ITC,ITC3,7,Liguria
2023-11-19,VEN,92,39,53,92,ITH,ITH3,5,Veneto
2023-10-31,CAL,60,30,30,60,ITF,ITF6,18,Calabria
2023-11-10,LAZ,2508,1203,1305,2508,ITI,ITI4,12,Lazio
2023-11-13,PAT,461,230,231,461,ITH,ITH2,4,Provincia Autonoma Trento
2023-12-15,PIE,4589,2223,2366,4589,ITC,ITC1,1,Piemonte
2023-11-20,LOM,8588,4042,4546,8588,ITC,ITC4,3,Lombardia
2023-12-01,PIE,3733,1835,1898,3733,ITC,ITC1,1,Piemonte
2023-11-13,PUG,1247,606,641,1247,ITF,ITF4,16,Puglia
2023-11-14,EMR,5770,2758,3012,5770,ITH,ITH5,8,Emilia-Romagna
2023-12-17,EMR,296,136,160,296,ITH,ITH5,8,Emilia-Romagna
2023-11-27,TOS,3678,1743,1935,3678,ITI,ITI1,9,Toscana
2023-10-20,TOS,2175,1054,1121,2175,ITI,ITI1,9,Toscana
2023-11-07,PUG,1283,635,648,1283,ITF,ITF4,16,Puglia
2023-10-17,SIC,17,9,8,17,ITG,ITG1,19,Sicilia
2023-12-07,ABR,410,202,208,410,ITF,ITF1,13,Abruzzo
2023-12-11,PAB,107,56,51,107,ITH,ITH1,4,Provincia Autonoma Bolzano / Bozen
2023-12-02,BAS,63,29,34,63,ITF,ITF5,17,Basilicata
2023-11-28,MOL,38,21,17,38,ITF,ITF2,14,Molise
2023-12-05,UMB,621,318,303,621,ITI,ITI2,10,Umbria
2023-11-20,ABR,190,92,98,190,ITF,ITF1,13,Abruzzo
2023-11-02,TOS,3753,1828,1925,3753,ITI,ITI1,9,Toscana
2023-12-05,LAZ,3987,1942,2045,3987,ITI,ITI4,12,Lazio
2023-11-10,FVG,1102,512,590,1102,ITH,ITH4,6,Friuli-Venezia Giulia
2023-10-25,PUG,1110,546,564,1110,ITF,ITF4,16,Puglia
2023-11-11,LIG,158,69,89,158,ITC,ITC3,7,Liguria
2023-11-07,PAT,562,285,277,562,ITH,ITH2,4,Provincia Autonoma Trento
2023-11-11,BAS,13,5,8,13,ITF,ITF5,17,Basilicata
2023-10-28,TOS,1250,644,606,1250,ITI,ITI1,9,Toscana
2023-11-05,LAZ,64,22,42,64,ITI,ITI4,12,Lazio
2023-11-27,LAZ,2334,1179,1155,2334,ITI,ITI4,12,Lazio
2023-12-19,CAL,561,316,245,561,ITF,ITF6,18,Calabria
2023-10-25,PAT,418,196,222,418,ITH,ITH2,4,Provincia Autonoma Trento
2023-10-23,VDA,146,67,79,146,ITC,ITC2,2,Valle d'Aosta / Vallée d'Aoste
2023-12-15,TOS,5054,2404,2650,5054,ITI,ITI1,9,Toscana
2023-12-20,SIC,1025,578,447,1025,ITG,ITG1,19,Sicilia
2023-11-02,FVG,708,353,355,708,ITH,ITH4,6,Friuli-Venezia Giulia
2023-10-28,EMR,1872,901,971,1872,ITH,ITH5,8,Emilia-Romagna
2023-12-05,SAR,806,409,397,806,ITG,ITG2,20,Sardegna
2023-10-16,LAZ,329,165,164,329,ITI,ITI4,12,Lazio
2023-10-18,PAT,245,129,116,245,ITH,ITH2,4,Provincia Autonoma Trento
2023-11-16,PAB,578,277,301,578,ITH,ITH1,4,Provincia Autonoma Bolzano / Bozen
2023-11-24,FVG,1160,526,634,1160,ITH,ITH4,6,Friuli-Venezia Giulia
2023-10-22,PUG,23,9,14,23,ITF,ITF4,16,Puglia
2023-10-02,FVG,30,18,12,30,ITH,ITH4,6,Friuli-Venezia Giulia
2023-10-12,UMB,6,3,3,6,ITI,ITI2,10,Umbria
2023-10-03,LIG,30,14,16,30,ITC,ITC3,7,Liguria
2023-11-18,MAR,35,10,25,35,ITI,ITI3,11,Marche
2023-12-06,VEN,3881,1851,2030,3881,ITH,ITH3,5,Veneto
2023-12-07,MAR,19,7,12,19,ITI,ITI3,11,Marche
2023-12-14,PAT,269,106,163,269,ITH,ITH2,4,Provincia Autonoma Trento
2023-11-17,PAT,419,199,220,419,ITH,ITH2,4,Provincia Autonoma Trento
2023-11-04,LIG,127,60,67,127,ITC,ITC3,7,Liguria
2023-12-01,BAS,145,76,69,145,ITF,ITF5,17,Basilicata
2023-10-24,CAL,45,28,17,45,ITF,ITF6,18,Calabria
2023-11-24,UMB,928,435,493,928,ITI,ITI2,10,Umbria
2023-10-24,VDA,165,79,86,165,ITC,ITC2,2,Valle d'Aosta / Vallée d'Aoste
2023-12-04,CAL,413,199,214,413,ITF,ITF6,18,Calabria
2023-11-08,MAR,99,38,61,99,ITI,ITI3,11,Marche
2023-12-08,PIE,113,52,61,113,ITC,ITC1,1,Piemonte
2023-11-26,FVG,42,17,25,42,ITH,ITH4,6,Friuli-Venezia Giulia
2023-11-18,ABR,102,57,45,102,ITF,ITF1,13,Abruzzo
2023-10-03,LOM,167,75,92,167,ITC,ITC4,3,Lombardia
2023-11-19,PUG,31,15,16,31,ITF,ITF4,16,Puglia
2023-10-09,CAM,59,36,23,59,ITF,ITF3,15,Campania
2023-10-19,LIG,171,81,90,171,ITC,ITC3,7,Liguria
2023-12-07,VDA,44,20,24,44,ITC,ITC2,2,Valle d'Aosta / Vallée d'Aoste
2023-10-13,LIG,56,18,38,56,ITC,ITC3,7,Liguria
2023-11-12,CAM,12,5,7,12,ITF,ITF3,15,Campania
2023-10-18,SIC,21,14,7,21,ITG,ITG1,19,Sicilia
2023-10-28,PAB,7,2,5,7,ITH,ITH1,4,Provincia Autonoma Bolzano / Bozen
2023-11-01,CAL,17,9,8,17,ITF,ITF6,18,Calabria
2023-10-17,CAL,7,2,5,7,ITF,ITF6,18,Calabria
2023-09-29,SAR,1,1,0,1,ITG,ITG2,20,Sardegna
2023-11-19,SIC,2,1,1,2,ITG,ITG1,19,Sicilia
2023-10-29,CAM,2,0,2,2,ITF,ITF3,15,Campania
2023-10-15,EMR,1,0,1,1,ITH,ITH5,8,Emilia-Romagna
2023-10-01,MAR,1,1,0,1,ITI,ITI3,11,Marche
2023-09-26,EMR,2,2,0,2,ITH,ITH5,8,Emilia-Romagna
2023-10-14,UMB,6,3,3,6,ITI,ITI2,10,Umbria
2023-10-22,PAT,1,0,1,1,ITH,ITH2,4,Provincia Autonoma Trento
2023-11-22,LIG,1153,559,594,1153,ITC,ITC3,7,Liguria
2023-10-28,VEN,800,392,408,800,ITH,ITH3,5,Veneto
2023-11-03,UMB,539,285,254,539,ITI,ITI2,10,Umbria
2023-12-03,UMB,9,3,6,9,ITI,ITI2,10,Umbria
2023-12-09,PAT,30,20,10,30,ITH,ITH2,4,Provincia Autonoma Trento
2023-11-22,LOM,10368,4890,5478,10368,ITC,ITC4,3,Lombardia
2023-12-11,EMR,3346,1695,1651,3346,ITH,ITH5,8,Emilia-Romagna
2023-11-21,CAM,411,217,194,411,ITF,ITF3,15,Campania
2023-12-12,CAM,1394,741,653,1394,ITF,ITF3,15,Campania
2023-12-09,PUG,202,95,107,202,ITF,ITF4,16,Puglia
2023-12-18,SIC,612,331,281,612,ITG,ITG1,19,Sicilia
2023-10-26,UMB,127,60,67,127,ITI,ITI2,10,Umbria
2023-12-13,MAR,42,21,21,42,ITI,ITI3,11,Marche
2023-11-24,VDA,123,66,57,123,ITC,ITC2,2,Valle d'Aosta / Vallée d'Aoste
2023-12-08,CAM,30,17,13,30,ITF,ITF3,15,Campania
2023-11-30,FVG,1195,549,646,1195,ITH,ITH4,6,Friuli-Venezia Giulia
2023-11-09,PAT,738,386,352,738,ITH,ITH2,4,Provincia Autonoma Trento
2023-12-21,FVG,784,384,400,784,ITH,ITH4,6,Friuli-Venezia Giulia
2023-10-20,LOM,5922,2922,3000,5922,ITC,ITC4,3,Lombardia
2023-11-09,PUG,1570,835,735,1570,ITF,ITF4,16,Puglia
2023-11-03,TOS,5914,2792,3122,5914,ITI,ITI1,9,Toscana
2023-11-21,PIE,2891,1335,1556,2891,ITC,ITC1,1,Piemonte
2023-11-14,SIC,116,57,59,116,ITG,ITG1,19,Sicilia
2023-11-14,MAR,673,354,319,673,ITI,ITI3,11,Marche
2023-10-16,VDA,104,50,54,104,ITC,ITC2,2,Valle d'Aosta / Vallée d'Aoste
2023-12-17,VEN,4466,2362,2104,4466,ITH,ITH3,5,Veneto
2023-10-19,FVG,306,147,159,306,ITH,ITH4,6,Friuli-Venezia Giulia
2023-11-22,FVG,1087,519,568,1087,ITH,ITH4,6,Friuli-Venezia Giulia
2023-10-16,ABR,56,32,24,56,ITF,ITF1,13,Abruzzo
2023-11-21,LIG,1693,849,844,1693,ITC,ITC3,7,Liguria
2023-10-24,VEN,737,284,453,737,ITH,ITH3,5,Veneto
2023-12-20,LAZ,5245,2596,2649,5245,ITI,ITI4,12,Lazio
2023-10-14,CAM,41,15,26,41,ITF,ITF3,15,Campania
2023-10-26,PIE,1471,728,743,1471,ITC,ITC1,1,Piemonte
2023-10-17,LAZ,432,232,200,432,ITI,ITI4,12,Lazio
2023-10-19,MOL,55,18,37,55,ITF,ITF2,14,Molise
2023-11-07,VDA,100,45,55,100,ITC,ITC2,2,Valle d'Aosta / Vallée d'Aoste
2023-10-27,CAM,278,148,130,278,ITF,ITF3,15,Campania
2023-11-16,FVG,1164,564,600,1164,ITH,ITH4,6,Friuli-Venezia Giulia
2023-11-30,LOM,10397,4961,5436,10397,ITC,ITC4,3,Lombardia
2023-12-01,LOM,10299,4796,5503,10299,ITC,ITC4,3,Lombardia
2023-11-06,SAR,313,148,165,313,ITG,ITG2,20,Sardegna
2023-11-20,LAZ,1542,782,760,1542,ITI,ITI4,12,Lazio
2023-11-28,UMB,743,373,370,743,ITI,ITI2,10,Umbria
2023-11-30,PAB,532,258,274,532,ITH,ITH1,4,Provincia Autonoma Bolzano / Bozen
2023-11-25,VDA,102,49,53,102,ITC,ITC2,2,Valle d'Aosta / Vallée d'Aoste
2023-11-30,VEN,3766,1856,1910,3766,ITH,ITH3,5,Veneto
2023-11-17,UMB,675,338,337,675,ITI,ITI2,10,Umbria
2023-10-04,TOS,274,153,121,274,ITI,ITI1,9,Toscana
2023-11-19,UMB,20,11,9,20,ITI,ITI2,10,Umbria
2023-11-06,PAB,164,76,88,164,ITH,ITH1,4,Provincia Autonoma Bolzano / Bozen
2023-11-05,FVG,11,7,4,11,ITH,ITH4,6,Friuli-Venezia Giulia
2023-11-03,FVG,712,352,360,712,ITH,ITH4,6,Friuli-Venezia Giulia
2023-11-06,UMB,327,153,174,327,ITI,ITI2,10,Umbria
2023-10-06,FVG,152,81,71,152,ITH,ITH4,6,Friuli-Venezia Giulia
2023-11-02,EMR,4116,1966,2150,4116,ITH,ITH5,8,Emilia-Romagna
2023-12-14,PIE,3620,1769,1851,3620,ITC,ITC1,1,Piemonte
2023-11-02,VEN,1807,805,1002,1807,ITH,ITH3,5,Veneto
2023-10-30,PUG,907,448,459,907,ITF,ITF4,16,Puglia
2023-12-16,FVG,309,148,161,309,ITH,ITH4,6,Friuli-Venezia Giulia
2023-10-30,CAM,371,214,157,371,ITF,ITF3,15,Campania
2023-10-28,CAL,12,7,5,12,ITF,ITF6,18,Calabria
2023-10-17,TOS,651,295,356,651,ITI,ITI1,9,Toscana
2023-11-06,LOM,4275,2015,2260,4275,ITC,ITC4,3,Lombardia
2023-12-02,UMB,159,76,83,159,ITI,ITI2,10,Umbria
2023-12-10,CAM,26,10,16,26,ITF,ITF3,15,Campania
2023-11-24,PUG,2121,1053,1068,2121,ITF,ITF4,16,Puglia
2023-11-03,LOM,8994,4268,4726,8994,ITC,ITC4,3,Lombardia
2023-10-20,FVG,572,289,283,572,ITH,ITH4,6,Friuli-Venezia Giulia
2023-12-15,PAB,237,103,134,237,ITH,ITH1,4,Provincia Autonoma Bolzano / Bozen
2023-12-07,PAT,400,173,227,400,ITH,ITH2,4,Provincia Autonoma Trento
2023-10-21,LOM,3448,1738,1710,3448,ITC,ITC4,3,Lombardia
2023-12-15,LIG,1496,696,800,1496,ITC,ITC3,7,Liguria
2023-12-04,EMR,3689,1813,1876,3689,ITH,ITH5,8,Emilia-Romagna
2023-12-19,PAB,246,115,131,246,ITH,ITH1,4,Provincia Autonoma Bolzano / Bozen
2023-10-19,PIE,576,282,294,576,ITC,ITC1,1,Piemonte
2023-12-16,LOM,8242,4007,4235,8242,ITC,ITC4,3,Lombardia
2023-11-28,PAB,529,268,261,529,ITH,ITH1,4,Provincia Autonoma Bolzano / Bozen
2023-11-24,PAT,193,90,103,193,ITH,ITH2,4,Provincia Autonoma Trento
2023-10-30,PAT,341,176,165,341,ITH,ITH2,4,Provincia Autonoma Trento
2023-11-18,TOS,2454,1218,1236,2454,ITI,ITI1,9,Toscana
2023-11-16,CAL,129,70,59,129,ITF,ITF6,18,Calabria
2023-12-02,LIG,414,193,221,414,ITC,ITC3,7,Liguria
2023-10-26,CAL,21,8,13,21,ITF,ITF6,18,Calabria
2023-11-13,VDA,61,30,31,61,ITC,ITC2,2,Valle d'Aosta / Vallée d'Aoste
2023-10-12,PUG,86,62,24,86,ITF,ITF4,16,Puglia
2023-12-18,VDA,13,5,8,13,ITC,ITC2,2,Valle d'Aosta / Vallée d'Aoste
2023-11-14,UMB,655,319,336,655,ITI,ITI2,10,Umbria
2023-12-07,PUG,1662,875,787,1662,ITF,ITF4,16,Puglia
2023-11-11,TOS,2464,1127,1337,2464,ITI,ITI1,9,Toscana
2023-09-29,CAM,11,6,5,11,ITF,ITF3,15,Campania
2023-12-04,VEN,2530,1234,1296,2530,ITH,ITH3,5,Veneto
2023-12-06,FVG,1370,667,703,1370,ITH,ITH4,6,Friuli-Venezia Giulia
2023-12-09,EMR,666,315,351,666,ITH,ITH5,8,Emilia-Romagna
2023-11-02,PAB,344,158,186,344,ITH,ITH1,4,Provincia Autonoma Bolzano / Bozen
2023-12-06,ABR,274,127,147,274,ITF,ITF1,13,Abruzzo
2023-11-10,EMR,7628,3719,3909,7628,ITH,ITH5,8,Emilia-Romagna
2023-10-24,EMR,3580,1700,1880,3580,ITH,ITH5,8,Emilia-Romagna
2023-12-19,VEN,3624,1774,1850,3624,ITH,ITH3,5,Veneto
2023-10-31,UMB,282,136,146,282,ITI,ITI2,10,Umbria
2023-11-27,PAB,36,21,15,36,ITH,ITH1,4,Provincia Autonoma Bolzano / Bozen
2023-12-18,MAR,631,330,301,631,ITI,ITI3,11,Marche
2023-12-14,CAL,561,325,236,561,ITF,ITF6,18,Calabria
2023-11-21,PAT,550,252,298,550,ITH,ITH2,4,Provincia Autonoma Trento
2023-11-08,CAL,111,72,39,111,ITF,ITF6,18,Calabria
2023-11-10,PAB,271,131,140,271,ITH,ITH1,4,Provincia Autonoma Bolzano / Bozen
2023-12-12,LOM,10418,5001,5417,10418,ITC,ITC4,3,Lombardia
2023-11-21,PUG,1796,867,929,1796,ITF,ITF4,16,Puglia
2023-11-08,SAR,292,155,137,292,ITG,ITG2,20,Sardegna
2023-12-16,CAL,190,95,95,190,ITF,ITF6,18,Calabria
2023-11-28,LOM,10589,4898,5691,10589,ITC,ITC4,3,Lombardia
2023-12-05,MOL,61,34,27,61,ITF,ITF2,14,Molise
2023-10-31,PAB,544,255,289,544,ITH,ITH1,4,Provincia Autonoma Bolzano / Bozen
2023-10-23,PAT,145,75,70,145,ITH,ITH2,4,Provincia Autonoma Trento
2023-10-25,VDA,304,138,166,304,ITC,ITC2,2,Valle d'Aosta / Vallée d'Aoste
2023-10-28,FVG,751,388,363,751,ITH,ITH4,6,Friuli-Venezia Giulia
2023-12-09,VEN,652,309,343,652,ITH,ITH3,5,Veneto
2023-10-23,CAM,306,167,139,306,ITF,ITF3,15,Campania
2023-10-23,PUG,853,422,431,853,ITF,ITF4,16,Puglia
2023-11-10,VEN,2764,1337,1427,2764,ITH,ITH3,5,Veneto
2023-12-19,EMR,4189,2051,2138,4189,ITH,ITH5,8,Emilia-Romagna
2023-11-24,VEN,3495,1769,1726,3495,ITH,ITH3,5,Veneto
2023-11-07,MAR,741,355,386,741,ITI,ITI3,11,Marche
2023-11-29,LAZ,3955,1915,2040,3955,ITI,ITI4,12,Lazio
2023-11-21,TOS,5011,2283,2728,5011,ITI,ITI1,9,Toscana
2023-10-05,LIG,61,18,43,61,ITC,ITC3,7,Liguria
2023-10-11,EMR,54,17,37,54,ITH,ITH5,8,Emilia-Romagna
2023-10-14,PUG,11,4,7,11,ITF,ITF4,16,Puglia
2023-10-04,PAT,11,7,4,11,ITH,ITH2,4,Provincia Autonoma Trento
2023-10-16,SIC,8,5,3,8,ITG,ITG1,19,Sicilia
2023-10-02,EMR,1,0,1,1,ITH,ITH5,8,Emilia-Romagna
2023-12-15,EMR,6354,3184,3170,6354,ITH,ITH5,8,Emilia-Romagna
2023-12-04,MAR,541,266,275,541,ITI,ITI3,11,Marche
2023-11-16,PIE,2986,1409,1577,2986,ITC,ITC1,1,Piemonte
2023-12-13,LIG,1847,885,962,1847,ITC,ITC3,7,Liguria
2023-11-04,FVG,158,75,83,158,ITH,ITH4,6,Friuli-Venezia Giulia
2023-12-21,MAR,1470,795,675,1470,ITI,ITI3,11,Marche
2023-12-05,SIC,508,268,240,508,ITG,ITG1,19,Sicilia
2023-10-19,CAL,23,12,11,23,ITF,ITF6,18,Calabria
2023-10-15,LOM,3,2,1,3,ITC,ITC4,3,Lombardia
2023-11-01,LOM,1247,550,697,1247,ITC,ITC4,3,Lombardia
2023-11-20,EMR,3889,1858,2031,3889,ITH,ITH5,8,Emilia-Romagna
2023-12-06,SAR,678,357,321,678,ITG,ITG2,20,Sardegna
2023-10-30,MOL,25,12,13,25,ITF,ITF2,14,Molise
2023-11-01,EMR,267,113,154,267,ITH,ITH5,8,Emilia-Romagna
2023-10-20,SAR,120,59,61,120,ITG,ITG2,20,Sardegna
2023-10-17,EMR,1201,585,616,1201,ITH,ITH5,8,Emilia-Romagna
2023-11-07,LOM,10437,4824,5613,10437,ITC,ITC4,3,Lombardia
2023-12-06,LIG,1606,760,846,1606,ITC,ITC3,7,Liguria
2023-10-28,PAT,47,16,31,47,ITH,ITH2,4,Provincia Autonoma Trento
2023-10-29,PUG,62,39,23,62,ITF,ITF4,16,Puglia
2023-10-23,FVG,332,166,166,332,ITH,ITH4,6,Friuli-Venezia Giulia
2023-11-15,VDA,152,84,68,152,ITC,ITC2,2,Valle d'Aosta / Vallée d'Aoste
2023-12-01,SAR,849,428,421,849,ITG,ITG2,20,Sardegna
2023-10-09,PAB,80,39,41,80,ITH,ITH1,4,Provincia Autonoma Bolzano / Bozen
2023-10-23,PAB,216,99,117,216,ITH,ITH1,4,Provincia Autonoma Bolzano / Bozen
2023-12-11,PUG,1751,912,839,1751,ITF,ITF4,16,Puglia
2023-11-18,PIE,1254,637,617,1254,ITC,ITC1,1,Piemonte
2023-10-17,LOM,4977,2594,2383,4977,ITC,ITC4,3,Lombardia
2023-10-24,CAM,354,199,155,354,ITF,ITF3,15,Campania
2023-12-11,CAL,374,200,174,374,ITF,ITF6,18,Calabria
2023-12-15,MOL,115,62,53,115,ITF,ITF2,14,Molise
2023-11-12,VEN,101,61,40,101,ITH,ITH3,5,Veneto
2023-12-20,LOM,11011,5380,5631,11011,ITC,ITC4,3,Lombardia
2023-11-13,EMR,3887,1870,2017,3887,ITH,ITH5,8,Emilia-Romagna
2023-11-02,MAR,625,307,318,625,ITI,ITI3,11,Marche
2023-11-16,SIC,88,47,41,88,ITG,ITG1,19,Sicilia
2023-12-06,PAB,413,217,196,413,ITH,ITH1,4,Provincia Autonoma Bolzano / Bozen
2023-11-24,MAR,805,420,385,805,ITI,ITI3,11,Marche
2023-12-20,CAL,492,268,224,492,ITF,ITF6,18,Calabria
2023-11-05,EMR,192,102,90,192,ITH,ITH5,8,Emilia-Romagna
2023-10-24,PIE,1281,628,653,1281,ITC,ITC1,1,Piemonte
2023-12-07,BAS,177,104,73,177,ITF,ITF5,17,Basilicata
2023-12-06,UMB,1062,521,541,1062,ITI,ITI2,10,Umbria
2023-12-02,LAZ,1672,813,859,1672,ITI,ITI4,12,Lazio
2023-10-29,PIE,22,10,12,22,ITC,ITC1,1,Piemonte
2023-11-02,ABR,136,77,59,136,ITF,ITF1,13,Abruzzo
2023-11-09,PIE,2928,1414,1514,2928,ITC,ITC1,1,Piemonte
2023-12-01,PUG,2222,1115,1107,2222,ITF,ITF4,16,Puglia
2023-11-09,TOS,8124,3847,4277,8124,ITI,ITI1,9,Toscana
2023-11-23,EMR,6256,3005,3251,6256,ITH,ITH5,8,Emilia-Romagna
2023-11-06,PAT,425,207,218,425,ITH,ITH2,4,Provincia Autonoma Trento
2023-11-04,LAZ,726,371,355,726,ITI,ITI4,12,Lazio
2023-10-10,ABR,68,36,32,68,ITF,ITF1,13,Abruzzo
2023-12-14,ABR,565,292,273,565,ITF,ITF1,13,Abruzzo
2023-11-22,CAM,549,302,247,549,ITF,ITF3,15,Campania
2023-12-21,UMB,971,490,481,971,ITI,ITI2,10,Umbria
2023-12-17,TOS,42,15,27,42,ITI,ITI1,9,Toscana
2023-11-10,VDA,160,73,87,160,ITC,ITC2,2,Valle d'Aosta / Vallée d'Aoste
2023-10-12,VEN,1,1,0,1,ITH,ITH3,5,Veneto
2023-10-27,SIC,59,34,25,59,ITG,ITG1,19,Sicilia
2023-12-01,PAT,688,357,331,688,ITH,ITH2,4,Provincia Autonoma Trento
2023-11-20,MAR,576,308,268,576,ITI,ITI3,11,Marche
2023-12-09,PIE,679,327,352,679,ITC,ITC1,1,Piemonte
2023-11-13,LOM,8582,4024,4558,8582,ITC,ITC4,3,Lombardia
2023-12-03,PIE,22,12,10,22,ITC,ITC1,1,Piemonte
2023-10-10,MAR,5,3,2,5,ITI,ITI3,11,Marche
2023-11-12,PAB,2,2,0,2,ITH,ITH1,4,Provincia Autonoma Bolzano / Bozen
2023-12-08,MOL,1,0,1,1,ITF,ITF2,14,Molise
2023-10-03,VEN,1,1,0,1,ITH,ITH3,5,Veneto
2023-12-03,LAZ,82,40,42,82,ITI,ITI4,12,Lazio
2023-11-22,CAL,226,121,105,226,ITF,ITF6,18,Calabria
2023-12-13,PUG,3268,1661,1607,3268,ITF,ITF4,16,Puglia
2023-11-26,PUG,22,11,11,22,ITF,ITF4,16,Puglia
2023-10-06,PUG,13,8,5,13,ITF,ITF4,16,Puglia
2023-11-29,TOS,6273,2950,3323,6273,ITI,ITI1,9,Toscana
2023-11-21,FVG,1152,558,594,1152,ITH,ITH4,6,Friuli-Venezia Giulia
2023-12-05,LIG,1792,861,931,1792,ITC,ITC3,7,Liguria
2023-10-13,VDA,77,35,42,77,ITC,ITC2,2,Valle d'Aosta / Vallée d'Aoste
2023-10-19,SIC,38,24,14,38,ITG,ITG1,19,Sicilia
2023-12-09,LIG,304,152,152,304,ITC,ITC3,7,Liguria
2023-12-17,MAR,47,25,22,47,ITI,ITI3,11,Marche
2023-12-21,CAL,402,228,174,402,ITF,ITF6,18,Calabria
2023-10-11,PAB,474,257,217,474,ITH,ITH1,4,Provincia Autonoma Bolzano / Bozen
2023-10-22,LAZ,42,21,21,42,ITI,ITI4,12,Lazio
2023-11-28,SAR,553,265,288,553,ITG,ITG2,20,Sardegna
2023-11-16,CAM,496,262,234,496,ITF,ITF3,15,Campania
2023-11-09,CAM,409,227,182,409,ITF,ITF3,15,Campania
2023-12-12,UMB,840,442,398,840,ITI,ITI2,10,Umbria
2023-12-13,PAT,443,212,231,443,ITH,ITH2,4,Provincia Autonoma Trento
2023-12-11,CAM,891,483,408,891,ITF,ITF3,15,Campania
2023-11-17,PIE,3081,1490,1591,3081,ITC,ITC1,1,Piemonte
2023-11-21,LOM,9346,4344,5002,9346,ITC,ITC4,3,Lombardia
2023-10-21,FVG,100,43,57,100,ITH,ITH4,6,Friuli-Venezia Giulia
2023-10-29,LAZ,26,11,15,26,ITI,ITI4,12,Lazio
2023-11-30,UMB,807,400,407,807,ITI,ITI2,10,Umbria
2023-11-26,TOS,122,61,61,122,ITI,ITI1,9,Toscana
2023-12-14,MOL,169,91,78,169,ITF,ITF2,14,Molise
2023-10-24,PAB,678,333,345,678,ITH,ITH1,4,Provincia Autonoma Bolzano / Bozen
2023-10-27,ABR,88,37,51,88,ITF,ITF1,13,Abruzzo
2023-12-18,FVG,685,331,354,685,ITH,ITH4,6,Friuli-Venezia Giulia
2023-10-19,VEN,207,84,123,207,ITH,ITH3,5,Veneto
2023-10-23,LOM,7500,3727,3773,7500,ITC,ITC4,3,Lombardia
2023-10-11,LIG,53,14,39,53,ITC,ITC3,7,Liguria
2023-10-06,PIE,31,18,13,31,ITC,ITC1,1,Piemonte
2023-12-04,PAB,103,51,52,103,ITH,ITH1,4,Provincia Autonoma Bolzano / Bozen
2023-11-11,CAL,45,22,23,45,ITF,ITF6,18,Calabria
2023-12-16,PIE,2109,1085,1024,2109,ITC,ITC1,1,Piemonte
2023-11-03,PIE,2431,1208,1223,2431,ITC,ITC1,1,Piemonte
2023-11-17,SAR,491,242,249,491,ITG,ITG2,20,Sardegna
2023-10-18,MOL,27,14,13,27,ITF,ITF2,14,Molise
2023-12-07,LOM,8219,3985,4234,8219,ITC,ITC4,3,Lombardia
2023-11-20,PAT,417,192,225,417,ITH,ITH2,4,Provincia Autonoma Trento
2023-10-26,VEN,1007,464,543,1007,ITH,ITH3,5,Veneto
2023-10-20,CAM,191,104,87,191,ITF,ITF3,15,Campania
2023-11-03,ABR,177,84,93,177,ITF,ITF1,13,Abruzzo
2023-10-10,SAR,54,32,22,54,ITG,ITG2,20,Sardegna
2023-11-14,LAZ,2249,1090,1159,2249,ITI,ITI4,12,Lazio
2023-12-01,FVG,968,471,497,968,ITH,ITH4,6,Friuli-Venezia Giulia
2023-10-19,EMR,1944,968,976,1944,ITH,ITH5,8,Emilia-Romagna
2023-10-23,SAR,128,69,59,128,ITG,ITG2,20,Sardegna
2023-10-04,LOM,287,138,149,287,ITC,ITC4,3,Lombardia
2023-12-11,PAT,652,319,333,652,ITH,ITH2,4,Provincia Autonoma Trento
2023-10-30,ABR,93,51,42,93,ITF,ITF1,13,Abruzzo
2023-11-19,MAR,6,1,5,6,ITI,ITI3,11,Marche
2023-11-22,PIE,3011,1417,1594,3011,ITC,ITC1,1,Piemonte
2023-10-16,EMR,716,311,405,716,ITH,ITH5,8,Emilia-Romagna
2023-11-13,ABR,181,96,85,181,ITF,ITF1,13,Abruzzo
2023-12-17,UMB,13,6,7,13,ITI,ITI2,10,Umbria
2023-11-16,MOL,111,50,61,111,ITF,ITF2,14,Molise
2023-12-08,CAL,6,2,4,6,ITF,ITF6,18,Calabria
2023-11-18,FVG,329,168,161,329,ITH,ITH4,6,Friuli-Venezia Giulia
2023-11-08,LAZ,2183,1036,1147,2183,ITI,ITI4,12,Lazio
2023-10-30,CAL,59,30,29,59,ITF,ITF6,18,Calabria
2023-12-15,VEN,3498,1772,1726,3498,ITH,ITH3,5,Veneto
2023-12-07,LAZ,3356,1602,1754,3356,ITI,ITI4,12,Lazio
2023-11-03,VEN,1364,625,739,1364,ITH,ITH3,5,Veneto
2023-12-03,FVG,8,2,6,8,ITH,ITH4,6,Friuli-Venezia Giulia
2023-10-26,LIG,823,413,410,823,ITC,ITC3,7,Liguria
2023-11-03,SAR,217,112,105,217,ITG,ITG2,20,Sardegna
2023-10-20,VEN,468,228,240,468,ITH,ITH3,5,Veneto
2023-12-15,SAR,954,477,477,954,ITG,ITG2,20,Sardegna
2023-10-21,UMB,24,13,11,24,ITI,ITI2,10,Umbria
2023-11-27,CAM,406,231,175,406,ITF,ITF3,15,Campania
2023-09-29,TOS,3,0,3,3,ITI,ITI1,9,Toscana
2023-11-28,LIG,1115,582,533,1115,ITC,ITC3,7,Liguria
2023-12-03,VEN,207,108,99,207,ITH,ITH3,5,Veneto
2023-11-07,ABR,214,114,100,214,ITF,ITF1,13,Abruzzo
2023-11-28,CAL,198,120,78,198,ITF,ITF6,18,Calabria
2023-10-24,FVG,664,341,323,664,ITH,ITH4,6,Friuli-Venezia Giulia
2023-11-20,SIC,68,37,31,68,ITG,ITG1,19,Sicilia
2023-12-15,CAL,468,260,208,468,ITF,ITF6,18,Calabria
2023-10-12,MAR,29,15,14,29,ITI,ITI3,11,Marche
2023-10-21,PAB,3,0,3,3,ITH,ITH1,4,Provincia Autonoma Bolzano / Bozen
2023-12-15,LOM,10597,5158,5439,10597,ITC,ITC4,3,Lombardia
2023-12-02,TOS,1444,701,743,1444,ITI,ITI1,9,Toscana
2023-12-01,VDA,135,68,67,135,ITC,ITC2,2,Valle d'Aosta / Vallée d'Aoste
2023-10-05,LOM,362,191,171,362,ITC,ITC4,3,Lombardia
2023-11-03,PAB,301,139,162,301,ITH,ITH1,4,Provincia Autonoma Bolzano / Bozen
2023-10-26,PAB,780,388,392,780,ITH,ITH1,4,Provincia Autonoma Bolzano / Bozen
2023-10-30,VEN,1318,593,725,1318,ITH,ITH3,5,Veneto
2023-12-20,ABR,395,194,201,395,ITF,ITF1,13,Abruzzo
2023-11-10,MAR,982,502,480,982,ITI,ITI3,11,Marche
2023-11-08,SIC,36,19,17,36,ITG,ITG1,19,Sicilia
2023-11-05,VDA,7,2,5,7,ITC,ITC2,2,Valle d'Aosta / Vallée d'Aoste
2023-12-12,LIG,2889,1382,1507,2889,ITC,ITC3,7,Liguria
2023-11-27,LIG,325,167,158,325,ITC,ITC3,7,Liguria
2023-12-08,LOM,441,217,224,441,ITC,ITC4,3,Lombardia
2023-12-09,FVG,140,67,73,140,ITH,ITH4,6,Friuli-Venezia Giulia
2023-10-30,SAR,170,94,76,170,ITG,ITG2,20,Sardegna
2023-11-04,CAL,40,21,19,40,ITF,ITF6,18,Calabria
2023-11-19,ABR,25,13,12,25,ITF,ITF1,13,Abruzzo
2023-12-12,PAB,331,164,167,331,ITH,ITH1,4,Provincia Autonoma Bolzano / Bozen
2023-10-13,MOL,9,7,2,9,ITF,ITF2,14,Molise
2023-11-25,PIE,1396,717,679,1396,ITC,ITC1,1,Piemonte
2023-12-06,EMR,5111,2523,2588,5111,ITH,ITH5,8,Emilia-Romagna
2023-11-06,MAR,408,206,202,408,ITI,ITI3,11,Marche
2023-10-04,LAZ,16,9,7,16,ITI,ITI4,12,Lazio
2023-11-18,PUG,349,175,174,349,ITF,ITF4,16,Puglia
2023-12-11,LOM,9314,4546,4768,9314,ITC,ITC4,3,Lombardia
2023-11-18,PAT,44,21,23,44,ITH,ITH2,4,Provincia Autonoma Trento
2023-09-26,TOS,15,7,8,15,ITI,ITI1,9,Toscana
2023-10-29,FVG,9,4,5,9,ITH,ITH4,6,Friuli-Venezia Giulia
2023-12-08,LIG,1,1,0,1,ITC,ITC3,7,Liguria
2023-12-10,SIC,52,26,26,52,ITG,ITG1,19,Sicilia
2023-10-15,MAR,1,1,0,1,ITI,ITI3,11,Marche
2023-10-20,CAL,6,4,2,6,ITF,ITF6,18,Calabria
2023-10-29,PAT,1,0,1,1,ITH,ITH2,4,Provincia Autonoma Trento
2023-11-20,FVG,1105,561,544,1105,ITH,ITH4,6,Friuli-Venezia Giulia
2023-10-10,PIE,95,51,44,95,ITC,ITC1,1,Piemonte
2023-10-14,ABR,11,5,6,11,ITF,ITF1,13,Abruzzo
2023-11-30,PIE,3312,1574,1738,3312,ITC,ITC1,1,Piemonte
2023-10-23,PIE,790,380,410,790,ITC,ITC1,1,Piemonte
2023-10-25,LAZ,991,493,498,991,ITI,ITI4,12,Lazio
2023-12-13,TOS,5085,2398,2687,5085,ITI,ITI1,9,Toscana
2023-12-14,EMR,6166,3041,3125,6166,ITH,ITH5,8,Emilia-Romagna
2023-12-21,PAT,260,133,127,260,ITH,ITH2,4,Provincia Autonoma Trento
2023-11-29,MAR,26,11,15,26,ITI,ITI3,11,Marche
2023-10-24,LOM,9049,4451,4598,9049,ITC,ITC4,3,Lombardia
2023-10-21,PIE,339,180,159,339,ITC,ITC1,1,Piemonte
2023-12-04,LOM,9131,4405,4726,9131,ITC,ITC4,3,Lombardia
2023-12-14,VEN,4287,2128,2159,4287,ITH,ITH3,5,Veneto
2023-10-18,EMR,1502,719,783,1502,ITH,ITH5,8,Emilia-Romagna
2023-11-29,VDA,128,62,66,128,ITC,ITC2,2,Valle d'Aosta / Vallée d'Aoste
2023-11-14,MOL,31,19,12,31,ITF,ITF2,14,Molise
2023-11-30,SAR,930,476,454,930,ITG,ITG2,20,Sardegna
2023-12-18,LAZ,3859,1931,1928,3859,ITI,ITI4,12,Lazio
2023-12-04,SAR,755,378,377,755,ITG,ITG2,20,Sardegna
2023-10-21,CAL,13,9,4,13,ITF,ITF6,18,Calabria
2023-11-08,VEN,2397,1158,1239,2397,ITH,ITH3,5,Veneto
2023-11-28,BAS,145,87,58,145,ITF,ITF5,17,Basilicata
2023-11-24,CAL,141,91,50,141,ITF,ITF6,18,Calabria
2023-10-28,CAM,77,42,35,77,ITF,ITF3,15,Campania
2023-12-06,PUG,2424,1217,1207,2424,ITF,ITF4,16,Puglia
2023-11-29,SIC,230,122,108,230,ITG,ITG1,19,Sicilia
2023-10-26,LOM,9954,4736,5218,9954,ITC,ITC4,3,Lombardia
2023-12-06,CAM,1069,587,482,1069,ITF,ITF3,15,Campania
2023-11-23,BAS,44,28,16,44,ITF,ITF5,17,Basilicata
2023-10-29,TOS,36,15,21,36,ITI,ITI1,9,Toscana
2023-11-16,LOM,10147,4753,5394,10147,ITC,ITC4,3,Lombardia
2023-12-06,PAT,412,188,224,412,ITH,ITH2,4,Provincia Autonoma Trento
2023-12-02,MOL,37,20,17,37,ITF,ITF2,14,Molise
2023-11-18,VDA,80,42,38,80,ITC,ITC2,2,Valle d'Aosta / Vallée d'Aoste
2023-11-01,FVG,23,10,13,23,ITH,ITH4,6,Friuli-Venezia Giulia
2023-12-11,FVG,1061,496,565,1061,ITH,ITH4,6,Friuli-Venezia Giulia
2023-11-13,LAZ,1718,900,818,1718,ITI,ITI4,12,Lazio
2023-10-31,PIE,1540,758,782,1540,ITC,ITC1,1,Piemonte
2023-12-20,MAR,17,8,9,17,ITI,ITI3,11,Marche
2023-10-06,CAM,28,15,13,28,ITF,ITF3,15,Campania
2023-12-10,PIE,80,36,44,80,ITC,ITC1,1,Piemonte
2023-11-06,EMR,3964,1828,2136,3964,ITH,ITH5,8,Emilia-Romagna
2023-10-22,MAR,54,30,24,54,ITI,ITI3,11,Marche
2023-11-24,PIE,3573,1727,1846,3573,ITC,ITC1,1,Piemonte
2023-10-30,FVG,532,274,258,532,ITH,ITH4,6,Friuli-Venezia Giulia
2023-10-23,ABR,83,44,39,83,ITF,ITF1,13,Abruzzo
2023-11-09,VDA,154,73,81,154,ITC,ITC2,2,Valle d'Aosta / Vallée d'Aoste
2023-11-08,EMR,6958,3272,3686,6958,ITH,ITH5,8,Emilia-Romagna
2023-11-07,TOS,5207,2429,2778,5207,ITI,ITI1,9,Toscana
2023-11-10,SAR,336,163,173,336,ITG,ITG2,20,Sardegna
2023-10-23,CAL,23,14,9,23,ITF,ITF6,18,Calabria
2023-11-24,SAR,570,293,277,570,ITG,ITG2,20,Sardegna
2023-10-14,PIE,43,20,23,43,ITC,ITC1,1,Piemonte
2023-12-20,VDA,97,54,43,97,ITC,ITC2,2,Valle d'Aosta / Vallée d'Aoste
2023-12-10,ABR,36,14,22,36,ITF,ITF1,13,Abruzzo
2023-10-31,MOL,33,13,20,33,ITF,ITF2,14,Molise
2023-11-12,PUG,52,31,21,52,ITF,ITF4,16,Puglia
2023-12-10,BAS,5,3,2,5,ITF,ITF5,17,Basilicata
2023-11-17,BAS,12,8,4,12,ITF,ITF5,17,Basilicata
2023-10-12,VDA,12,6,6,12,ITC,ITC2,2,Valle d'Aosta / Vallée d'Aoste
2023-10-02,ABR,2,2,0,2,ITF,ITF1,13,Abruzzo
2023-09-25,ABR,1,0,1,1,ITF,ITF1,13,Abruzzo
2023-12-08,LAZ,330,168,162,330,ITI,ITI4,12,Lazio
2023-11-22,LAZ,2331,1115,1216,2331,ITI,ITI4,12,Lazio
2023-11-13,TOS,3849,1799,2050,3849,ITI,ITI1,9,Toscana
2023-10-31,CAM,124,56,68,124,ITF,ITF3,15,Campania
2023-11-14,VDA,105,49,56,105,ITC,ITC2,2,Valle d'Aosta / Vallée d'Aoste
2023-10-21,VEN,49,21,28,49,ITH,ITH3,5,Veneto
2023-11-05,UMB,137,72,65,137,ITI,ITI2,10,Umbria
2023-12-18,LOM,10245,5060,5185,10245,ITC,ITC4,3,Lombardia
2023-10-31,MAR,600,293,307,600,ITI,ITI3,11,Marche
2023-10-21,SIC,6,3,3,6,ITG,ITG1,19,Sicilia
2023-11-26,BAS,3,2,1,3,ITF,ITF5,17,Basilicata
2023-12-13,VDA,104,41,63,104,ITC,ITC2,2,Valle d'Aosta / Vallée d'Aoste
2023-12-19,MAR,997,496,501,997,ITI,ITI3,11,Marche
2023-11-03,SIC,61,33,28,61,ITG,ITG1,19,Sicilia
2023-11-13,SAR,354,183,171,354,ITG,ITG2,20,Sardegna
2023-11-03,PAT,357,173,184,357,ITH,ITH2,4,Provincia Autonoma Trento
2023-10-25,MAR,530,265,265,530,ITI,ITI3,11,Marche
2023-12-03,SIC,148,77,71,148,ITG,ITG1,19,Sicilia
2023-11-09,SAR,303,160,143,303,ITG,ITG2,20,Sardegna
2023-10-21,PUG,221,101,120,221,ITF,ITF4,16,Puglia
2023-10-06,VDA,18,10,8,18,ITC,ITC2,2,Valle d'Aosta / Vallée d'Aoste
2023-12-13,PIE,2997,1436,1561,2997,ITC,ITC1,1,Piemonte
2023-11-24,BAS,59,31,28,59,ITF,ITF5,17,Basilicata
2023-11-21,VEN,3043,1474,1569,3043,ITH,ITH3,5,Veneto
2023-11-03,PUG,1609,832,777,1609,ITF,ITF4,16,Puglia
2023-12-12,VEN,3080,1508,1572,3080,ITH,ITH3,5,Veneto
2023-11-23,MAR,49,21,28,49,ITI,ITI3,11,Marche
2023-10-17,VEN,159,60,99,159,ITH,ITH3,5,Veneto
2023-11-29,CAL,192,115,77,192,ITF,ITF6,18,Calabria
2023-12-01,TOS,5660,2627,3033,5660,ITI,ITI1,9,Toscana
2023-12-12,SIC,630,339,291,630,ITG,ITG1,19,Sicilia
2023-11-26,VDA,3,0,3,3,ITC,ITC2,2,Valle d'Aosta / Vallée d'Aoste
2023-11-22,TOS,6284,2905,3379,6284,ITI,ITI1,9,Toscana
2023-11-05,TOS,192,100,92,192,ITI,ITI1,9,Toscana
2023-10-11,SAR,89,42,47,89,ITG,ITG2,20,Sardegna
2023-10-12,PIE,105,50,55,105,ITC,ITC1,1,Piemonte
2023-10-01,LOM,2772,1464,1308,2772,ITC,ITC4,3,Lombardia
2023-11-23,SIC,254,141,113,254,ITG,ITG1,19,Sicilia
2023-12-16,PUG,564,286,278,564,ITF,ITF4,16,Puglia
2023-10-18,PAB,625,301,324,625,ITH,ITH1,4,Provincia Autonoma Bolzano / Bozen
2023-12-02,CAM,159,91,68,159,ITF,ITF3,15,Campania
2023-11-10,PIE,3356,1626,1730,3356,ITC,ITC1,1,Piemonte
2023-11-26,PIE,56,27,29,56,ITC,ITC1,1,Piemonte
2023-11-23,VEN,3336,1688,1648,3336,ITH,ITH3,5,Veneto
2023-11-18,CAL,34,21,13,34,ITF,ITF6,18,Calabria
2023-11-12,LOM,1023,487,536,1023,ITC,ITC4,3,Lombardia
2023-12-19,VDA,44,21,23,44,ITC,ITC2,2,Valle d'Aosta / Vallée d'Aoste
2023-11-20,BAS,5,1,4,5,ITF,ITF5,17,Basilicata
2023-12-16,PAT,1273,603,670,1273,ITH,ITH2,4,Provincia Autonoma Trento
2023-10-21,PAT,65,35,30,65,ITH,ITH2,4,Provincia Autonoma Trento
2023-11-06,CAM,335,195,140,335,ITF,ITF3,15,Campania
2023-10-24,MAR,569,297,272,569,ITI,ITI3,11,Marche
2023-12-05,TOS,4233,1952,2281,4233,ITI,ITI1,9,Toscana
2023-11-29,LIG,1357,651,706,1357,ITC,ITC3,7,Liguria
2023-12-09,CAL,43,25,18,43,ITF,ITF6,18,Calabria
2023-11-05,PAB,6,2,4,6,ITH,ITH1,4,Provincia Autonoma Bolzano / Bozen
2023-11-10,BAS,12,6,6,12,ITF,ITF5,17,Basilicata
2023-12-03,CAL,3,2,1,3,ITF,ITF6,18,Calabria
2023-12-02,VDA,6,3,3,6,ITC,ITC2,2,Valle d'Aosta / Vallée d'Aoste
2023-11-25,MAR,10,2,8,10,ITI,ITI3,11,Marche
2023-11-15,CAM,427,243,184,427,ITF,ITF3,15,Campania
2023-11-15,PUG,2052,1016,1036,2052,ITF,ITF4,16,Puglia
2023-10-12,CAM,233,130,103,233,ITF,ITF3,15,Campania
2023-12-14,BAS,313,164,149,313,ITF,ITF5,17,Basilicata
2023-11-24,LOM,10834,5052,5782,10834,ITC,ITC4,3,Lombardia
2023-12-06,BAS,152,82,70,152,ITF,ITF5,17,Basilicata
2023-10-07,TOS,241,137,104,241,ITI,ITI1,9,Toscana
2023-10-16,LIG,141,43,98,141,ITC,ITC3,7,Liguria
2023-12-06,CAL,338,198,140,338,ITF,ITF6,18,Calabria
2023-11-15,PAT,536,274,262,536,ITH,ITH2,4,Provincia Autonoma Trento
2023-10-31,SAR,183,81,102,183,ITG,ITG2,20,Sardegna
2023-10-26,EMR,4223,2007,2216,4223,ITH,ITH5,8,Emilia-Romagna
2023-12-06,PIE,3024,1435,1589,3024,ITC,ITC1,1,Piemonte
2023-11-16,BAS,37,17,20,37,ITF,ITF5,17,Basilicata
2023-10-20,PUG,757,394,363,757,ITF,ITF4,16,Puglia
2023-10-04,FVG,43,24,19,43,ITH,ITH4,6,Friuli-Venezia Giulia
2023-10-14,LOM,8,3,5,8,ITC,ITC4,3,Lombardia
2023-10-09,MAR,6,1,5,6,ITI,ITI3,11,Marche
2023-10-17,FVG,396,203,193,396,ITH,ITH4,6,Friuli-Venezia Giulia
2023-11-21,CAL,334,189,145,334,ITF,ITF6,18,Calabria
2023-10-27,UMB,390,193,197,390,ITI,ITI2,10,Umbria
2023-12-01,CAL,143,84,59,143,ITF,ITF6,18,Calabria
2023-10-20,PAT,344,159,185,344,ITH,ITH2,4,Provincia Autonoma Trento
2023-12-16,BAS,144,79,65,144,ITF,ITF5,17,Basilicata
2023-11-23,UMB,821,397,424,821,ITI,ITI2,10,Umbria
2023-12-03,TOS,28,9,19,28,ITI,ITI1,9,Toscana
2023-12-01,ABR,232,124,108,232,ITF,ITF1,13,Abruzzo
2023-12-16,ABR,178,89,89,178,ITF,ITF1,13,Abruzzo
2023-11-11,FVG,818,383,435,818,ITH,ITH4,6,Friuli-Venezia Giulia
2023-10-05,LAZ,47,24,23,47,ITI,ITI4,12,Lazio
2023-11-20,PUG,1148,590,558,1148,ITF,ITF4,16,Puglia
2023-10-21,ABR,36,17,19,36,ITF,ITF1,13,Abruzzo
2023-10-02,LOM,145,63,82,145,ITC,ITC4,3,Lombardia
2023-12-09,UMB,157,84,73,157,ITI,ITI2,10,Umbria
2023-10-30,LOM,8274,3959,4315,8274,ITC,ITC4,3,Lombardia
2023-11-08,MOL,91,54,37,91,ITF,ITF2,14,Molise
2023-10-09,MOL,10,6,4,10,ITF,ITF2,14,Molise
2023-12-10,UMB,2,0,2,2,ITI,ITI2,10,Umbria
2023-09-28,TOS,1,0,1,1,ITI,ITI1,9,Toscana
2023-12-09,PAB,6,2,4,6,ITH,ITH1,4,Provincia Autonoma Bolzano / Bozen
2023-11-01,ABR,1,0,1,1,ITF,ITF1,13,Abruzzo
2023-10-27,LIG,615,256,359,615,ITC,ITC3,7,Liguria
2023-12-12,MAR,759,381,378,759,ITI,ITI3,11,Marche
2023-10-22,PIE,8,3,5,8,ITC,ITC1,1,Piemonte
2023-10-23,SIC,34,19,15,34,ITG,ITG1,19,Sicilia
2023-11-25,BAS,74,35,39,74,ITF,ITF5,17,Basilicata
2023-11-23,LAZ,2315,1166,1149,2315,ITI,ITI4,12,Lazio
2023-10-16,PUG,282,145,137,282,ITF,ITF4,16,Puglia
2023-10-31,TOS,2452,1101,1351,2452,ITI,ITI1,9,Toscana
2023-10-03,TOS,132,64,68,132,ITI,ITI1,9,Toscana
2023-12-14,TOS,6934,3263,3671,6934,ITI,ITI1,9,Toscana
2023-11-06,TOS,3924,1897,2027,3924,ITI,ITI1,9,Toscana
2023-11-23,TOS,8107,3830,4277,8107,ITI,ITI1,9,Toscana
2023-11-01,UMB,15,8,7,15,ITI,ITI2,10,Umbria
2023-10-24,LAZ,1006,518,488,1006,ITI,ITI4,12,Lazio
2023-12-20,VEN,3667,1767,1900,3667,ITH,ITH3,5,Veneto
2023-12-09,LAZ,936,463,473,936,ITI,ITI4,12,Lazio
2023-11-07,CAL,114,68,46,114,ITF,ITF6,18,Calabria
2023-12-13,SAR,1176,615,561,1176,ITG,ITG2,20,Sardegna
2023-12-11,MOL,154,91,63,154,ITF,ITF2,14,Molise
2023-12-18,UMB,286,140,146,286,ITI,ITI2,10,Umbria
2023-11-20,MOL,91,54,37,91,ITF,ITF2,14,Molise
2023-11-20,VEN,2305,1155,1150,2305,ITH,ITH3,5,Veneto
2023-11-14,FVG,1416,716,700,1416,ITH,ITH4,6,Friuli-Venezia Giulia
2023-11-15,PAB,575,290,285,575,ITH,ITH1,4,Provincia Autonoma Bolzano / Bozen
2023-12-13,UMB,951,463,488,951,ITI,ITI2,10,Umbria
2023-10-25,ABR,168,78,90,168,ITF,ITF1,13,Abruzzo
2023-12-08,EMR,146,59,87,146,ITH,ITH5,8,Emilia-Romagna
2023-11-04,EMR,2909,1418,1491,2909,ITH,ITH5,8,Emilia-Romagna
2023-11-07,VEN,1919,852,1067,1919,ITH,ITH3,5,Veneto
2023-10-13,LOM,521,203,318,521,ITC,ITC4,3,Lombardia
2023-11-10,TOS,6781,3208,3573,6781,ITI,ITI1,9,Toscana
2023-11-03,MAR,827,428,399,827,ITI,ITI3,11,Marche
2023-12-16,MOL,189,103,86,189,ITF,ITF2,14,Molise
2023-11-02,PAT,514,259,255,514,ITH,ITH2,4,Provincia Autonoma Trento
2023-12-06,SIC,427,235,192,427,ITG,ITG1,19,Sicilia
2023-12-18,EMR,3341,1678,1663,3341,ITH,ITH5,8,Emilia-Romagna
2023-10-16,PIE,189,110,79,189,ITC,ITC1,1,Piemonte
2023-12-20,SAR,1062,540,522,1062,ITG,ITG2,20,Sardegna
2023-11-26,VEN,12,7,5,12,ITH,ITH3,5,Veneto
2023-12-07,VEN,2974,1447,1527,2974,ITH,ITH3,5,Veneto
2023-12-07,SAR,928,489,439,928,ITG,ITG2,20,Sardegna
2023-12-07,EMR,3528,1663,1865,3528,ITH,ITH5,8,Emilia-Romagna
2023-11-15,LIG,1036,523,513,1036,ITC,ITC3,7,Liguria
2023-11-16,LIG,1034,517,517,1034,ITC,ITC3,7,Liguria
2023-10-09,TOS,490,257,233,490,ITI,ITI1,9,Toscana
2023-11-01,LIG,81,9,72,81,ITC,ITC3,7,Liguria
2023-10-15,PAB,8,4,4,8,ITH,ITH1,4,Provincia Autonoma Bolzano / Bozen
2023-11-22,MOL,94,56,38,94,ITF,ITF2,14,Molise
2023-10-06,LIG,61,21,40,61,ITC,ITC3,7,Liguria
2023-10-20,MOL,35,13,22,35,ITF,ITF2,14,Molise
2023-11-25,ABR,69,31,38,69,ITF,ITF1,13,Abruzzo
2023-12-18,MOL,139,75,64,139,ITF,ITF2,14,Molise
2023-12-04,VDA,14,5,9,14,ITC,ITC2,2,Valle d'Aosta / Vallée d'Aoste
2023-11-26,UMB,10,3,7,10,ITI,ITI2,10,Umbria
2023-11-26,PAB,1,1,0,1,ITH,ITH1,4,Provincia Autonoma Bolzano / Bozen
2023-09-29,VDA,6,2,4,6,ITC,ITC2,2,Valle d'Aosta / Vallée d'Aoste
2023-11-12,PIE,54,26,28,54,ITC,ITC1,1,Piemonte
2023-12-04,MOL,131,73,58,131,ITF,ITF2,14,Molise
2023-12-18,ABR,375,194,181,375,ITF,ITF1,13,Abruzzo
2023-10-09,PIE,85,35,50,85,ITC,ITC1,1,Piemonte
2023-10-27,PAB,352,171,181,352,ITH,ITH1,4,Provincia Autonoma Bolzano / Bozen
2023-12-05,VEN,3616,1779,1837,3616,ITH,ITH3,5,Veneto
2023-10-16,VEN,152,72,80,152,ITH,ITH3,5,Veneto
2023-12-16,VDA,72,36,36,72,ITC,ITC2,2,Valle d'Aosta / Vallée d'Aoste
2023-12-07,CAM,876,492,384,876,ITF,ITF3,15,Campania
2023-11-30,CAM,656,373,283,656,ITF,ITF3,15,Campania
2023-12-08,TOS,21,7,14,21,ITI,ITI1,9,Toscana
2023-10-12,LAZ,144,77,67,144,ITI,ITI4,12,Lazio
2023-11-15,PIE,2822,1303,1519,2822,ITC,ITC1,1,Piemonte
2023-11-06,LIG,480,239,241,480,ITC,ITC3,7,Liguria
2023-11-23,PAT,578,264,314,578,ITH,ITH2,4,Provincia Autonoma Trento
2023-12-12,PAT,629,286,343,629,ITH,ITH2,4,Provincia Autonoma Trento
2023-11-25,CAL,28,11,17,28,ITF,ITF6,18,Calabria
2023-10-04,CAM,30,20,10,30,ITF,ITF3,15,Campania
2023-10-30,EMR,3276,1514,1762,3276,ITH,ITH5,8,Emilia-Romagna
2023-11-07,FVG,1265,603,662,1265,ITH,ITH4,6,Friuli-Venezia Giulia
2023-11-11,CAM,95,58,37,95,ITF,ITF3,15,Campania
2023-12-19,LOM,10610,5217,5393,10610,ITC,ITC4,3,Lombardia
2023-12-02,LOM,6123,3039,3084,6123,ITC,ITC4,3,Lombardia
2023-12-09,CAM,304,172,132,304,ITF,ITF3,15,Campania
2023-10-14,LAZ,13,8,5,13,ITI,ITI4,12,Lazio
2023-10-30,TOS,2468,1164,1304,2468,ITI,ITI1,9,Toscana
2023-12-14,SAR,1111,590,521,1111,ITG,ITG2,20,Sardegna
2023-12-17,LOM,1003,489,514,1003,ITC,ITC4,3,Lombardia
2023-10-20,PIE,831,421,410,831,ITC,ITC1,1,Piemonte
2023-11-12,ABR,28,15,13,28,ITF,ITF1,13,Abruzzo
2023-11-13,CAL,92,48,44,92,ITF,ITF6,18,Calabria
2023-12-01,UMB,906,439,467,906,ITI,ITI2,10,Umbria
2023-10-06,SAR,50,24,26,50,ITG,ITG2,20,Sardegna
2023-12-14,FVG,1348,680,668,1348,ITH,ITH4,6,Friuli-Venezia Giulia
2023-10-17,PAT,213,69,144,213,ITH,ITH2,4,Provincia Autonoma Trento
2023-11-15,BAS,28,15,13,28,ITF,ITF5,17,Basilicata
2023-10-27,EMR,4822,2298,2524,4822,ITH,ITH5,8,Emilia-Romagna
2023-12-19,LIG,2155,1056,1099,2155,ITC,ITC3,7,Liguria
2023-10-17,PUG,262,148,114,262,ITF,ITF4,16,Puglia
2023-10-11,CAM,174,95,79,174,ITF,ITF3,15,Campania
2023-11-11,LOM,5979,2855,3124,5979,ITC,ITC4,3,Lombardia
2023-12-20,PUG,2361,1205,1156,2361,ITF,ITF4,16,Puglia
2023-11-07,SIC,87,49,38,87,ITG,ITG1,19,Sicilia
2023-10-25,CAL,30,16,14,30,ITF,ITF6,18,Calabria
2023-12-11,VEN,2369,1197,1172,2369,ITH,ITH3,5,Veneto
2023-12-20,PAT,389,185,204,389,ITH,ITH2,4,Provincia Autonoma Trento
2023-11-23,PUG,1945,955,990,1945,ITF,ITF4,16,Puglia
2023-10-25,SIC,40,25,15,40,ITG,ITG1,19,Sicilia
2023-11-08,ABR,167,79,88,167,ITF,ITF1,13,Abruzzo
2023-11-19,LAZ,57,32,25,57,ITI,ITI4,12,Lazio
2023-10-31,LOM,4690,2142,2548,4690,ITC,ITC4,3,Lombardia
2023-10-24,MOL,36,12,24,36,ITF,ITF2,14,Molise
2023-12-19,CAM,1941,1019,922,1941,ITF,ITF3,15,Campania
2023-10-31,LIG,1056,479,577,1056,ITC,ITC3,7,Liguria
2023-11-13,SIC,37,21,16,37,ITG,ITG1,19,Sicilia
2023-12-21,VDA,14,9,5,14,ITC,ITC2,2,Valle d'Aosta / Vallée d'Aoste
2023-11-14,LOM,10342,4702,5640,10342,ITC,ITC4,3,Lombardia
2023-10-18,LAZ,493,254,239,493,ITI,ITI4,12,Lazio
2023-11-22,MAR,41,14,27,41,ITI,ITI3,11,Marche
2023-11-18,CAM,83,40,43,83,ITF,ITF3,15,Campania
2023-12-17,ABR,9,6,3,9,ITF,ITF1,13,Abruzzo
2023-10-29,PAB,1,0,1,1,ITH,ITH1,4,Provincia Autonoma Bolzano / Bozen
2023-10-28,PIE,880,440,440,880,ITC,ITC1,1,Piemonte
2023-11-30,LIG,1493,728,765,1493,ITC,ITC3,7,Liguria
2023-12-06,VDA,119,61,58,119,ITC,ITC2,2,Valle d'Aosta / Vallée d'Aoste
2023-11-25,SIC,12,7,5,12,ITG,ITG1,19,Sicilia
2023-11-21,MAR,640,313,327,640,ITI,ITI3,11,Marche
2023-10-18,UMB,18,9,9,18,ITI,ITI2,10,Umbria
2023-10-26,MOL,9,4,5,9,ITF,ITF2,14,Molise
2023-11-11,MOL,38,5,33,38,ITF,ITF2,14,Molise
2023-12-19,PUG,2795,1464,1331,2795,ITF,ITF4,16,Puglia
2023-12-01,LAZ,3397,1668,1729,3397,ITI,ITI4,12,Lazio
2023-12-15,BAS,344,161,183,344,ITF,ITF5,17,Basilicata
2023-10-25,PAB,615,302,313,615,ITH,ITH1,4,Provincia Autonoma Bolzano / Bozen
2023-10-28,LAZ,715,347,368,715,ITI,ITI4,12,Lazio
2023-11-07,BAS,30,20,10,30,ITF,ITF5,17,Basilicata
2023-12-02,PUG,330,178,152,330,ITF,ITF4,16,Puglia
2023-11-25,VEN,2196,1069,1127,2196,ITH,ITH3,5,Veneto
2023-10-30,SIC,29,19,10,29,ITG,ITG1,19,Sicilia
2023-12-11,SIC,426,246,180,426,ITG,ITG1,19,Sicilia
2023-11-27,FVG,750,368,382,750,ITH,ITH4,6,Friuli-Venezia Giulia
2023-11-14,CAM,467,281,186,467,ITF,ITF3,15,Campania
2023-12-19,PAT,738,341,397,738,ITH,ITH2,4,Provincia Autonoma Trento
2023-10-21,MAR,208,101,107,208,ITI,ITI3,11,Marche
2023-10-28,VDA,86,42,44,86,ITC,ITC2,2,Valle d'Aosta / Vallée d'Aoste
2023-11-20,LIG,608,300,308,608,ITC,ITC3,7,Liguria
2023-12-05,PIE,3084,1450,1634,3084,ITC,ITC1,1,Piemonte
2023-11-14,PIE,2876,1337,1539,2876,ITC,ITC1,1,Piemonte
2023-11-25,EMR,1973,976,997,1973,ITH,ITH5,8,Emilia-Romagna
2023-11-02,PUG,1244,636,608,1244,ITF,ITF4,16,Puglia
2023-10-25,VEN,978,347,631,978,ITH,ITH3,5,Veneto
2023-11-24,TOS,6589,3097,3492,6589,ITI,ITI1,9,Toscana
2023-11-29,PAB,543,250,293,543,ITH,ITH1,4,Provincia Autonoma Bolzano / Bozen
2023-11-06,VDA,86,48,38,86,ITC,ITC2,2,Valle d'Aosta / Vallée d'Aoste
2023-10-26,MAR,170,77,93,170,ITI,ITI3,11,Marche
2023-12-16,LIG,870,434,436,870,ITC,ITC3,7,Liguria
2023-12-04,PAT,551,259,292,551,ITH,ITH2,4,Provincia Autonoma Trento
2023-12-05,CAM,912,479,433,912,ITF,ITF3,15,Campania
2023-12-02,CAL,92,54,38,92,ITF,ITF6,18,Calabria
2023-12-04,PUG,1563,818,745,1563,ITF,ITF4,16,Puglia
2023-12-14,LAZ,4159,1971,2188,4159,ITI,ITI4,12,Lazio
2023-12-04,TOS,3119,1494,1625,3119,ITI,ITI1,9,Toscana
2023-10-10,TOS,314,152,162,314,ITI,ITI1,9,Toscana
2023-12-07,MOL,146,71,75,146,ITF,ITF2,14,Molise
2023-10-10,PUG,82,33,49,82,ITF,ITF4,16,Puglia
2023-10-26,VDA,117,57,60,117,ITC,ITC2,2,Valle d'Aosta / Vallée d'Aoste
2023-12-20,MOL,179,105,74,179,ITF,ITF2,14,Molise
2023-10-25,EMR,4288,2036,2252,4288,ITH,ITH5,8,Emilia-Romagna
2023-10-13,VEN,98,29,69,98,ITH,ITH3,5,Veneto
2023-11-27,LOM,349,113,236,349,ITC,ITC4,3,Lombardia
2023-10-13,SAR,111,56,55,111,ITG,ITG2,20,Sardegna
2023-12-03,ABR,6,3,3,6,ITF,ITF1,13,Abruzzo
2023-11-25,UMB,228,100,128,228,ITI,ITI2,10,Umbria
2023-12-17,BAS,28,24,4,28,ITF,ITF5,17,Basilicata
2023-10-18,CAL,12,9,3,12,ITF,ITF6,18,Calabria
2023-10-04,LIG,12,4,8,12,ITC,ITC3,7,Liguria
2023-12-01,MAR,23,7,16,23,ITI,ITI3,11,Marche
2023-11-25,PAB,5,1,4,5,ITH,ITH1,4,Provincia Autonoma Bolzano / Bozen
2023-12-02,PAT,2,0,2,2,ITH,ITH2,4,Provincia Autonoma Trento
2023-10-15,LIG,1,0,1,1,ITC,ITC3,7,Liguria
2023-10-05,EMR,1,0,1,1,ITH,ITH5,8,Emilia-Romagna
