data,area,totale,m,f,d,N1,N2,ISTAT,reg
2024-10-22,LIG,565,283,282,565,ITC,ITC3,7,Liguria
2024-10-21,TOS,1435,669,766,1435,ITI,ITI1,9,Toscana
2024-11-11,FVG,665,303,362,665,ITH,ITH4,6,Friuli-Venezia Giulia
2024-10-22,PAB,423,225,198,423,ITH,ITH1,4,Provincia Autonoma Bolzano / Bozen
2024-11-23,SIC,9,6,3,9,ITG,ITG1,19,Sicilia
2024-11-04,SIC,10,5,5,10,ITG,ITG1,19,Sicilia
2024-11-26,CAM,123,60,63,123,ITF,ITF3,15,Campania
2024-11-08,PAT,499,246,253,499,ITH,ITH2,4,Provincia Autonoma Trento
2024-11-10,LOM,701,337,364,701,ITC,ITC4,3,Lombardia
2024-11-09,CAM,61,33,28,61,ITF,ITF3,15,Campania
2024-11-08,ABR,158,78,80,158,ITF,ITF1,13,Abruzzo
2024-11-23,LIG,75,32,43,75,ITC,ITC3,7,Liguria
2024-09-30,SAR,10,7,3,10,ITG,ITG2,20,Sardegna
2024-11-01,EMR,211,97,114,211,ITH,ITH5,8,Emilia-Romagna
2024-10-15,PUG,246,128,118,246,ITF,ITF4,16,Puglia
2024-10-31,EMR,2941,1367,1574,2941,ITH,ITH5,8,Emilia-Romagna
2024-11-27,MAR,168,82,86,168,ITI,ITI3,11,Marche
2024-11-28,LAZ,599,261,338,599,ITI,ITI4,12,Lazio
2024-11-25,MAR,170,86,84,170,ITI,ITI3,11,Marche
2024-11-21,LIG,727,355,372,727,ITC,ITC3,7,Liguria
2024-10-10,VDA,28,12,16,28,ITC,ITC2,2,Valle d'Aosta / Vallée d'Aoste
2024-10-02,TOS,30,8,22,30,ITI,ITI1,9,Toscana
2024-11-02,VEN,153,73,80,153,ITH,ITH3,5,Veneto
2024-12-02,PAB,94,51,43,94,ITH,ITH1,4,Provincia Autonoma Bolzano / Bozen
2024-10-17,VDA,96,41,55,96,ITC,ITC2,2,Valle d'Aosta / Vallée d'Aoste
2024-11-01,VEN,23,9,14,23,ITH,ITH3,5,Veneto
2024-10-14,CAM,34,22,12,34,ITF,ITF3,15,Campania
2024-10-17,LAZ,605,290,315,605,ITI,ITI4,12,Lazio
2024-11-29,TOS,1481,657,824,1481,ITI,ITI1,9,Toscana
2024-11-30,EMR,574,269,305,574,ITH,ITH5,8,Emilia-Romagna
2024-10-26,VEN,2650,1366,1284,2650,ITH,ITH3,5,Veneto
2024-10-25,PUG,317,168,149,317,ITF,ITF4,16,Puglia
2024-11-22,UMB,12,6,6,12,ITI,ITI2,10,Umbria
2024-11-12,CAM,81,46,35,81,ITF,ITF3,15,Campania
2024-12-03,CAM,105,43,62,105,ITF,ITF3,15,Campania
2024-11-01,ABR,11,5,6,11,ITF,ITF1,13,Abruzzo
2024-11-21,SAR,179,93,86,179,ITG,ITG2,20,Sardegna
2024-10-02,PUG,39,16,23,39,ITF,ITF4,16,Puglia
2024-10-25,ABR,133,69,64,133,ITF,ITF1,13,Abruzzo
2024-10-29,PAB,26,12,14,26,ITH,ITH1,4,Provincia Autonoma Bolzano / Bozen
2024-10-08,VDA,30,13,17,30,ITC,ITC2,2,Valle d'Aosta / Vallée d'Aoste
2024-10-03,MAR,7,3,4,7,ITI,ITI3,11,Marche
2024-11-14,LOM,6970,3195,3775,6970,ITC,ITC4,3,Lombardia
2024-10-31,PAB,433,217,216,433,ITH,ITH1,4,Provincia Autonoma Bolzano / Bozen
2024-11-28,SIC,19,7,12,19,ITG,ITG1,19,Sicilia
2024-11-22,MOL,4,4,0,4,ITF,ITF2,14,Molise
2024-11-21,PAB,271,131,140,271,ITH,ITH1,4,Provincia Autonoma Bolzano / Bozen
2024-10-24,ABR,107,58,49,107,ITF,ITF1,13,Abruzzo
2024-11-15,LOM,6350,2934,3416,6350,ITC,ITC4,3,Lombardia
2024-11-25,LAZ,785,370,415,785,ITI,ITI4,12,Lazio
2024-11-07,FVG,967,454,513,967,ITH,ITH4,6,Friuli-Venezia Giulia
2024-10-30,SIC,2,1,1,2,ITG,ITG1,19,Sicilia
2024-11-10,EMR,450,208,242,450,ITH,ITH5,8,Emilia-Romagna
2024-12-02,LIG,239,104,135,239,ITC,ITC3,7,Liguria
2024-11-04,LAZ,1027,451,576,1027,ITI,ITI4,12,Lazio
2024-11-14,CAM,99,63,36,99,ITF,ITF3,15,Campania
2024-11-21,UMB,15,6,9,15,ITI,ITI2,10,Umbria
2024-11-16,BAS,24,13,11,24,ITF,ITF5,17,Basilicata
2024-11-25,SIC,22,9,13,22,ITG,ITG1,19,Sicilia
2024-10-01,PAT,11,4,7,11,ITH,ITH2,4,Provincia Autonoma Trento
2024-10-09,BAS,7,5,2,7,ITF,ITF5,17,Basilicata
2024-11-21,MOL,3,2,1,3,ITF,ITF2,14,Molise
2024-10-01,PUG,12,4,8,12,ITF,ITF4,16,Puglia
2024-10-13,LAZ,11,6,5,11,ITI,ITI4,12,Lazio
2024-12-02,MOL,5,3,2,5,ITF,ITF2,14,Molise
2024-09-30,EMR,7,2,5,7,ITH,ITH5,8,Emilia-Romagna
2024-12-04,UMB,27,15,12,27,ITI,ITI2,10,Umbria
2024-10-11,CAM,25,15,10,25,ITF,ITF3,15,Campania
2024-09-21,LAZ,1,0,1,1,ITI,ITI4,12,Lazio
2024-10-28,UMB,7,3,4,7,ITI,ITI2,10,Umbria
2024-09-18,CAM,2,0,2,2,ITF,ITF3,15,Campania
2024-09-26,PUG,2,1,1,2,ITF,ITF4,16,Puglia
2024-10-02,CAL,4,1,3,4,ITF,ITF6,18,Calabria
2024-11-06,BAS,5,4,1,5,ITF,ITF5,17,Basilicata
2024-11-08,BAS,5,1,4,5,ITF,ITF5,17,Basilicata
2024-10-23,FVG,425,212,213,425,ITH,ITH4,6,Friuli-Venezia Giulia
2024-11-09,TOS,874,415,459,874,ITI,ITI1,9,Toscana
2024-11-04,ABR,209,117,92,209,ITF,ITF1,13,Abruzzo
2024-11-18,MAR,171,86,85,171,ITI,ITI3,11,Marche
2024-10-03,PAT,21,13,8,21,ITH,ITH2,4,Provincia Autonoma Trento
2024-10-30,PUG,496,261,235,496,ITF,ITF4,16,Puglia
2024-11-23,PUG,73,38,35,73,ITF,ITF4,16,Puglia
2024-11-28,VEN,873,403,470,873,ITH,ITH3,5,Veneto
2024-11-17,LOM,497,233,264,497,ITC,ITC4,3,Lombardia
2024-11-22,FVG,924,413,511,924,ITH,ITH4,6,Friuli-Venezia Giulia
2024-10-09,LIG,78,41,37,78,ITC,ITC3,7,Liguria
2024-11-04,UMB,44,25,19,44,ITI,ITI2,10,Umbria
2024-10-17,SAR,78,31,47,78,ITG,ITG2,20,Sardegna
2024-10-26,PUG,45,26,19,45,ITF,ITF4,16,Puglia
2024-11-05,PUG,661,356,305,661,ITF,ITF4,16,Puglia
2024-10-16,TOS,1262,567,695,1262,ITI,ITI1,9,Toscana
2024-11-06,MAR,581,267,314,581,ITI,ITI3,11,Marche
2024-10-07,LOM,1022,501,521,1022,ITC,ITC4,3,Lombardia
2024-09-27,LIG,16,11,5,16,ITC,ITC3,7,Liguria
2024-10-24,VDA,114,59,55,114,ITC,ITC2,2,Valle d'Aosta / Vallée d'Aoste
2024-11-26,TOS,1371,633,738,1371,ITI,ITI1,9,Toscana
2024-10-29,TOS,2420,1112,1308,2420,ITI,ITI1,9,Toscana
2024-11-27,EMR,2441,1135,1306,2441,ITH,ITH5,8,Emilia-Romagna
2024-11-07,LIG,776,374,402,776,ITC,ITC3,7,Liguria
2024-10-21,PAB,205,115,90,205,ITH,ITH1,4,Provincia Autonoma Bolzano / Bozen
2024-11-14,LIG,746,327,419,746,ITC,ITC3,7,Liguria
2024-10-11,LAZ,290,157,133,290,ITI,ITI4,12,Lazio
2024-09-24,LOM,47,24,23,47,ITC,ITC4,3,Lombardia
2024-10-18,FVG,196,97,99,196,ITH,ITH4,6,Friuli-Venezia Giulia
2024-10-17,ABR,194,115,79,194,ITF,ITF1,13,Abruzzo
2024-10-22,CAM,65,39,26,65,ITF,ITF3,15,Campania
2024-11-28,EMR,2269,1115,1154,2269,ITH,ITH5,8,Emilia-Romagna
2024-11-25,FVG,473,228,245,473,ITH,ITH4,6,Friuli-Venezia Giulia
2024-10-17,PIE,482,236,246,482,ITC,ITC1,1,Piemonte
2024-11-11,LIG,361,176,185,361,ITC,ITC3,7,Liguria
2024-11-28,PUG,592,287,305,592,ITF,ITF4,16,Puglia
2024-11-11,PAB,229,108,121,229,ITH,ITH1,4,Provincia Autonoma Bolzano / Bozen
2024-10-19,PAT,35,17,18,35,ITH,ITH2,4,Provincia Autonoma Trento
2024-11-12,LIG,704,357,347,704,ITC,ITC3,7,Liguria
2024-11-29,EMR,1668,782,886,1668,ITH,ITH5,8,Emilia-Romagna
2024-11-02,LOM,2040,984,1056,2040,ITC,ITC4,3,Lombardia
2024-11-09,FVG,406,213,193,406,ITH,ITH4,6,Friuli-Venezia Giulia
2024-10-16,PIE,321,181,140,321,ITC,ITC1,1,Piemonte
2024-11-19,PIE,1302,596,706,1302,ITC,ITC1,1,Piemonte
2024-10-29,VEN,971,467,504,971,ITH,ITH3,5,Veneto
2024-11-14,EMR,3836,1808,2028,3836,ITH,ITH5,8,Emilia-Romagna
2024-11-17,LAZ,41,21,20,41,ITI,ITI4,12,Lazio
2024-10-30,LIG,526,270,256,526,ITC,ITC3,7,Liguria
2024-11-30,LAZ,211,99,112,211,ITI,ITI4,12,Lazio
2024-12-05,EMR,1235,591,644,1235,ITH,ITH5,8,Emilia-Romagna
2024-11-24,TOS,43,12,31,43,ITI,ITI1,9,Toscana
2024-11-03,SAR,13,6,7,13,ITG,ITG2,20,Sardegna
2024-10-30,PAB,12,4,8,12,ITH,ITH1,4,Provincia Autonoma Bolzano / Bozen
2024-11-12,LOM,7475,3548,3927,7475,ITC,ITC4,3,Lombardia
2024-11-19,CAM,140,77,63,140,ITF,ITF3,15,Campania
2024-10-21,LOM,8335,4140,4195,8335,ITC,ITC4,3,Lombardia
2024-10-14,LOM,4786,2323,2463,4786,ITC,ITC4,3,Lombardia
2024-10-02,EMR,10,5,5,10,ITH,ITH5,8,Emilia-Romagna
2024-11-13,TOS,2451,1158,1293,2451,ITI,ITI1,9,Toscana
2024-10-28,FVG,305,142,163,305,ITH,ITH4,6,Friuli-Venezia Giulia
2024-11-04,CAM,92,50,42,92,ITF,ITF3,15,Campania
2024-10-31,VDA,58,24,34,58,ITC,ITC2,2,Valle d'Aosta / Vallée d'Aoste
2024-10-12,PIE,43,20,23,43,ITC,ITC1,1,Piemonte
2024-11-06,MOL,10,4,6,10,ITF,ITF2,14,Molise
2024-10-21,ABR,82,47,35,82,ITF,ITF1,13,Abruzzo
2024-11-26,LOM,4090,1914,2176,4090,ITC,ITC4,3,Lombardia
2024-10-22,FVG,248,122,126,248,ITH,ITH4,6,Friuli-Venezia Giulia
2024-09-20,FVG,19,9,10,19,ITH,ITH4,6,Friuli-Venezia Giulia
2024-10-21,EMR,2114,1001,1113,2114,ITH,ITH5,8,Emilia-Romagna
2024-11-09,LOM,5273,2575,2698,5273,ITC,ITC4,3,Lombardia
2024-11-12,FVG,931,409,522,931,ITH,ITH4,6,Friuli-Venezia Giulia
2024-12-02,EMR,927,437,490,927,ITH,ITH5,8,Emilia-Romagna
2024-10-04,EMR,75,22,53,75,ITH,ITH5,8,Emilia-Romagna
2024-11-13,PAB,379,193,186,379,ITH,ITH1,4,Provincia Autonoma Bolzano / Bozen
2024-10-13,LOM,186,92,94,186,ITC,ITC4,3,Lombardia
2024-10-11,SIC,10,6,4,10,ITG,ITG1,19,Sicilia
2024-11-24,PIE,33,14,19,33,ITC,ITC1,1,Piemonte
2024-10-19,EMR,1121,546,575,1121,ITH,ITH5,8,Emilia-Romagna
2024-11-20,PUG,656,335,321,656,ITF,ITF4,16,Puglia
2024-10-29,UMB,20,12,8,20,ITI,ITI2,10,Umbria
2024-10-22,UMB,15,8,7,15,ITI,ITI2,10,Umbria
2024-11-04,LIG,154,69,85,154,ITC,ITC3,7,Liguria
2024-11-20,PAT,335,156,179,335,ITH,ITH2,4,Provincia Autonoma Trento
2024-10-04,LOM,660,319,341,660,ITC,ITC4,3,Lombardia
2024-10-31,ABR,152,77,75,152,ITF,ITF1,13,Abruzzo
2024-10-29,SAR,136,77,59,136,ITG,ITG2,20,Sardegna
2024-11-27,SIC,49,22,27,49,ITG,ITG1,19,Sicilia
2024-11-16,MOL,17,10,7,17,ITF,ITF2,14,Molise
2024-12-02,UMB,7,0,7,7,ITI,ITI2,10,Umbria
2024-11-17,BAS,8,4,4,8,ITF,ITF5,17,Basilicata
2024-09-24,LIG,8,4,4,8,ITC,ITC3,7,Liguria
2024-10-30,UMB,15,6,9,15,ITI,ITI2,10,Umbria
2024-11-25,MOL,5,3,2,5,ITF,ITF2,14,Molise
2024-10-07,FVG,3,0,3,3,ITH,ITH4,6,Friuli-Venezia Giulia
2024-12-03,UMB,6,4,2,6,ITI,ITI2,10,Umbria
2024-10-05,VDA,1,0,1,1,ITC,ITC2,2,Valle d'Aosta / Vallée d'Aoste
2024-11-23,UMB,1,1,0,1,ITI,ITI2,10,Umbria
2024-11-03,VEN,1,0,1,1,ITH,ITH3,5,Veneto
2024-10-18,LOM,6389,3148,3241,6389,ITC,ITC4,3,Lombardia
2024-11-13,VEN,1294,603,691,1294,ITH,ITH3,5,Veneto
2024-12-04,PIE,495,232,263,495,ITC,ITC1,1,Piemonte
2024-12-03,EMR,1332,639,693,1332,ITH,ITH5,8,Emilia-Romagna
2024-10-30,SAR,148,68,80,148,ITG,ITG2,20,Sardegna
2024-09-19,TOS,6,2,4,6,ITI,ITI1,9,Toscana
2024-11-02,ABR,16,8,8,16,ITF,ITF1,13,Abruzzo
2024-10-01,LAZ,8,3,5,8,ITI,ITI4,12,Lazio
2024-11-16,PUG,308,172,136,308,ITF,ITF4,16,Puglia
2024-10-23,CAM,58,35,23,58,ITF,ITF3,15,Campania
2024-10-18,VEN,766,391,375,766,ITH,ITH3,5,Veneto
2024-10-25,LAZ,1101,543,558,1101,ITI,ITI4,12,Lazio
2024-11-11,MAR,379,177,202,379,ITI,ITI3,11,Marche
2024-10-18,SAR,75,37,38,75,ITG,ITG2,20,Sardegna
2024-10-09,TOS,241,110,131,241,ITI,ITI1,9,Toscana
2024-11-20,EMR,3253,1565,1688,3253,ITH,ITH5,8,Emilia-Romagna
2024-10-29,MAR,381,196,185,381,ITI,ITI3,11,Marche
2024-11-26,EMR,2646,1247,1399,2646,ITH,ITH5,8,Emilia-Romagna
2024-11-25,PUG,386,196,190,386,ITF,ITF4,16,Puglia
2024-11-24,FVG,5,3,2,5,ITH,ITH4,6,Friuli-Venezia Giulia
2024-11-13,SAR,321,179,142,321,ITG,ITG2,20,Sardegna
2024-12-01,CAM,4,3,1,4,ITF,ITF3,15,Campania
2024-10-30,VEN,1090,456,634,1090,ITH,ITH3,5,Veneto
2024-10-15,LAZ,409,200,209,409,ITI,ITI4,12,Lazio
2024-11-22,LAZ,1080,508,572,1080,ITI,ITI4,12,Lazio
2024-11-22,SIC,62,26,36,62,ITG,ITG1,19,Sicilia
2024-11-30,MOL,7,2,5,7,ITF,ITF2,14,Molise
2024-11-28,MOL,1,0,1,1,ITF,ITF2,14,Molise
2024-11-05,LAZ,1516,705,811,1516,ITI,ITI4,12,Lazio
2024-10-14,EMR,1463,680,783,1463,ITH,ITH5,8,Emilia-Romagna
2024-11-19,FVG,757,346,411,757,ITH,ITH4,6,Friuli-Venezia Giulia
2024-11-21,MAR,580,286,294,580,ITI,ITI3,11,Marche
2024-10-19,LAZ,538,269,269,538,ITI,ITI4,12,Lazio
2024-11-03,LOM,224,114,110,224,ITC,ITC4,3,Lombardia
2024-10-15,SIC,14,9,5,14,ITG,ITG1,19,Sicilia
2024-11-15,MOL,43,19,24,43,ITF,ITF2,14,Molise
2024-10-23,PIE,1206,556,650,1206,ITC,ITC1,1,Piemonte
2024-10-16,FVG,133,58,75,133,ITH,ITH4,6,Friuli-Venezia Giulia
2024-10-24,PIE,1132,573,559,1132,ITC,ITC1,1,Piemonte
2024-11-25,VEN,471,219,252,471,ITH,ITH3,5,Veneto
2024-11-23,EMR,764,364,400,764,ITH,ITH5,8,Emilia-Romagna
2024-10-30,FVG,537,249,288,537,ITH,ITH4,6,Friuli-Venezia Giulia
2024-10-17,PUG,292,158,134,292,ITF,ITF4,16,Puglia
2024-10-16,PUG,245,137,108,245,ITF,ITF4,16,Puglia
2024-11-19,LIG,654,306,348,654,ITC,ITC3,7,Liguria
2024-11-25,SAR,109,49,60,109,ITG,ITG2,20,Sardegna
2024-10-28,VDA,47,22,25,47,ITC,ITC2,2,Valle d'Aosta / Vallée d'Aoste
2024-09-27,LOM,92,49,43,92,ITC,ITC4,3,Lombardia
2024-10-26,MAR,432,224,208,432,ITI,ITI3,11,Marche
2024-09-30,LAZ,23,15,8,23,ITI,ITI4,12,Lazio
2024-11-02,MAR,193,92,101,193,ITI,ITI3,11,Marche
2024-10-17,PAT,157,85,72,157,ITH,ITH2,4,Provincia Autonoma Trento
2024-10-16,PAT,305,165,140,305,ITH,ITH2,4,Provincia Autonoma Trento
2024-10-26,ABR,6,2,4,6,ITF,ITF1,13,Abruzzo
2024-11-27,MOL,3,3,0,3,ITF,ITF2,14,Molise
2024-09-30,SIC,4,1,3,4,ITG,ITG1,19,Sicilia
2024-09-26,LAZ,7,5,2,7,ITI,ITI4,12,Lazio
2024-10-12,LIG,10,6,4,10,ITC,ITC3,7,Liguria
2024-11-13,UMB,59,29,30,59,ITI,ITI2,10,Umbria
2024-10-03,TOS,59,12,47,59,ITI,ITI1,9,Toscana
2024-09-27,SAR,4,3,1,4,ITG,ITG2,20,Sardegna
2024-10-31,BAS,1,1,0,1,ITF,ITF5,17,Basilicata
2024-11-11,CAM,152,87,65,152,ITF,ITF3,15,Campania
2024-11-06,ABR,214,110,104,214,ITF,ITF1,13,Abruzzo
2024-11-18,SAR,184,84,100,184,ITG,ITG2,20,Sardegna
2024-10-24,EMR,4494,2166,2328,4494,ITH,ITH5,8,Emilia-Romagna
2024-10-01,LOM,388,218,170,388,ITC,ITC4,3,Lombardia
2024-10-30,MAR,384,186,198,384,ITI,ITI3,11,Marche
2024-10-09,EMR,914,444,470,914,ITH,ITH5,8,Emilia-Romagna
2024-10-05,PUG,29,24,5,29,ITF,ITF4,16,Puglia
2024-11-08,PAB,332,164,168,332,ITH,ITH1,4,Provincia Autonoma Bolzano / Bozen
2024-10-10,CAM,16,10,6,16,ITF,ITF3,15,Campania
2024-10-24,PAB,583,304,279,583,ITH,ITH1,4,Provincia Autonoma Bolzano / Bozen
2024-11-12,MOL,12,9,3,12,ITF,ITF2,14,Molise
2024-10-11,SAR,19,9,10,19,ITG,ITG2,20,Sardegna
2024-11-08,EMR,4503,2146,2357,4503,ITH,ITH5,8,Emilia-Romagna
2024-11-06,LOM,8678,4116,4562,8678,ITC,ITC4,3,Lombardia
2024-10-24,SAR,92,50,42,92,ITG,ITG2,20,Sardegna
2024-11-08,UMB,35,18,17,35,ITI,ITI2,10,Umbria
2024-11-03,MAR,1,1,0,1,ITI,ITI3,11,Marche
2024-10-10,PIE,66,36,30,66,ITC,ITC1,1,Piemonte
2024-12-02,SIC,18,11,7,18,ITG,ITG1,19,Sicilia
2024-10-09,LOM,1812,853,959,1812,ITC,ITC4,3,Lombardia
2024-11-08,SAR,253,140,113,253,ITG,ITG2,20,Sardegna
2024-11-29,LAZ,932,437,495,932,ITI,ITI4,12,Lazio
2024-12-04,LIG,341,163,178,341,ITC,ITC3,7,Liguria
2024-10-23,MAR,479,244,235,479,ITI,ITI3,11,Marche
2024-10-25,PIE,1713,842,871,1713,ITC,ITC1,1,Piemonte
2024-11-22,LIG,351,175,176,351,ITC,ITC3,7,Liguria
2024-11-08,VEN,1088,502,586,1088,ITH,ITH3,5,Veneto
2024-10-25,VEN,1011,486,525,1011,ITH,ITH3,5,Veneto
2024-11-06,EMR,4790,2269,2521,4790,ITH,ITH5,8,Emilia-Romagna
2024-11-13,MAR,572,281,291,572,ITI,ITI3,11,Marche
2024-12-05,LAZ,703,335,368,703,ITI,ITI4,12,Lazio
2024-12-05,LIG,262,130,132,262,ITC,ITC3,7,Liguria
2024-10-21,PUG,260,133,127,260,ITF,ITF4,16,Puglia
2024-11-05,TOS,2244,1014,1230,2244,ITI,ITI1,9,Toscana
2024-10-28,PAB,193,81,112,193,ITH,ITH1,4,Provincia Autonoma Bolzano / Bozen
2024-11-18,PAB,214,98,116,214,ITH,ITH1,4,Provincia Autonoma Bolzano / Bozen
2024-11-20,VDA,100,42,58,100,ITC,ITC2,2,Valle d'Aosta / Vallée d'Aoste
2024-10-08,TOS,189,75,114,189,ITI,ITI1,9,Toscana
2024-11-16,VEN,732,369,363,732,ITH,ITH3,5,Veneto
2024-11-18,VEN,596,268,328,596,ITH,ITH3,5,Veneto
2024-12-04,MAR,109,52,57,109,ITI,ITI3,11,Marche
2024-10-11,VEN,346,186,160,346,ITH,ITH3,5,Veneto
2024-11-20,LAZ,1301,637,664,1301,ITI,ITI4,12,Lazio
2024-10-23,LIG,484,251,233,484,ITC,ITC3,7,Liguria
2024-10-09,VEN,254,130,124,254,ITH,ITH3,5,Veneto
2024-10-20,TOS,40,16,24,40,ITI,ITI1,9,Toscana
2024-11-07,PIE,1678,785,893,1678,ITC,ITC1,1,Piemonte
2024-10-24,VEN,937,414,523,937,ITH,ITH3,5,Veneto
2024-10-28,PIE,889,430,459,889,ITC,ITC1,1,Piemonte
2024-10-07,TOS,142,69,73,142,ITI,ITI1,9,Toscana
2024-10-19,LIG,79,37,42,79,ITC,ITC3,7,Liguria
2024-10-04,MOL,4,3,1,4,ITF,ITF2,14,Molise
2024-11-11,PIE,1054,491,563,1054,ITC,ITC1,1,Piemonte
2024-10-24,UMB,49,23,26,49,ITI,ITI2,10,Umbria
2024-11-15,FVG,774,395,379,774,ITH,ITH4,6,Friuli-Venezia Giulia
2024-11-16,LOM,4418,2130,2288,4418,ITC,ITC4,3,Lombardia
2024-11-22,PAB,224,107,117,224,ITH,ITH1,4,Provincia Autonoma Bolzano / Bozen
2024-10-22,LAZ,1063,545,518,1063,ITI,ITI4,12,Lazio
2024-11-08,LOM,7678,3666,4012,7678,ITC,ITC4,3,Lombardia
2024-11-07,CAM,138,76,62,138,ITF,ITF3,15,Campania
2024-10-10,PUG,93,60,33,93,ITF,ITF4,16,Puglia
2024-10-25,LOM,8436,4036,4400,8436,ITC,ITC4,3,Lombardia
2024-11-09,MOL,25,15,10,25,ITF,ITF2,14,Molise
2024-11-15,CAM,98,57,41,98,ITF,ITF3,15,Campania
2024-09-30,LIG,42,24,18,42,ITC,ITC3,7,Liguria
2024-10-19,TOS,526,249,277,526,ITI,ITI1,9,Toscana
2024-10-09,SAR,18,10,8,18,ITG,ITG2,20,Sardegna
2024-11-14,BAS,35,18,17,35,ITF,ITF5,17,Basilicata
2024-11-21,SIC,29,15,14,29,ITG,ITG1,19,Sicilia
2024-10-22,SIC,21,11,10,21,ITG,ITG1,19,Sicilia
2024-11-03,LAZ,8,2,6,8,ITI,ITI4,12,Lazio
2024-12-04,PAB,29,14,15,29,ITH,ITH1,4,Provincia Autonoma Bolzano / Bozen
2024-11-18,UMB,8,5,3,8,ITI,ITI2,10,Umbria
2024-10-29,SIC,31,17,14,31,ITG,ITG1,19,Sicilia
2024-10-10,PAT,8,4,4,8,ITH,ITH2,4,Provincia Autonoma Trento
2024-11-16,SAR,2,1,1,2,ITG,ITG2,20,Sardegna
2024-10-18,SIC,14,8,6,14,ITG,ITG1,19,Sicilia
2024-09-23,PUG,5,1,4,5,ITF,ITF4,16,Puglia
2024-10-14,MOL,4,1,3,4,ITF,ITF2,14,Molise
2024-10-11,MOL,5,1,4,5,ITF,ITF2,14,Molise
2024-11-26,MOL,3,1,2,3,ITF,ITF2,14,Molise
2024-11-01,PAB,1,0,1,1,ITH,ITH1,4,Provincia Autonoma Bolzano / Bozen
2024-11-19,SIC,45,25,20,45,ITG,ITG1,19,Sicilia
2024-10-25,FVG,421,221,200,421,ITH,ITH4,6,Friuli-Venezia Giulia
2024-11-28,CAM,125,67,58,125,ITF,ITF3,15,Campania
2024-11-07,TOS,3022,1413,1609,3022,ITI,ITI1,9,Toscana
2024-10-16,LOM,6905,3371,3534,6905,ITC,ITC4,3,Lombardia
2024-10-18,EMR,2565,1296,1269,2565,ITH,ITH5,8,Emilia-Romagna
2024-10-14,PIE,209,109,100,209,ITC,ITC1,1,Piemonte
2024-10-22,VDA,87,40,47,87,ITC,ITC2,2,Valle d'Aosta / Vallée d'Aoste
2024-10-08,FVG,24,7,17,24,ITH,ITH4,6,Friuli-Venezia Giulia
2024-11-30,CAM,39,22,17,39,ITF,ITF3,15,Campania
2024-10-19,VEN,406,219,187,406,ITH,ITH3,5,Veneto
2024-11-13,LOM,6879,3294,3585,6879,ITC,ITC4,3,Lombardia
2024-11-18,FVG,492,236,256,492,ITH,ITH4,6,Friuli-Venezia Giulia
2024-11-10,PIE,40,20,20,40,ITC,ITC1,1,Piemonte
2024-10-04,VEN,29,9,20,29,ITH,ITH3,5,Veneto
2024-12-04,TOS,840,381,459,840,ITI,ITI1,9,Toscana
2024-10-29,VDA,111,53,58,111,ITC,ITC2,2,Valle d'Aosta / Vallée d'Aoste
2024-10-26,UMB,5,3,2,5,ITI,ITI2,10,Umbria
2024-10-18,LAZ,758,399,359,758,ITI,ITI4,12,Lazio
2024-11-04,FVG,339,150,189,339,ITH,ITH4,6,Friuli-Venezia Giulia
2024-09-26,EMR,11,5,6,11,ITH,ITH5,8,Emilia-Romagna
2024-11-11,UMB,27,9,18,27,ITI,ITI2,10,Umbria
2024-11-16,LAZ,376,203,173,376,ITI,ITI4,12,Lazio
2024-11-26,LAZ,971,413,558,971,ITI,ITI4,12,Lazio
2024-11-27,VEN,823,391,432,823,ITH,ITH3,5,Veneto
2024-11-20,LOM,5553,2467,3086,5553,ITC,ITC4,3,Lombardia
2024-11-13,PUG,658,340,318,658,ITF,ITF4,16,Puglia
2024-10-25,SIC,26,12,14,26,ITG,ITG1,19,Sicilia
2024-10-08,ABR,8,2,6,8,ITF,ITF1,13,Abruzzo
2024-10-19,PUG,33,12,21,33,ITF,ITF4,16,Puglia
2024-11-22,VDA,54,29,25,54,ITC,ITC2,2,Valle d'Aosta / Vallée d'Aoste
2024-10-30,PAT,134,51,83,134,ITH,ITH2,4,Provincia Autonoma Trento
2024-10-11,TOS,652,288,364,652,ITI,ITI1,9,Toscana
2024-11-02,PUG,27,11,16,27,ITF,ITF4,16,Puglia
2024-11-09,MAR,308,156,152,308,ITI,ITI3,11,Marche
2024-11-20,FVG,555,268,287,555,ITH,ITH4,6,Friuli-Venezia Giulia
2024-11-13,PAT,375,180,195,375,ITH,ITH2,4,Provincia Autonoma Trento
2024-11-18,VDA,8,1,7,8,ITC,ITC2,2,Valle d'Aosta / Vallée d'Aoste
2024-11-29,LOM,3352,1545,1807,3352,ITC,ITC4,3,Lombardia
2024-10-03,PUG,10,7,3,10,ITF,ITF4,16,Puglia
2024-10-28,LAZ,545,262,283,545,ITI,ITI4,12,Lazio
2024-11-02,TOS,176,86,90,176,ITI,ITI1,9,Toscana
2024-11-21,FVG,773,374,399,773,ITH,ITH4,6,Friuli-Venezia Giulia
2024-10-12,TOS,231,97,134,231,ITI,ITI1,9,Toscana
2024-10-14,LIG,178,92,86,178,ITC,ITC3,7,Liguria
2024-10-03,CAM,6,5,1,6,ITF,ITF3,15,Campania
2024-09-29,EMR,1,1,0,1,ITH,ITH5,8,Emilia-Romagna
2024-10-15,SAR,50,18,32,50,ITG,ITG2,20,Sardegna
2024-11-08,SIC,42,28,14,42,ITG,ITG1,19,Sicilia
2024-11-12,VDA,69,41,28,69,ITC,ITC2,2,Valle d'Aosta / Vallée d'Aoste
2024-11-17,VEN,3,1,2,3,ITH,ITH3,5,Veneto
2024-09-23,LIG,5,4,1,5,ITC,ITC3,7,Liguria
2024-11-23,PAT,25,10,15,25,ITH,ITH2,4,Provincia Autonoma Trento
2024-11-10,SIC,1,0,1,1,ITG,ITG1,19,Sicilia
2024-11-24,PUG,5,3,2,5,ITF,ITF4,16,Puglia
2024-10-01,SIC,1,0,1,1,ITG,ITG1,19,Sicilia
2024-11-19,LOM,5767,2643,3124,5767,ITC,ITC4,3,Lombardia
2024-10-26,EMR,1710,835,875,1710,ITH,ITH5,8,Emilia-Romagna
2024-11-06,PAT,483,236,247,483,ITH,ITH2,4,Provincia Autonoma Trento
2024-12-02,VEN,259,118,141,259,ITH,ITH3,5,Veneto
2024-11-19,UMB,26,12,14,26,ITI,ITI2,10,Umbria
2024-11-30,VEN,132,59,73,132,ITH,ITH3,5,Veneto
2024-11-20,MAR,571,268,303,571,ITI,ITI3,11,Marche
2024-11-18,BAS,10,6,4,10,ITF,ITF5,17,Basilicata
2024-09-20,PUG,6,3,3,6,ITF,ITF4,16,Puglia
2024-11-04,VDA,78,40,38,78,ITC,ITC2,2,Valle d'Aosta / Vallée d'Aoste
2024-11-15,PIE,1762,802,960,1762,ITC,ITC1,1,Piemonte
2024-11-06,PUG,685,379,306,685,ITF,ITF4,16,Puglia
2024-10-16,VEN,439,215,224,439,ITH,ITH3,5,Veneto
2024-11-12,BAS,32,16,16,32,ITF,ITF5,17,Basilicata
2024-09-25,LOM,61,28,33,61,ITC,ITC4,3,Lombardia
2024-11-20,LIG,532,256,276,532,ITC,ITC3,7,Liguria
2024-11-19,EMR,3057,1447,1610,3057,ITH,ITH5,8,Emilia-Romagna
2024-11-08,PIE,1911,899,1012,1911,ITC,ITC1,1,Piemonte
2024-10-22,MAR,312,157,155,312,ITI,ITI3,11,Marche
2024-10-14,ABR,70,44,26,70,ITF,ITF1,13,Abruzzo
2024-11-19,PAB,384,167,217,384,ITH,ITH1,4,Provincia Autonoma Bolzano / Bozen
2024-10-15,TOS,1086,481,605,1086,ITI,ITI1,9,Toscana
2024-10-28,ABR,126,62,64,126,ITF,ITF1,13,Abruzzo
2024-11-09,BAS,20,11,9,20,ITF,ITF5,17,Basilicata
2024-11-16,PAT,57,24,33,57,ITH,ITH2,4,Provincia Autonoma Trento
2024-10-16,EMR,2739,1309,1430,2739,ITH,ITH5,8,Emilia-Romagna
2024-10-18,LIG,261,138,123,261,ITC,ITC3,7,Liguria
2024-10-31,MOL,25,13,12,25,ITF,ITF2,14,Molise
2024-10-03,LIG,35,21,14,35,ITC,ITC3,7,Liguria
2024-10-12,EMR,508,246,262,508,ITH,ITH5,8,Emilia-Romagna
2024-10-24,CAM,47,25,22,47,ITF,ITF3,15,Campania
2024-12-02,SAR,41,22,19,41,ITG,ITG2,20,Sardegna
2024-11-27,TOS,1625,742,883,1625,ITI,ITI1,9,Toscana
2024-11-05,SIC,17,11,6,17,ITG,ITG1,19,Sicilia
2024-11-01,PIE,31,11,20,31,ITC,ITC1,1,Piemonte
2024-10-16,SAR,13,9,4,13,ITG,ITG2,20,Sardegna
2024-12-01,TOS,14,9,5,14,ITI,ITI1,9,Toscana
2024-12-03,FVG,376,186,190,376,ITH,ITH4,6,Friuli-Venezia Giulia
2024-11-06,CAM,82,47,35,82,ITF,ITF3,15,Campania
2024-11-04,MAR,225,112,113,225,ITI,ITI3,11,Marche
2024-10-15,VDA,43,23,20,43,ITC,ITC2,2,Valle d'Aosta / Vallée d'Aoste
2024-10-09,CAM,23,12,11,23,ITF,ITF3,15,Campania
2024-11-10,VEN,32,15,17,32,ITH,ITH3,5,Veneto
2024-11-16,CAM,52,26,26,52,ITF,ITF3,15,Campania
2024-12-03,PAT,94,33,61,94,ITH,ITH2,4,Provincia Autonoma Trento
2024-10-20,LAZ,40,16,24,40,ITI,ITI4,12,Lazio
2024-10-12,LOM,1490,727,763,1490,ITC,ITC4,3,Lombardia
2024-11-02,EMR,428,214,214,428,ITH,ITH5,8,Emilia-Romagna
2024-10-08,LAZ,209,110,99,209,ITI,ITI4,12,Lazio
2024-09-27,FVG,21,10,11,21,ITH,ITH4,6,Friuli-Venezia Giulia
2024-11-24,EMR,227,107,120,227,ITH,ITH5,8,Emilia-Romagna
2024-10-11,ABR,40,25,15,40,ITF,ITF1,13,Abruzzo
2024-11-17,TOS,19,11,8,19,ITI,ITI1,9,Toscana
2024-11-24,VEN,11,5,6,11,ITH,ITH3,5,Veneto
2024-11-19,SAR,204,113,91,204,ITG,ITG2,20,Sardegna
2024-11-06,PIE,1330,573,757,1330,ITC,ITC1,1,Piemonte
2024-11-14,FVG,921,435,486,921,ITH,ITH4,6,Friuli-Venezia Giulia
2024-11-19,VEN,1310,624,686,1310,ITH,ITH3,5,Veneto
2024-11-25,LIG,419,197,222,419,ITC,ITC3,7,Liguria
2024-11-29,MAR,111,54,57,111,ITI,ITI3,11,Marche
2024-10-18,PAB,239,115,124,239,ITH,ITH1,4,Provincia Autonoma Bolzano / Bozen
2024-11-08,CAM,110,64,46,110,ITF,ITF3,15,Campania
2024-10-09,PIE,27,18,9,27,ITC,ITC1,1,Piemonte
2024-11-30,PAB,1,0,1,1,ITH,ITH1,4,Provincia Autonoma Bolzano / Bozen
2024-09-19,LOM,2,0,2,2,ITC,ITC4,3,Lombardia
2024-09-28,LIG,1,0,1,1,ITC,ITC3,7,Liguria
2024-12-04,MOL,1,1,0,1,ITF,ITF2,14,Molise
2024-11-21,LOM,4919,2278,2641,4919,ITC,ITC4,3,Lombardia
2024-11-15,LAZ,1361,678,683,1361,ITI,ITI4,12,Lazio
2024-12-04,VEN,387,167,220,387,ITH,ITH3,5,Veneto
2024-10-14,VEN,436,193,243,436,ITH,ITH3,5,Veneto
2024-10-10,VEN,399,173,226,399,ITH,ITH3,5,Veneto
2024-12-04,LAZ,904,404,500,904,ITI,ITI4,12,Lazio
2024-11-20,SAR,206,107,99,206,ITG,ITG2,20,Sardegna
2024-11-07,SAR,397,198,199,397,ITG,ITG2,20,Sardegna
2024-11-29,PAT,209,107,102,209,ITH,ITH2,4,Provincia Autonoma Trento
2024-11-08,VDA,126,66,60,126,ITC,ITC2,2,Valle d'Aosta / Vallée d'Aoste
2024-10-18,PIE,747,390,357,747,ITC,ITC1,1,Piemonte
2024-11-28,LIG,587,268,319,587,ITC,ITC3,7,Liguria
2024-10-28,CAM,90,51,39,90,ITF,ITF3,15,Campania
2024-11-09,SIC,6,5,1,6,ITG,ITG1,19,Sicilia
2024-12-02,MAR,102,49,53,102,ITI,ITI3,11,Marche
2024-10-27,EMR,310,136,174,310,ITH,ITH5,8,Emilia-Romagna
2024-11-06,FVG,812,383,429,812,ITH,ITH4,6,Friuli-Venezia Giulia
2024-11-24,LOM,373,179,194,373,ITC,ITC4,3,Lombardia
2024-12-05,VEN,316,144,172,316,ITH,ITH3,5,Veneto
2024-11-05,PAT,114,55,59,114,ITH,ITH2,4,Provincia Autonoma Trento
2024-11-27,CAM,111,56,55,111,ITF,ITF3,15,Campania
2024-11-18,PIE,1067,492,575,1067,ITC,ITC1,1,Piemonte
2024-10-16,MAR,99,54,45,99,ITI,ITI3,11,Marche
2024-10-31,SAR,121,62,59,121,ITG,ITG2,20,Sardegna
2024-12-01,PIE,12,4,8,12,ITC,ITC1,1,Piemonte
2024-11-03,EMR,268,130,138,268,ITH,ITH5,8,Emilia-Romagna
2024-12-05,PAT,75,34,41,75,ITH,ITH2,4,Provincia Autonoma Trento
2024-10-23,VEN,843,393,450,843,ITH,ITH3,5,Veneto
2024-11-22,EMR,2987,1394,1593,2987,ITH,ITH5,8,Emilia-Romagna
2024-10-29,ABR,150,71,79,150,ITF,ITF1,13,Abruzzo
2024-10-02,VEN,15,10,5,15,ITH,ITH3,5,Veneto
2024-11-14,PAT,449,208,241,449,ITH,ITH2,4,Provincia Autonoma Trento
2024-10-21,SAR,66,35,31,66,ITG,ITG2,20,Sardegna
2024-12-02,VDA,7,2,5,7,ITC,ITC2,2,Valle d'Aosta / Vallée d'Aoste
2024-10-11,LOM,2275,1013,1262,2275,ITC,ITC4,3,Lombardia
2024-10-29,PIE,1591,693,898,1591,ITC,ITC1,1,Piemonte
2024-10-21,LAZ,959,509,450,959,ITI,ITI4,12,Lazio
2024-11-14,PUG,702,359,343,702,ITF,ITF4,16,Puglia
2024-11-05,VEN,1091,521,570,1091,ITH,ITH3,5,Veneto
2024-10-26,TOS,681,311,370,681,ITI,ITI1,9,Toscana
2024-10-16,ABR,103,60,43,103,ITF,ITF1,13,Abruzzo
2024-10-31,UMB,37,21,16,37,ITI,ITI2,10,Umbria
2024-11-21,VDA,66,27,39,66,ITC,ITC2,2,Valle d'Aosta / Vallée d'Aoste
2024-11-02,PAB,6,3,3,6,ITH,ITH1,4,Provincia Autonoma Bolzano / Bozen
2024-11-03,TOS,2,0,2,2,ITI,ITI1,9,Toscana
2024-09-29,LOM,12,9,3,12,ITC,ITC4,3,Lombardia
2024-10-07,ABR,7,3,4,7,ITF,ITF1,13,Abruzzo
2024-09-25,TOS,3,2,1,3,ITI,ITI1,9,Toscana
2024-11-02,UMB,6,2,4,6,ITI,ITI2,10,Umbria
2024-12-03,MOL,7,3,4,7,ITF,ITF2,14,Molise
2024-12-03,VDA,1,1,0,1,ITC,ITC2,2,Valle d'Aosta / Vallée d'Aoste
2024-10-11,FVG,1,1,0,1,ITH,ITH4,6,Friuli-Venezia Giulia
2024-11-08,PUG,657,328,329,657,ITF,ITF4,16,Puglia
2024-11-27,LIG,541,244,297,541,ITC,ITC3,7,Liguria
2024-11-12,PUG,774,407,367,774,ITF,ITF4,16,Puglia
2024-10-24,PUG,322,167,155,322,ITF,ITF4,16,Puglia
2024-09-27,PIE,7,4,3,7,ITC,ITC1,1,Piemonte
2024-11-27,PAB,91,32,59,91,ITH,ITH1,4,Provincia Autonoma Bolzano / Bozen
2024-10-15,MAR,40,19,21,40,ITI,ITI3,11,Marche
2024-11-04,PAT,241,117,124,241,ITH,ITH2,4,Provincia Autonoma Trento
2024-11-26,FVG,439,196,243,439,ITH,ITH4,6,Friuli-Venezia Giulia
2024-11-12,PAT,400,187,213,400,ITH,ITH2,4,Provincia Autonoma Trento
2024-10-22,EMR,4032,1968,2064,4032,ITH,ITH5,8,Emilia-Romagna
2024-11-14,SAR,233,119,114,233,ITG,ITG2,20,Sardegna
2024-11-25,EMR,1658,757,901,1658,ITH,ITH5,8,Emilia-Romagna
2024-11-30,FVG,107,49,58,107,ITH,ITH4,6,Friuli-Venezia Giulia
2024-10-09,PUG,57,40,17,57,ITF,ITF4,16,Puglia
2024-11-07,VEN,1187,567,620,1187,ITH,ITH3,5,Veneto
2024-10-16,LIG,364,192,172,364,ITC,ITC3,7,Liguria
2024-10-23,LAZ,1436,725,711,1436,ITI,ITI4,12,Lazio
2024-10-15,CAM,53,30,23,53,ITF,ITF3,15,Campania
2024-11-21,EMR,3226,1529,1697,3226,ITH,ITH5,8,Emilia-Romagna
2024-10-30,VDA,160,76,84,160,ITC,ITC2,2,Valle d'Aosta / Vallée d'Aoste
2024-11-13,VDA,130,68,62,130,ITC,ITC2,2,Valle d'Aosta / Vallée d'Aoste
2024-10-21,MAR,112,62,50,112,ITI,ITI3,11,Marche
2024-12-05,VDA,17,7,10,17,ITC,ITC2,2,Valle d'Aosta / Vallée d'Aoste
2024-10-14,PAT,34,19,15,34,ITH,ITH2,4,Provincia Autonoma Trento
2024-10-04,LAZ,58,34,24,58,ITI,ITI4,12,Lazio
2024-10-14,PUG,138,74,64,138,ITF,ITF4,16,Puglia
2024-11-04,PUG,302,161,141,302,ITF,ITF4,16,Puglia
2024-11-25,PAB,128,60,68,128,ITH,ITH1,4,Provincia Autonoma Bolzano / Bozen
2024-11-05,MAR,695,345,350,695,ITI,ITI3,11,Marche
2024-11-18,PUG,446,206,240,446,ITF,ITF4,16,Puglia
2024-12-03,VEN,425,184,241,425,ITH,ITH3,5,Veneto
2024-11-25,TOS,1369,661,708,1369,ITI,ITI1,9,Toscana
2024-11-27,FVG,664,289,375,664,ITH,ITH4,6,Friuli-Venezia Giulia
2024-10-08,PUG,28,19,9,28,ITF,ITF4,16,Puglia
2024-10-14,SAR,37,23,14,37,ITG,ITG2,20,Sardegna
2024-11-15,BAS,36,26,10,36,ITF,ITF5,17,Basilicata
2024-11-26,SIC,58,31,27,58,ITG,ITG1,19,Sicilia
2024-12-04,SAR,49,25,24,49,ITG,ITG2,20,Sardegna
2024-10-04,PAT,4,3,1,4,ITH,ITH2,4,Provincia Autonoma Trento
2024-11-18,PAT,62,30,32,62,ITH,ITH2,4,Provincia Autonoma Trento
2024-11-11,EMR,2403,1147,1256,2403,ITH,ITH5,8,Emilia-Romagna
2024-10-18,TOS,1782,858,924,1782,ITI,ITI1,9,Toscana
2024-11-20,VEN,889,431,458,889,ITH,ITH3,5,Veneto
2024-10-08,PAT,15,9,6,15,ITH,ITH2,4,Provincia Autonoma Trento
2024-11-02,FVG,44,21,23,44,ITH,ITH4,6,Friuli-Venezia Giulia
2024-10-11,PIE,165,73,92,165,ITC,ITC1,1,Piemonte
2024-10-26,FVG,209,109,100,209,ITH,ITH4,6,Friuli-Venezia Giulia
2024-11-05,VDA,62,27,35,62,ITC,ITC2,2,Valle d'Aosta / Vallée d'Aoste
2024-10-10,SAR,28,16,12,28,ITG,ITG2,20,Sardegna
2024-10-29,LIG,679,330,349,679,ITC,ITC3,7,Liguria
2024-10-27,LAZ,54,24,30,54,ITI,ITI4,12,Lazio
2024-11-26,VEN,743,335,408,743,ITH,ITH3,5,Veneto
2024-11-30,LOM,1488,712,776,1488,ITC,ITC4,3,Lombardia
2024-11-04,MOL,19,7,12,19,ITF,ITF2,14,Molise
2024-11-28,UMB,42,18,24,42,ITI,ITI2,10,Umbria
2024-10-16,PAB,367,206,161,367,ITH,ITH1,4,Provincia Autonoma Bolzano / Bozen
2024-11-16,EMR,1560,726,834,1560,ITH,ITH5,8,Emilia-Romagna
2024-11-13,PIE,1330,611,719,1330,ITC,ITC1,1,Piemonte
2024-10-24,PAT,610,232,378,610,ITH,ITH2,4,Provincia Autonoma Trento
2024-11-28,FVG,670,306,364,670,ITH,ITH4,6,Friuli-Venezia Giulia
2024-12-04,SIC,25,11,14,25,ITG,ITG1,19,Sicilia
2024-10-19,MAR,78,42,36,78,ITI,ITI3,11,Marche
2024-10-04,PUG,19,11,8,19,ITF,ITF4,16,Puglia
2024-11-23,MAR,56,30,26,56,ITI,ITI3,11,Marche
2024-11-02,SIC,13,9,4,13,ITG,ITG1,19,Sicilia
2024-10-01,PIE,5,3,2,5,ITC,ITC1,1,Piemonte
2024-09-30,CAM,6,4,2,6,ITF,ITF3,15,Campania
2024-10-19,VDA,28,12,16,28,ITC,ITC2,2,Valle d'Aosta / Vallée d'Aoste
2024-11-27,UMB,58,32,26,58,ITI,ITI2,10,Umbria
2024-10-08,SIC,4,3,1,4,ITG,ITG1,19,Sicilia
2024-11-01,PUG,1,0,1,1,ITF,ITF4,16,Puglia
2024-10-29,CAM,99,54,45,99,ITF,ITF3,15,Campania
2024-11-02,LAZ,109,52,57,109,ITI,ITI4,12,Lazio
2024-11-15,UMB,32,15,17,32,ITI,ITI2,10,Umbria
2024-10-29,LOM,8353,4006,4347,8353,ITC,ITC4,3,Lombardia
2024-10-01,CAM,4,3,1,4,ITF,ITF3,15,Campania
2024-10-31,TOS,2186,993,1193,2186,ITI,ITI1,9,Toscana
2024-11-23,VEN,278,129,149,278,ITH,ITH3,5,Veneto
2024-11-19,MOL,7,5,2,7,ITF,ITF2,14,Molise
2024-10-14,FVG,99,45,54,99,ITH,ITH4,6,Friuli-Venezia Giulia
2024-11-11,LOM,6509,3119,3390,6509,ITC,ITC4,3,Lombardia
2024-10-22,LOM,9656,4632,5024,9656,ITC,ITC4,3,Lombardia
2024-12-02,LOM,2147,1011,1136,2147,ITC,ITC4,3,Lombardia
2024-11-19,MAR,519,229,290,519,ITI,ITI3,11,Marche
2024-12-02,CAM,62,31,31,62,ITF,ITF3,15,Campania
2024-11-03,PIE,70,31,39,70,ITC,ITC1,1,Piemonte
2024-11-06,TOS,2729,1233,1496,2729,ITI,ITI1,9,Toscana
2024-11-14,VEN,982,494,488,982,ITH,ITH3,5,Veneto
2024-11-22,PIE,1437,683,754,1437,ITC,ITC1,1,Piemonte
2024-11-20,UMB,22,11,11,22,ITI,ITI2,10,Umbria
2024-11-26,PAT,179,78,101,179,ITH,ITH2,4,Provincia Autonoma Trento
2024-11-09,PAT,99,45,54,99,ITH,ITH2,4,Provincia Autonoma Trento
2024-10-21,PAT,228,120,108,228,ITH,ITH2,4,Provincia Autonoma Trento
2024-11-10,FVG,14,5,9,14,ITH,ITH4,6,Friuli-Venezia Giulia
2024-11-09,PUG,103,51,52,103,ITF,ITF4,16,Puglia
2024-11-07,UMB,49,29,20,49,ITI,ITI2,10,Umbria
2024-10-15,ABR,103,54,49,103,ITF,ITF1,13,Abruzzo
2024-11-26,PUG,635,329,306,635,ITF,ITF4,16,Puglia
2024-10-25,VDA,79,33,46,79,ITC,ITC2,2,Valle d'Aosta / Vallée d'Aoste
2024-10-26,LAZ,559,273,286,559,ITI,ITI4,12,Lazio
2024-10-31,MAR,237,123,114,237,ITI,ITI3,11,Marche
2024-10-02,LAZ,60,24,36,60,ITI,ITI4,12,Lazio
2024-11-30,LIG,48,25,23,48,ITC,ITC3,7,Liguria
2024-11-23,CAM,52,25,27,52,ITF,ITF3,15,Campania
2024-11-12,SIC,36,21,15,36,ITG,ITG1,19,Sicilia
2024-11-20,PAB,350,167,183,350,ITH,ITH1,4,Provincia Autonoma Bolzano / Bozen
2024-10-16,CAM,31,16,15,31,ITF,ITF3,15,Campania
2024-10-25,MAR,515,260,255,515,ITI,ITI3,11,Marche
2024-11-26,SAR,131,66,65,131,ITG,ITG2,20,Sardegna
2024-12-03,SAR,17,9,8,17,ITG,ITG2,20,Sardegna
2024-12-04,PAT,233,100,133,233,ITH,ITH2,4,Provincia Autonoma Trento
2024-10-07,LIG,57,29,28,57,ITC,ITC3,7,Liguria
2024-10-17,FVG,146,76,70,146,ITH,ITH4,6,Friuli-Venezia Giulia
2024-11-07,PAB,43,19,24,43,ITH,ITH1,4,Provincia Autonoma Bolzano / Bozen
2024-12-01,LAZ,62,29,33,62,ITI,ITI4,12,Lazio
2024-11-05,MOL,4,2,2,4,ITF,ITF2,14,Molise
2024-11-17,CAM,2,2,0,2,ITF,ITF3,15,Campania
2024-10-25,MOL,39,19,20,39,ITF,ITF2,14,Molise
2024-11-18,SIC,19,11,8,19,ITG,ITG1,19,Sicilia
2024-10-10,SIC,11,5,6,11,ITG,ITG1,19,Sicilia
2024-10-05,TOS,4,3,1,4,ITI,ITI1,9,Toscana
2024-11-24,CAM,3,2,1,3,ITF,ITF3,15,Campania
2024-11-17,PAB,3,1,2,3,ITH,ITH1,4,Provincia Autonoma Bolzano / Bozen
2024-12-01,FVG,1,0,1,1,ITH,ITH4,6,Friuli-Venezia Giulia
2024-09-30,ABR,1,0,1,1,ITF,ITF1,13,Abruzzo
2024-11-17,LIG,1,0,1,1,ITC,ITC3,7,Liguria
2024-10-20,PUG,1,0,1,1,ITF,ITF4,16,Puglia
2024-11-23,LOM,2898,1390,1508,2898,ITC,ITC4,3,Lombardia
2024-10-03,LOM,454,226,228,454,ITC,ITC4,3,Lombardia
2024-10-18,PAT,448,210,238,448,ITH,ITH2,4,Provincia Autonoma Trento
2024-09-27,LAZ,6,2,4,6,ITI,ITI4,12,Lazio
2024-11-21,PIE,1215,597,618,1215,ITC,ITC1,1,Piemonte
2024-12-04,CAM,94,46,48,94,ITF,ITF3,15,Campania
2024-11-25,PIE,846,374,472,846,ITC,ITC1,1,Piemonte
2024-11-04,PIE,998,481,517,998,ITC,ITC1,1,Piemonte
2024-10-29,FVG,345,157,188,345,ITH,ITH4,6,Friuli-Venezia Giulia
2024-11-13,CAM,132,69,63,132,ITF,ITF3,15,Campania
2024-10-22,ABR,128,67,61,128,ITF,ITF1,13,Abruzzo
2024-11-19,VDA,35,11,24,35,ITC,ITC2,2,Valle d'Aosta / Vallée d'Aoste
2024-10-07,SAR,21,9,12,21,ITG,ITG2,20,Sardegna
2024-10-17,EMR,3149,1513,1636,3149,ITH,ITH5,8,Emilia-Romagna
2024-11-05,EMR,3918,1860,2058,3918,ITH,ITH5,8,Emilia-Romagna
2024-11-05,CAM,95,59,36,95,ITF,ITF3,15,Campania
2024-10-11,VDA,76,39,37,76,ITC,ITC2,2,Valle d'Aosta / Vallée d'Aoste
2024-11-30,PAT,15,8,7,15,ITH,ITH2,4,Provincia Autonoma Trento
2024-11-03,CAM,5,2,3,5,ITF,ITF3,15,Campania
2024-10-20,VEN,18,9,9,18,ITH,ITH3,5,Veneto
2024-11-07,LAZ,1571,730,841,1571,ITI,ITI4,12,Lazio
2024-11-14,LAZ,1422,675,747,1422,ITI,ITI4,12,Lazio
2024-10-10,LIG,38,16,22,38,ITC,ITC3,7,Liguria
2024-12-03,MAR,242,118,124,242,ITI,ITI3,11,Marche
2024-11-29,SAR,21,9,12,21,ITG,ITG2,20,Sardegna
2024-10-19,LOM,4583,2335,2248,4583,ITC,ITC4,3,Lombardia
2024-11-05,LOM,8690,4195,4495,8690,ITC,ITC4,3,Lombardia
2024-11-20,PIE,1166,509,657,1166,ITC,ITC1,1,Piemonte
2024-11-28,PAB,118,55,63,118,ITH,ITH1,4,Provincia Autonoma Bolzano / Bozen
2024-09-28,LOM,84,44,40,84,ITC,ITC4,3,Lombardia
2024-10-28,TOS,1880,879,1001,1880,ITI,ITI1,9,Toscana
2024-11-30,PUG,115,49,66,115,ITF,ITF4,16,Puglia
2024-10-30,LOM,7893,3740,4153,7893,ITC,ITC4,3,Lombardia
2024-10-06,LOM,2169,1106,1063,2169,ITC,ITC4,3,Lombardia
2024-10-09,LAZ,175,83,92,175,ITI,ITI4,12,Lazio
2024-11-04,SAR,153,72,81,153,ITG,ITG2,20,Sardegna
2024-10-30,CAM,93,55,38,93,ITF,ITF3,15,Campania
2024-10-03,SAR,3,1,2,3,ITG,ITG2,20,Sardegna
2024-10-26,LOM,6251,3110,3141,6251,ITC,ITC4,3,Lombardia
2024-11-28,LOM,3500,1596,1904,3500,ITC,ITC4,3,Lombardia
2024-10-22,PIE,937,432,505,937,ITC,ITC1,1,Piemonte
2024-12-03,SIC,64,30,34,64,ITG,ITG1,19,Sicilia
2024-11-15,TOS,2254,1062,1192,2254,ITI,ITI1,9,Toscana
2024-10-22,SAR,142,60,82,142,ITG,ITG2,20,Sardegna
2024-11-16,TOS,755,332,423,755,ITI,ITI1,9,Toscana
2024-09-21,LOM,28,14,14,28,ITC,ITC4,3,Lombardia
2024-10-12,VDA,24,15,9,24,ITC,ITC2,2,Valle d'Aosta / Vallée d'Aoste
2024-10-01,LIG,19,10,9,19,ITC,ITC3,7,Liguria
2024-12-05,CAM,60,29,31,60,ITF,ITF3,15,Campania
2024-10-18,PUG,264,136,128,264,ITF,ITF4,16,Puglia
2024-10-31,FVG,481,234,247,481,ITH,ITH4,6,Friuli-Venezia Giulia
2024-11-06,SIC,13,7,6,13,ITG,ITG1,19,Sicilia
2024-10-14,LAZ,332,170,162,332,ITI,ITI4,12,Lazio
2024-10-08,SAR,16,8,8,16,ITG,ITG2,20,Sardegna
2024-09-25,LAZ,10,7,3,10,ITI,ITI4,12,Lazio
2024-11-29,UMB,9,4,5,9,ITI,ITI2,10,Umbria
2024-10-16,VDA,204,102,102,204,ITC,ITC2,2,Valle d'Aosta / Vallée d'Aoste
2024-10-09,PAT,40,20,20,40,ITH,ITH2,4,Provincia Autonoma Trento
2024-12-01,PUG,6,2,4,6,ITF,ITF4,16,Puglia
2024-11-24,MAR,8,4,4,8,ITI,ITI3,11,Marche
2024-10-19,ABR,12,6,6,12,ITF,ITF1,13,Abruzzo
2024-11-24,VDA,1,1,0,1,ITC,ITC2,2,Valle d'Aosta / Vallée d'Aoste
2024-09-26,CAM,1,1,0,1,ITF,ITF3,15,Campania
2024-09-27,TOS,1,0,1,1,ITI,ITI1,9,Toscana
2024-11-15,VEN,1031,458,573,1031,ITH,ITH3,5,Veneto
2024-10-16,LAZ,551,276,275,551,ITI,ITI4,12,Lazio
2024-10-31,PIE,1687,768,919,1687,ITC,ITC1,1,Piemonte
2024-11-27,PUG,492,252,240,492,ITF,ITF4,16,Puglia
2024-10-24,LIG,681,342,339,681,ITC,ITC3,7,Liguria
2024-11-06,VDA,172,76,96,172,ITC,ITC2,2,Valle d'Aosta / Vallée d'Aoste
2024-11-08,LIG,421,197,224,421,ITC,ITC3,7,Liguria
2024-11-11,TOS,1671,808,863,1671,ITI,ITI1,9,Toscana
2024-10-08,CAM,16,11,5,16,ITF,ITF3,15,Campania
2024-10-29,LAZ,1443,726,717,1443,ITI,ITI4,12,Lazio
2024-12-04,LOM,2243,1008,1235,2243,ITC,ITC4,3,Lombardia
2024-10-20,LOM,939,470,469,939,ITC,ITC4,3,Lombardia
2024-10-27,VEN,11,6,5,11,ITH,ITH3,5,Veneto
2024-09-30,TOS,4,1,3,4,ITI,ITI1,9,Toscana
2024-10-17,MAR,137,64,73,137,ITI,ITI3,11,Marche
2024-11-16,FVG,592,292,300,592,ITH,ITH4,6,Friuli-Venezia Giulia
2024-10-07,SIC,11,10,1,11,ITG,ITG1,19,Sicilia
2024-10-08,LOM,1580,699,881,1580,ITC,ITC4,3,Lombardia
2024-10-15,PAB,356,191,165,356,ITH,ITH1,4,Provincia Autonoma Bolzano / Bozen
2024-12-01,LOM,202,80,122,202,ITC,ITC4,3,Lombardia
2024-11-29,PIE,1133,551,582,1133,ITC,ITC1,1,Piemonte
2024-10-27,LOM,589,287,302,589,ITC,ITC4,3,Lombardia
2024-11-05,PAB,52,25,27,52,ITH,ITH1,4,Provincia Autonoma Bolzano / Bozen
2024-10-23,EMR,4224,2010,2214,4224,ITH,ITH5,8,Emilia-Romagna
2024-11-18,LOM,5221,2453,2768,5221,ITC,ITC4,3,Lombardia
2024-12-04,EMR,1410,658,752,1410,ITH,ITH5,8,Emilia-Romagna
2024-11-21,LAZ,1342,626,716,1342,ITI,ITI4,12,Lazio
2024-11-18,CAM,132,64,68,132,ITF,ITF3,15,Campania
2024-10-01,TOS,43,12,31,43,ITI,ITI1,9,Toscana
2024-10-25,PAB,284,134,150,284,ITH,ITH1,4,Provincia Autonoma Bolzano / Bozen
2024-11-07,PAT,70,24,46,70,ITH,ITH2,4,Provincia Autonoma Trento
2024-11-15,SAR,173,84,89,173,ITG,ITG2,20,Sardegna
2024-10-15,PIE,278,153,125,278,ITC,ITC1,1,Piemonte
2024-10-25,LIG,282,136,146,282,ITC,ITC3,7,Liguria
2024-10-08,LIG,109,56,53,109,ITC,ITC3,7,Liguria
2024-10-16,BAS,7,6,1,7,ITF,ITF5,17,Basilicata
2024-11-21,TOS,2127,931,1196,2127,ITI,ITI1,9,Toscana
2024-11-05,LIG,1057,528,529,1057,ITC,ITC3,7,Liguria
2024-11-28,MAR,152,74,78,152,ITI,ITI3,11,Marche
2024-10-09,FVG,18,8,10,18,ITH,ITH4,6,Friuli-Venezia Giulia
2024-10-18,MAR,201,97,104,201,ITI,ITI3,11,Marche
2024-11-11,LAZ,1006,479,527,1006,ITI,ITI4,12,Lazio
2024-10-24,LOM,8984,4352,4632,8984,ITC,ITC4,3,Lombardia
2024-12-05,TOS,730,356,374,730,ITI,ITI1,9,Toscana
2024-11-10,MAR,33,12,21,33,ITI,ITI3,11,Marche
2024-11-18,LIG,262,139,123,262,ITC,ITC3,7,Liguria
2024-11-15,PAT,197,91,106,197,ITH,ITH2,4,Provincia Autonoma Trento
2024-10-07,LAZ,107,52,55,107,ITI,ITI4,12,Lazio
2024-11-28,PAT,180,89,91,180,ITH,ITH2,4,Provincia Autonoma Trento
2024-11-22,TOS,1935,917,1018,1935,ITI,ITI1,9,Toscana
2024-11-07,PUG,573,283,290,573,ITF,ITF4,16,Puglia
2024-11-27,PAT,337,156,181,337,ITH,ITH2,4,Provincia Autonoma Trento
2024-12-02,LAZ,437,193,244,437,ITI,ITI4,12,Lazio
2024-11-15,PUG,671,320,351,671,ITF,ITF4,16,Puglia
2024-11-01,LOM,420,192,228,420,ITC,ITC4,3,Lombardia
2024-12-05,PAB,40,21,19,40,ITH,ITH1,4,Provincia Autonoma Bolzano / Bozen
2024-11-20,SIC,20,11,9,20,ITG,ITG1,19,Sicilia
2024-10-01,SAR,7,4,3,7,ITG,ITG2,20,Sardegna
2024-10-16,SIC,6,4,2,6,ITG,ITG1,19,Sicilia
2024-09-26,SAR,3,2,1,3,ITG,ITG2,20,Sardegna
2024-10-25,CAM,32,15,17,32,ITF,ITF3,15,Campania
2024-11-17,PUG,22,12,10,22,ITF,ITF4,16,Puglia
2024-10-15,UMB,3,2,1,3,ITI,ITI2,10,Umbria
2024-09-30,PIE,7,4,3,7,ITC,ITC1,1,Piemonte
2024-10-18,VDA,104,53,51,104,ITC,ITC2,2,Valle d'Aosta / Vallée d'Aoste
2024-11-03,VDA,4,1,3,4,ITC,ITC2,2,Valle d'Aosta / Vallée d'Aoste
2024-11-17,PAT,1,0,1,1,ITH,ITH2,4,Provincia Autonoma Trento
2024-10-03,FVG,1,1,0,1,ITH,ITH4,6,Friuli-Venezia Giulia
2024-11-29,LIG,254,104,150,254,ITC,ITC3,7,Liguria
2024-10-28,MOL,29,12,17,29,ITF,ITF2,14,Molise
2024-11-25,VDA,16,6,10,16,ITC,ITC2,2,Valle d'Aosta / Vallée d'Aoste
2024-11-29,PAB,99,54,45,99,ITH,ITH1,4,Provincia Autonoma Bolzano / Bozen
2024-11-23,LAZ,355,180,175,355,ITI,ITI4,12,Lazio
2024-10-02,CAM,19,12,7,19,ITF,ITF3,15,Campania
2024-11-13,LAZ,1620,769,851,1620,ITI,ITI4,12,Lazio
2024-12-02,PIE,541,259,282,541,ITC,ITC1,1,Piemonte
2024-11-21,VEN,1163,530,633,1163,ITH,ITH3,5,Veneto
2024-10-31,LOM,7368,3488,3880,7368,ITC,ITC4,3,Lombardia
2024-11-18,EMR,2014,939,1075,2014,ITH,ITH5,8,Emilia-Romagna
2024-10-15,FVG,26,14,12,26,ITH,ITH4,6,Friuli-Venezia Giulia
2024-12-03,PAB,147,77,70,147,ITH,ITH1,4,Provincia Autonoma Bolzano / Bozen
2024-11-07,EMR,5115,2478,2637,5115,ITH,ITH5,8,Emilia-Romagna
2024-10-31,LIG,536,269,267,536,ITC,ITC3,7,Liguria
2024-12-02,TOS,723,344,379,723,ITI,ITI1,9,Toscana
2024-10-28,PAT,219,99,120,219,ITH,ITH2,4,Provincia Autonoma Trento
2024-11-15,VDA,80,40,40,80,ITC,ITC2,2,Valle d'Aosta / Vallée d'Aoste
2024-11-17,FVG,13,4,9,13,ITH,ITH4,6,Friuli-Venezia Giulia
2024-11-09,PIE,615,292,323,615,ITC,ITC1,1,Piemonte
2024-10-28,PUG,350,185,165,350,ITF,ITF4,16,Puglia
2024-10-21,CAM,49,30,19,49,ITF,ITF3,15,Campania
2024-11-22,SAR,135,62,73,135,ITG,ITG2,20,Sardegna
2024-12-03,TOS,783,360,423,783,ITI,ITI1,9,Toscana
2024-11-22,VEN,1083,497,586,1083,ITH,ITH3,5,Veneto
2024-10-14,PAB,5,4,1,5,ITH,ITH1,4,Provincia Autonoma Bolzano / Bozen
2024-11-28,VDA,21,12,9,21,ITC,ITC2,2,Valle d'Aosta / Vallée d'Aoste
2024-10-27,ABR,25,14,11,25,ITF,ITF1,13,Abruzzo
2024-10-23,VDA,186,92,94,186,ITC,ITC2,2,Valle d'Aosta / Vallée d'Aoste
2024-10-08,EMR,988,500,488,988,ITH,ITH5,8,Emilia-Romagna
2024-10-22,TOS,1889,880,1009,1889,ITI,ITI1,9,Toscana
2024-11-29,CAM,154,88,66,154,ITF,ITF3,15,Campania
2024-10-10,EMR,1216,597,619,1216,ITH,ITH5,8,Emilia-Romagna
2024-11-07,LOM,8641,4005,4636,8641,ITC,ITC4,3,Lombardia
2024-11-05,UMB,29,13,16,29,ITI,ITI2,10,Umbria
2024-11-08,FVG,840,428,412,840,ITH,ITH4,6,Friuli-Venezia Giulia
2024-11-14,PIE,1697,779,918,1697,ITC,ITC1,1,Piemonte
2024-10-04,PIE,23,9,14,23,ITC,ITC1,1,Piemonte
2024-12-05,PIE,570,273,297,570,ITC,ITC1,1,Piemonte
2024-10-15,PAT,230,133,97,230,ITH,ITH2,4,Provincia Autonoma Trento
2024-11-14,TOS,2856,1316,1540,2856,ITI,ITI1,9,Toscana
2024-10-21,PIE,566,267,299,566,ITC,ITC1,1,Piemonte
2024-12-05,UMB,32,18,14,32,ITI,ITI2,10,Umbria
2024-11-22,PAT,200,103,97,200,ITH,ITH2,4,Provincia Autonoma Trento
2024-10-30,LAZ,334,125,209,334,ITI,ITI4,12,Lazio
2024-11-09,PAB,1,1,0,1,ITH,ITH1,4,Provincia Autonoma Bolzano / Bozen
2024-11-22,PUG,731,366,365,731,ITF,ITF4,16,Puglia
2024-10-31,CAM,98,58,40,98,ITF,ITF3,15,Campania
2024-10-11,PAT,74,36,38,74,ITH,ITH2,4,Provincia Autonoma Trento
2024-11-12,PIE,1407,644,763,1407,ITC,ITC1,1,Piemonte
2024-10-10,LOM,1817,839,978,1817,ITC,ITC4,3,Lombardia
2024-11-11,SAR,331,168,163,331,ITG,ITG2,20,Sardegna
2024-11-01,FVG,5,2,3,5,ITH,ITH4,6,Friuli-Venezia Giulia
2024-10-23,BAS,16,8,8,16,ITF,ITF5,17,Basilicata
2024-10-10,ABR,47,33,14,47,ITF,ITF1,13,Abruzzo
2024-11-16,VDA,22,10,12,22,ITC,ITC2,2,Valle d'Aosta / Vallée d'Aoste
2024-11-02,CAM,16,11,5,16,ITF,ITF3,15,Campania
2024-11-11,VEN,635,328,307,635,ITH,ITH3,5,Veneto
2024-10-05,LOM,3921,2072,1849,3921,ITC,ITC4,3,Lombardia
2024-10-11,PUG,115,58,57,115,ITF,ITF4,16,Puglia
2024-10-21,LIG,263,116,147,263,ITC,ITC3,7,Liguria
2024-10-20,EMR,216,104,112,216,ITH,ITH5,8,Emilia-Romagna
2024-10-24,FVG,394,199,195,394,ITH,ITH4,6,Friuli-Venezia Giulia
2024-11-23,TOS,466,206,260,466,ITI,ITI1,9,Toscana
2024-11-24,LAZ,50,24,26,50,ITI,ITI4,12,Lazio
2024-10-23,ABR,85,37,48,85,ITF,ITF1,13,Abruzzo
2024-11-13,SIC,23,14,9,23,ITG,ITG1,19,Sicilia
2024-11-14,PAB,342,154,188,342,ITH,ITH1,4,Provincia Autonoma Bolzano / Bozen
2024-09-23,LOM,11,5,6,11,ITC,ITC4,3,Lombardia
2024-10-25,UMB,26,12,14,26,ITI,ITI2,10,Umbria
2024-09-30,PUG,6,4,2,6,ITF,ITF4,16,Puglia
2024-09-20,TOS,4,3,1,4,ITI,ITI1,9,Toscana
2024-10-27,MAR,3,1,2,3,ITI,ITI3,11,Marche
2024-11-30,MAR,22,12,10,22,ITI,ITI3,11,Marche
2024-10-04,CAM,8,4,4,8,ITF,ITF3,15,Campania
2024-10-19,UMB,3,0,3,3,ITI,ITI2,10,Umbria
2024-10-05,CAM,2,1,1,2,ITF,ITF3,15,Campania
2024-11-12,EMR,3939,1900,2039,3939,ITH,ITH5,8,Emilia-Romagna
2024-10-28,SAR,110,51,59,110,ITG,ITG2,20,Sardegna
2024-10-21,FVG,233,126,107,233,ITH,ITH4,6,Friuli-Venezia Giulia
2024-12-05,MAR,75,26,49,75,ITI,ITI3,11,Marche
2024-11-12,PAB,394,185,209,394,ITH,ITH1,4,Provincia Autonoma Bolzano / Bozen
2024-10-31,SIC,4,2,2,4,ITG,ITG1,19,Sicilia
2024-10-16,UMB,7,3,4,7,ITI,ITI2,10,Umbria
2024-10-07,PUG,13,11,2,13,ITF,ITF4,16,Puglia
2024-10-11,EMR,1148,527,621,1148,ITH,ITH5,8,Emilia-Romagna
2024-10-17,TOS,1868,904,964,1868,ITI,ITI1,9,Toscana
2024-11-28,TOS,1593,729,864,1593,ITI,ITI1,9,Toscana
2024-11-18,MOL,17,6,11,17,ITF,ITF2,14,Molise
2024-10-28,EMR,3071,1403,1668,3071,ITH,ITH5,8,Emilia-Romagna
2024-10-26,LIG,68,33,35,68,ITC,ITC3,7,Liguria
2024-11-02,LIG,4,1,3,4,ITC,ITC3,7,Liguria
2024-09-27,PAT,17,8,9,17,ITH,ITH2,4,Provincia Autonoma Trento
2024-11-29,VDA,46,20,26,46,ITC,ITC2,2,Valle d'Aosta / Vallée d'Aoste
2024-10-28,LOM,7330,3442,3888,7330,ITC,ITC4,3,Lombardia
2024-12-03,LOM,2467,1075,1392,2467,ITC,ITC4,3,Lombardia
2024-11-27,LAZ,1278,599,679,1278,ITI,ITI4,12,Lazio
2024-11-09,VEN,2794,1442,1352,2794,ITH,ITH3,5,Veneto
2024-10-30,TOS,2652,1215,1437,2652,ITI,ITI1,9,Toscana
2024-11-11,BAS,72,36,36,72,ITF,ITF5,17,Basilicata
2024-10-07,PAT,33,15,18,33,ITH,ITH2,4,Provincia Autonoma Trento
2024-10-03,LAZ,28,18,10,28,ITI,ITI4,12,Lazio
2024-11-16,PIE,354,170,184,354,ITC,ITC1,1,Piemonte
2024-10-23,MOL,3,2,1,3,ITF,ITF2,14,Molise
2024-11-09,UMB,4,2,2,4,ITI,ITI2,10,Umbria
2024-11-27,VDA,54,31,23,54,ITC,ITC2,2,Valle d'Aosta / Vallée d'Aoste
2024-10-21,VDA,81,38,43,81,ITC,ITC2,2,Valle d'Aosta / Vallée d'Aoste
2024-10-02,LOM,314,157,157,314,ITC,ITC4,3,Lombardia
2024-10-28,VEN,775,353,422,775,ITH,ITH3,5,Veneto
2024-10-04,LIG,45,22,23,45,ITC,ITC3,7,Liguria
2024-11-07,ABR,271,139,132,271,ITF,ITF1,13,Abruzzo
2024-11-11,PUG,475,219,256,475,ITF,ITF4,16,Puglia
2024-11-13,LIG,542,265,277,542,ITC,ITC3,7,Liguria
2024-10-25,EMR,3994,1890,2104,3994,ITH,ITH5,8,Emilia-Romagna
2024-11-11,PAT,198,92,106,198,ITH,ITH2,4,Provincia Autonoma Trento
2024-11-29,FVG,697,325,372,697,ITH,ITH4,6,Friuli-Venezia Giulia
2024-11-26,LIG,987,480,507,987,ITC,ITC3,7,Liguria
2024-11-04,TOS,1686,803,883,1686,ITI,ITI1,9,Toscana
2024-11-26,PAB,242,113,129,242,ITH,ITH1,4,Provincia Autonoma Bolzano / Bozen
2024-11-14,UMB,43,27,16,43,ITI,ITI2,10,Umbria
2024-11-06,VEN,1164,553,611,1164,ITH,ITH3,5,Veneto
2024-11-06,SAR,396,188,208,396,ITG,ITG2,20,Sardegna
2024-11-12,UMB,24,11,13,24,ITI,ITI2,10,Umbria
2024-11-09,EMR,2111,1037,1074,2111,ITH,ITH5,8,Emilia-Romagna
2024-11-12,VEN,1100,546,554,1100,ITH,ITH3,5,Veneto
2024-12-03,PIE,683,327,356,683,ITC,ITC1,1,Piemonte
2024-09-20,LOM,22,11,11,22,ITC,ITC4,3,Lombardia
2024-11-12,SAR,391,188,203,391,ITG,ITG2,20,Sardegna
2024-11-26,UMB,17,12,5,17,ITI,ITI2,10,Umbria
2024-11-22,MAR,358,171,187,358,ITI,ITI3,11,Marche
2024-11-24,LIG,4,0,4,4,ITC,ITC3,7,Liguria
2024-11-07,BAS,18,7,11,18,ITF,ITF5,17,Basilicata
2024-10-24,MOL,17,8,9,17,ITF,ITF2,14,Molise
2024-10-03,SIC,3,2,1,3,ITG,ITG1,19,Sicilia
2024-10-13,TOS,47,16,31,47,ITI,ITI1,9,Toscana
2024-09-21,TOS,8,3,5,8,ITI,ITI1,9,Toscana
2024-11-16,UMB,7,4,3,7,ITI,ITI2,10,Umbria
2024-10-29,MOL,17,11,6,17,ITF,ITF2,14,Molise
2024-11-09,ABR,8,5,3,8,ITF,ITF1,13,Abruzzo
2024-11-13,MOL,3,1,2,3,ITF,ITF2,14,Molise
2024-10-14,UMB,3,0,3,3,ITI,ITI2,10,Umbria
2024-09-27,CAM,5,3,2,5,ITF,ITF3,15,Campania
2024-11-29,PUG,531,273,258,531,ITF,ITF4,16,Puglia
2024-11-02,PIE,155,71,84,155,ITC,ITC1,1,Piemonte
2024-11-19,LAZ,505,252,253,505,ITI,ITI4,12,Lazio
2024-10-23,TOS,2096,1014,1082,2096,ITI,ITI1,9,Toscana
2024-10-31,LAZ,1001,487,514,1001,ITI,ITI4,12,Lazio
2024-10-04,TOS,30,11,19,30,ITI,ITI1,9,Toscana
2024-10-12,VEN,122,60,62,122,ITH,ITH3,5,Veneto
2024-10-10,TOS,562,255,307,562,ITI,ITI1,9,Toscana
2024-11-19,PAT,218,98,120,218,ITH,ITH2,4,Provincia Autonoma Trento
2024-11-05,FVG,738,344,394,738,ITH,ITH4,6,Friuli-Venezia Giulia
2024-10-31,VEN,1111,477,634,1111,ITH,ITH3,5,Veneto
2024-11-16,LIG,79,44,35,79,ITC,ITC3,7,Liguria
2024-10-12,LAZ,136,70,66,136,ITI,ITI4,12,Lazio
2024-10-24,MAR,542,268,274,542,ITI,ITI3,11,Marche
2024-10-27,TOS,68,27,41,68,ITI,ITI1,9,Toscana
2024-10-07,MAR,6,2,4,6,ITI,ITI3,11,Marche
2024-10-01,EMR,12,6,6,12,ITH,ITH5,8,Emilia-Romagna
2024-11-29,SIC,48,29,19,48,ITG,ITG1,19,Sicilia
2024-11-20,TOS,2004,950,1054,2004,ITI,ITI1,9,Toscana
2024-10-25,SAR,82,39,43,82,ITG,ITG2,20,Sardegna
2024-11-18,TOS,1538,738,800,1538,ITI,ITI1,9,Toscana
2024-10-04,SAR,9,5,4,9,ITG,ITG2,20,Sardegna
2024-10-15,LOM,6390,3112,3278,6390,ITC,ITC4,3,Lombardia
2024-11-29,VEN,538,262,276,538,ITH,ITH3,5,Veneto
2024-10-26,PIE,613,290,323,613,ITC,ITC1,1,Piemonte
2024-10-10,LAZ,215,100,115,215,ITI,ITI4,12,Lazio
2024-11-30,PIE,393,205,188,393,ITC,ITC1,1,Piemonte
2024-10-17,LIG,382,209,173,382,ITC,ITC3,7,Liguria
2024-11-13,EMR,4328,2089,2239,4328,ITH,ITH5,8,Emilia-Romagna
2024-10-30,MOL,11,7,4,11,ITF,ITF2,14,Molise
2024-11-12,MAR,316,152,164,316,ITI,ITI3,11,Marche
2024-10-17,LOM,7071,3329,3742,7071,ITC,ITC4,3,Lombardia
2024-11-22,LOM,4911,2273,2638,4911,ITC,ITC4,3,Lombardia
2024-10-29,EMR,4743,2245,2498,4743,ITH,ITH5,8,Emilia-Romagna
2024-09-30,LOM,108,60,48,108,ITC,ITC4,3,Lombardia
2024-11-15,EMR,3082,1389,1693,3082,ITH,ITH5,8,Emilia-Romagna
2024-10-23,PAB,408,207,201,408,ITH,ITH1,4,Provincia Autonoma Bolzano / Bozen
2024-10-24,TOS,2666,1236,1430,2666,ITI,ITI1,9,Toscana
2024-09-27,EMR,49,24,25,49,ITH,ITH5,8,Emilia-Romagna
2024-11-11,VDA,58,32,26,58,ITC,ITC2,2,Valle d'Aosta / Vallée d'Aoste
2024-10-25,PAT,401,200,201,401,ITH,ITH2,4,Provincia Autonoma Trento
2024-11-08,MAR,681,345,336,681,ITI,ITI3,11,Marche
2024-11-27,PIE,1033,488,545,1033,ITC,ITC1,1,Piemonte
2024-10-21,VEN,529,267,262,529,ITH,ITH3,5,Veneto
2024-11-21,CAM,135,84,51,135,ITF,ITF3,15,Campania
2024-10-23,SAR,109,51,58,109,ITG,ITG2,20,Sardegna
2024-10-02,SAR,9,5,4,9,ITG,ITG2,20,Sardegna
2024-11-14,SIC,30,20,10,30,ITG,ITG1,19,Sicilia
2024-11-23,MOL,12,6,6,12,ITF,ITF2,14,Molise
2024-11-06,UMB,17,8,9,17,ITI,ITI2,10,Umbria
2024-11-26,PIE,1074,529,545,1074,ITC,ITC1,1,Piemonte
2024-11-15,PAB,244,96,148,244,ITH,ITH1,4,Provincia Autonoma Bolzano / Bozen
2024-11-05,SAR,212,114,98,212,ITG,ITG2,20,Sardegna
2024-10-28,LIG,382,194,188,382,ITC,ITC3,7,Liguria
2024-12-05,SAR,23,14,9,23,ITG,ITG2,20,Sardegna
2024-10-14,SIC,13,5,8,13,ITG,ITG1,19,Sicilia
2024-10-18,UMB,9,6,3,9,ITI,ITI2,10,Umbria
2024-11-25,UMB,8,6,2,8,ITI,ITI2,10,Umbria
2024-11-08,MOL,20,12,8,20,ITF,ITF2,14,Molise
2024-10-27,PIE,14,6,8,14,ITC,ITC1,1,Piemonte
2024-10-05,LAZ,3,1,2,3,ITI,ITI4,12,Lazio
2024-10-03,MOL,10,6,4,10,ITF,ITF2,14,Molise
2024-10-07,CAM,17,11,6,17,ITF,ITF3,15,Campania
2024-09-19,PUG,7,3,4,7,ITF,ITF4,16,Puglia
2024-09-26,LOM,73,41,32,73,ITC,ITC4,3,Lombardia
2024-10-23,UMB,5,2,3,5,ITI,ITI2,10,Umbria
2024-11-01,MAR,15,9,6,15,ITI,ITI3,11,Marche
2024-11-30,VDA,4,3,1,4,ITC,ITC2,2,Valle d'Aosta / Vallée d'Aoste
2024-10-25,TOS,2481,1149,1332,2481,ITI,ITI1,9,Toscana
2024-11-04,LOM,6605,3147,3458,6605,ITC,ITC4,3,Lombardia
2024-11-10,PUG,33,16,17,33,ITF,ITF4,16,Puglia
2024-10-22,PUG,345,180,165,345,ITF,ITF4,16,Puglia
2024-10-18,ABR,57,36,21,57,ITF,ITF1,13,Abruzzo
2024-11-21,PAT,306,141,165,306,ITH,ITH2,4,Provincia Autonoma Trento
2024-10-07,EMR,383,162,221,383,ITH,ITH5,8,Emilia-Romagna
2024-10-04,FVG,49,20,29,49,ITH,ITH4,6,Friuli-Venezia Giulia
2024-10-22,PAT,372,159,213,372,ITH,ITH2,4,Provincia Autonoma Trento
2024-11-06,LAZ,1698,846,852,1698,ITI,ITI4,12,Lazio
2024-10-19,FVG,56,23,33,56,ITH,ITH4,6,Friuli-Venezia Giulia
2024-11-14,MAR,659,322,337,659,ITI,ITI3,11,Marche
2024-11-14,VDA,106,45,61,106,ITC,ITC2,2,Valle d'Aosta / Vallée d'Aoste
2024-11-19,PUG,774,386,388,774,ITF,ITF4,16,Puglia
2024-11-15,LIG,491,226,265,491,ITC,ITC3,7,Liguria
2024-10-03,EMR,67,35,32,67,ITH,ITH5,8,Emilia-Romagna
2024-12-02,PAT,62,26,36,62,ITH,ITH2,4,Provincia Autonoma Trento
2024-10-09,VDA,41,23,18,41,ITC,ITC2,2,Valle d'Aosta / Vallée d'Aoste
2024-10-20,PIE,6,2,4,6,ITC,ITC1,1,Piemonte
2024-10-30,EMR,4695,2209,2486,4695,ITH,ITH5,8,Emilia-Romagna
2024-11-25,LOM,3861,1825,2036,3861,ITC,ITC4,3,Lombardia
2024-11-23,PIE,517,273,244,517,ITC,ITC1,1,Piemonte
2024-11-19,TOS,1559,725,834,1559,ITI,ITI1,9,Toscana
2024-12-02,PUG,95,50,45,95,ITF,ITF4,16,Puglia
2024-11-04,PAB,207,105,102,207,ITH,ITH1,4,Provincia Autonoma Bolzano / Bozen
2024-10-19,PIE,262,118,144,262,ITC,ITC1,1,Piemonte
2024-11-08,TOS,2735,1318,1417,2735,ITI,ITI1,9,Toscana
2024-11-15,MAR,237,128,109,237,ITI,ITI3,11,Marche
2024-11-10,TOS,22,16,6,22,ITI,ITI1,9,Toscana
2024-11-07,VDA,114,64,50,114,ITC,ITC2,2,Valle d'Aosta / Vallée d'Aoste
2024-10-23,LOM,8961,4342,4619,8961,ITC,ITC4,3,Lombardia
2024-11-09,LAZ,679,325,354,679,ITI,ITI4,12,Lazio
2024-12-03,LAZ,610,293,317,610,ITI,ITI4,12,Lazio
2024-10-02,LIG,68,33,35,68,ITC,ITC3,7,Liguria
2024-10-29,PUG,581,311,270,581,ITF,ITF4,16,Puglia
2024-11-11,SIC,6,3,3,6,ITG,ITG1,19,Sicilia
2024-10-07,VEN,102,49,53,102,ITH,ITH3,5,Veneto
2024-11-13,BAS,41,22,19,41,ITF,ITF5,17,Basilicata
2024-09-25,LIG,22,13,9,22,ITC,ITC3,7,Liguria
2024-11-04,VEN,746,321,425,746,ITH,ITH3,5,Veneto
2024-11-22,CAM,118,54,64,118,ITF,ITF3,15,Campania
2024-11-04,EMR,2242,1031,1211,2242,ITH,ITH5,8,Emilia-Romagna
2024-10-17,PAB,387,201,186,387,ITH,ITH1,4,Provincia Autonoma Bolzano / Bozen
2024-10-15,LIG,349,191,158,349,ITC,ITC3,7,Liguria
2024-12-05,FVG,306,130,176,306,ITH,ITH4,6,Friuli-Venezia Giulia
2024-11-01,TOS,58,25,33,58,ITI,ITI1,9,Toscana
2024-11-20,CAM,147,84,63,147,ITF,ITF3,15,Campania
2024-10-31,PUG,460,249,211,460,ITF,ITF4,16,Puglia
2024-10-29,PAT,306,163,143,306,ITH,ITH2,4,Provincia Autonoma Trento
2024-10-14,VDA,64,29,35,64,ITC,ITC2,2,Valle d'Aosta / Vallée d'Aoste
2024-11-17,EMR,204,96,108,204,ITH,ITH5,8,Emilia-Romagna
2024-10-22,VEN,695,300,395,695,ITH,ITH3,5,Veneto
2024-11-05,PIE,1377,607,770,1377,ITC,ITC1,1,Piemonte
2024-11-21,PUG,528,294,234,528,ITF,ITF4,16,Puglia
2024-10-31,PAT,240,112,128,240,ITH,ITH2,4,Provincia Autonoma Trento
2024-10-13,EMR,50,17,33,50,ITH,ITH5,8,Emilia-Romagna
2024-10-08,VEN,190,93,97,190,ITH,ITH3,5,Veneto
2024-10-03,VEN,5,1,4,5,ITH,ITH3,5,Veneto
2024-11-03,ABR,22,10,12,22,ITF,ITF1,13,Abruzzo
2024-10-17,UMB,8,5,3,8,ITI,ITI2,10,Umbria
2024-10-30,BAS,15,7,8,15,ITF,ITF5,17,Basilicata
2024-11-29,MOL,2,2,0,2,ITF,ITF2,14,Molise
2024-11-07,SIC,9,4,5,9,ITG,ITG1,19,Sicilia
2024-10-13,VEN,1,0,1,1,ITH,ITH3,5,Veneto
2024-10-12,PUG,34,15,19,34,ITF,ITF4,16,Puglia
2024-11-10,PAT,8,4,4,8,ITH,ITH2,4,Provincia Autonoma Trento
2024-10-09,SIC,4,4,0,4,ITG,ITG1,19,Sicilia
2024-09-26,LIG,4,1,3,4,ITC,ITC3,7,Liguria
2024-11-03,FVG,1,1,0,1,ITH,ITH4,6,Friuli-Venezia Giulia
2024-09-30,FVG,20,11,9,20,ITH,ITH4,6,Friuli-Venezia Giulia
2024-11-09,VDA,71,35,36,71,ITC,ITC2,2,Valle d'Aosta / Vallée d'Aoste
2024-10-03,ABR,2,1,1,2,ITF,ITF1,13,Abruzzo
2024-10-20,PAB,1,0,1,1,ITH,ITH1,4,Provincia Autonoma Bolzano / Bozen
2024-11-25,PAT,148,79,69,148,ITH,ITH2,4,Provincia Autonoma Trento
2024-11-16,MAR,124,63,61,124,ITI,ITI3,11,Marche
2024-12-01,EMR,58,25,33,58,ITH,ITH5,8,Emilia-Romagna
2024-11-14,MOL,5,4,1,5,ITF,ITF2,14,Molise
2024-11-17,PIE,17,6,11,17,ITC,ITC1,1,Piemonte
2024-11-27,LOM,3946,1800,2146,3946,ITC,ITC4,3,Lombardia
2024-12-03,LIG,497,235,262,497,ITC,ITC3,7,Liguria
2024-11-02,VDA,6,2,4,6,ITC,ITC2,2,Valle d'Aosta / Vallée d'Aoste
2024-10-28,MAR,318,164,154,318,ITI,ITI3,11,Marche
2024-11-06,LIG,564,269,295,564,ITC,ITC3,7,Liguria
2024-11-07,MAR,703,322,381,703,ITI,ITI3,11,Marche
2024-11-15,SIC,58,34,24,58,ITG,ITG1,19,Sicilia
2024-11-06,PAB,459,232,227,459,ITH,ITH1,4,Provincia Autonoma Bolzano / Bozen
2024-10-14,TOS,871,406,465,871,ITI,ITI1,9,Toscana
2024-10-24,LAZ,1176,593,583,1176,ITI,ITI4,12,Lazio
2024-11-08,LAZ,1450,694,756,1450,ITI,ITI4,12,Lazio
2024-10-15,EMR,2581,1246,1335,2581,ITH,ITH5,8,Emilia-Romagna
2024-12-04,VDA,40,13,27,40,ITC,ITC2,2,Valle d'Aosta / Vallée d'Aoste
2024-12-02,FVG,259,128,131,259,ITH,ITH4,6,Friuli-Venezia Giulia
2024-11-07,MOL,5,3,2,5,ITF,ITF2,14,Molise
2024-11-26,MAR,132,61,71,132,ITI,ITI3,11,Marche
2024-11-12,TOS,2031,934,1097,2031,ITI,ITI1,9,Toscana
2024-11-25,CAM,163,80,83,163,ITF,ITF3,15,Campania
2024-11-16,SIC,3,0,3,3,ITG,ITG1,19,Sicilia
2024-10-11,LIG,84,44,40,84,ITC,ITC3,7,Liguria
2024-11-18,LAZ,832,403,429,832,ITI,ITI4,12,Lazio
2024-11-05,ABR,255,138,117,255,ITF,ITF1,13,Abruzzo
2024-11-01,LAZ,20,8,12,20,ITI,ITI4,12,Lazio
2024-11-26,VDA,7,1,6,7,ITC,ITC2,2,Valle d'Aosta / Vallée d'Aoste
2024-10-23,PUG,361,192,169,361,ITF,ITF4,16,Puglia
2024-10-17,VEN,539,272,267,539,ITH,ITH3,5,Veneto
2024-11-09,LIG,77,36,41,77,ITC,ITC3,7,Liguria
2024-10-07,PIE,48,29,19,48,ITC,ITC1,1,Piemonte
2024-11-28,SAR,119,65,54,119,ITG,ITG2,20,Sardegna
2024-11-23,FVG,413,196,217,413,ITH,ITH4,6,Friuli-Venezia Giulia
2024-11-12,LAZ,1365,653,712,1365,ITI,ITI4,12,Lazio
2024-11-13,FVG,970,439,531,970,ITH,ITH4,6,Friuli-Venezia Giulia
2024-11-28,PIE,966,441,525,966,ITC,ITC1,1,Piemonte
2024-11-27,SAR,119,58,61,119,ITG,ITG2,20,Sardegna
2024-10-17,CAM,63,34,29,63,ITF,ITF3,15,Campania
2024-12-04,FVG,200,98,102,200,ITH,ITH4,6,Friuli-Venezia Giulia
2024-11-10,LAZ,49,20,29,49,ITI,ITI4,12,Lazio
2024-11-30,TOS,153,69,84,153,ITI,ITI1,9,Toscana
2024-10-30,PIE,1266,570,696,1266,ITC,ITC1,1,Piemonte
2024-10-18,CAM,56,27,29,56,ITF,ITF3,15,Campania
2024-10-15,VEN,591,276,315,591,ITH,ITH3,5,Veneto
2024-10-23,PAT,489,220,269,489,ITH,ITH2,4,Provincia Autonoma Trento
2024-10-30,ABR,134,79,55,134,ITF,ITF1,13,Abruzzo
2024-10-03,PIE,19,9,10,19,ITC,ITC1,1,Piemonte
2024-11-04,BAS,6,3,3,6,ITF,ITF5,17,Basilicata
2024-10-20,ABR,1,1,0,1,ITF,ITF1,13,Abruzzo
2024-11-11,MOL,6,5,1,6,ITF,ITF2,14,Molise
2024-10-05,LIG,5,2,3,5,ITC,ITC3,7,Liguria
2024-09-24,EMR,2,1,1,2,ITH,ITH5,8,Emilia-Romagna
