data,area,totale,m,f,d,N1,N2,ISTAT,reg
2023-11-25,FVG,668,350,318,668,ITH,ITH4,6,Friuli-Venezia Giulia
2023-12-05,PAT,581,265,316,581,ITH,ITH2,4,Provincia Autonoma Trento
2024-01-09,SAR,819,425,394,819,ITG,ITG2,20,Sardegna
2023-12-21,BAS,441,257,184,441,ITF,ITF5,17,Basilicata
2024-01-08,SIC,346,183,163,346,ITG,ITG1,19,Sicilia
2023-11-15,SAR,585,306,279,585,ITG,ITG2,20,Sardegna
2023-12-07,PIE,3448,1642,1806,3448,ITC,ITC1,1,Piemonte
2023-12-07,UMB,509,260,249,509,ITI,ITI2,10,Umbria
2024-01-02,FVG,431,222,209,431,ITH,ITH4,6,Friuli-Venezia Giulia
2023-10-30,VDA,102,55,47,102,ITC,ITC2,2,Valle d'Aosta / Vallée d'Aoste
2023-12-11,VDA,19,10,9,19,ITC,ITC2,2,Valle d'Aosta / Vallée d'Aoste
2023-12-15,VDA,123,61,62,123,ITC,ITC2,2,Valle d'Aosta / Vallée d'Aoste
2023-11-08,PIE,3141,1531,1610,3141,ITC,ITC1,1,Piemonte
2023-12-16,TOS,1192,594,598,1192,ITI,ITI1,9,Toscana
2023-11-17,CAM,477,261,216,477,ITF,ITF3,15,Campania
2024-01-03,SIC,473,262,211,473,ITG,ITG1,19,Sicilia
2023-12-04,LIG,836,393,443,836,ITC,ITC3,7,Liguria
2024-01-04,ABR,169,78,91,169,ITF,ITF1,13,Abruzzo
2023-11-22,BAS,49,25,24,49,ITF,ITF5,17,Basilicata
2023-10-10,LIG,61,16,45,61,ITC,ITC3,7,Liguria
2023-10-04,SAR,24,10,14,24,ITG,ITG2,20,Sardegna
2023-11-22,ABR,259,148,111,259,ITF,ITF1,13,Abruzzo
2023-12-28,CAM,918,499,419,918,ITF,ITF3,15,Campania
2024-01-17,CAL,131,56,75,131,ITF,ITF6,18,Calabria
2023-12-29,MAR,976,514,462,976,ITI,ITI3,11,Marche
2023-10-21,EMR,1056,514,542,1056,ITH,ITH5,8,Emilia-Romagna
2023-11-30,BAS,102,61,41,102,ITF,ITF5,17,Basilicata
2024-01-16,SIC,233,119,114,233,ITG,ITG1,19,Sicilia
2023-12-19,UMB,531,275,256,531,ITI,ITI2,10,Umbria
2024-01-11,PAB,40,15,25,40,ITH,ITH1,4,Provincia Autonoma Bolzano / Bozen
2023-11-27,EMR,3633,1718,1915,3633,ITH,ITH5,8,Emilia-Romagna
2023-12-02,VEN,1883,947,936,1883,ITH,ITH3,5,Veneto
2023-11-17,LOM,9040,4166,4874,9040,ITC,ITC4,3,Lombardia
2023-12-04,PIE,2026,941,1085,2026,ITC,ITC1,1,Piemonte
2024-01-17,LIG,586,272,314,586,ITC,ITC3,7,Liguria
2023-11-29,MOL,145,83,62,145,ITF,ITF2,14,Molise
2023-11-15,VEN,3103,1437,1666,3103,ITH,ITH3,5,Veneto
2023-10-25,LOM,9655,4631,5024,9655,ITC,ITC4,3,Lombardia
2024-01-12,FVG,591,253,338,591,ITH,ITH4,6,Friuli-Venezia Giulia
2023-11-06,SIC,55,28,27,55,ITG,ITG1,19,Sicilia
2024-01-11,UMB,261,107,154,261,ITI,ITI2,10,Umbria
2024-01-09,VEN,1407,713,694,1407,ITH,ITH3,5,Veneto
2023-11-30,SIC,317,168,149,317,ITG,ITG1,19,Sicilia
2023-10-20,VDA,149,71,78,149,ITC,ITC2,2,Valle d'Aosta / Vallée d'Aoste
2023-12-29,VDA,5,5,0,5,ITC,ITC2,2,Valle d'Aosta / Vallée d'Aoste
2023-11-27,VDA,69,34,35,69,ITC,ITC2,2,Valle d'Aosta / Vallée d'Aoste
2024-01-11,VEN,1139,586,553,1139,ITH,ITH3,5,Veneto
2023-12-02,FVG,693,342,351,693,ITH,ITH4,6,Friuli-Venezia Giulia
2023-12-23,CAM,150,79,71,150,ITF,ITF3,15,Campania
2024-01-11,SAR,647,325,322,647,ITG,ITG2,20,Sardegna
2023-11-02,MOL,32,16,16,32,ITF,ITF2,14,Molise
2024-01-12,UMB,314,153,161,314,ITI,ITI2,10,Umbria
2023-11-14,TOS,4793,2166,2627,4793,ITI,ITI1,9,Toscana
2023-12-12,EMR,5128,2511,2617,5128,ITH,ITH5,8,Emilia-Romagna
2023-12-30,SIC,116,62,54,116,ITG,ITG1,19,Sicilia
2023-09-29,LIG,86,27,59,86,ITC,ITC3,7,Liguria
2023-11-28,MAR,13,3,10,13,ITI,ITI3,11,Marche
2023-12-22,PIE,3390,1803,1587,3390,ITC,ITC1,1,Piemonte
2024-01-17,CAM,397,210,187,397,ITF,ITF3,15,Campania
2023-11-09,EMR,7802,3772,4030,7802,ITH,ITH5,8,Emilia-Romagna
2023-12-18,PIE,2548,1258,1290,2548,ITC,ITC1,1,Piemonte
2023-10-11,PIE,136,70,66,136,ITC,ITC1,1,Piemonte
2023-10-15,LAZ,61,26,35,61,ITI,ITI4,12,Lazio
2023-12-31,CAM,17,8,9,17,ITF,ITF3,15,Campania
2023-11-01,LAZ,25,11,14,25,ITI,ITI4,12,Lazio
2023-10-25,LIG,624,294,330,624,ITC,ITC3,7,Liguria
2023-11-24,MOL,37,23,14,37,ITF,ITF2,14,Molise
2023-11-16,PAT,660,334,326,660,ITH,ITH2,4,Provincia Autonoma Trento
2024-01-09,PUG,683,357,326,683,ITF,ITF4,16,Puglia
2023-12-23,LIG,283,156,127,283,ITC,ITC3,7,Liguria
2023-11-06,LAZ,1549,782,767,1549,ITI,ITI4,12,Lazio
2023-10-18,SAR,167,86,81,167,ITG,ITG2,20,Sardegna
2023-10-25,FVG,686,332,354,686,ITH,ITH4,6,Friuli-Venezia Giulia
2023-10-20,MAR,519,270,249,519,ITI,ITI3,11,Marche
2023-10-03,LAZ,56,28,28,56,ITI,ITI4,12,Lazio
2023-10-26,ABR,216,118,98,216,ITF,ITF1,13,Abruzzo
2023-11-28,ABR,465,216,249,465,ITF,ITF1,13,Abruzzo
2023-10-18,VEN,240,65,175,240,ITH,ITH3,5,Veneto
2023-11-26,LAZ,12,4,8,12,ITI,ITI4,12,Lazio
2023-11-16,PUG,1946,994,952,1946,ITF,ITF4,16,Puglia
2023-12-07,PAB,272,124,148,272,ITH,ITH1,4,Provincia Autonoma Bolzano / Bozen
2023-12-15,MAR,1059,513,546,1059,ITI,ITI3,11,Marche
2023-12-27,CAM,828,455,373,828,ITF,ITF3,15,Campania
2023-12-12,ABR,502,252,250,502,ITF,ITF1,13,Abruzzo
2024-01-09,PAT,204,97,107,204,ITH,ITH2,4,Provincia Autonoma Trento
2023-10-27,PIE,2149,1043,1106,2149,ITC,ITC1,1,Piemonte
2023-11-21,VDA,70,29,41,70,ITC,ITC2,2,Valle d'Aosta / Vallée d'Aoste
2023-11-21,ABR,334,186,148,334,ITF,ITF1,13,Abruzzo
2023-11-11,VEN,2400,1206,1194,2400,ITH,ITH3,5,Veneto
2024-01-04,MAR,273,147,126,273,ITI,ITI3,11,Marche
2023-12-23,PIE,1096,574,522,1096,ITC,ITC1,1,Piemonte
2023-11-20,TOS,4090,1884,2206,4090,ITI,ITI1,9,Toscana
2023-11-18,BAS,25,9,16,25,ITF,ITF5,17,Basilicata
2023-10-31,LAZ,1479,731,748,1479,ITI,ITI4,12,Lazio
2023-10-18,LOM,5862,2954,2908,5862,ITC,ITC4,3,Lombardia
2023-11-25,LOM,220,104,116,220,ITC,ITC4,3,Lombardia
2023-12-07,TOS,5015,2358,2657,5015,ITI,ITI1,9,Toscana
2023-12-29,ABR,307,171,136,307,ITF,ITF1,13,Abruzzo
2023-11-17,CAL,93,44,49,93,ITF,ITF6,18,Calabria
2023-10-13,FVG,40,18,22,40,ITH,ITH4,6,Friuli-Venezia Giulia
2023-10-10,CAM,64,39,25,64,ITF,ITF3,15,Campania
2023-10-11,TOS,618,294,324,618,ITI,ITI1,9,Toscana
2023-12-13,LAZ,4931,2356,2575,4931,ITI,ITI4,12,Lazio
2023-12-18,TOS,2880,1377,1503,2880,ITI,ITI1,9,Toscana
2023-12-04,CAM,676,382,294,676,ITF,ITF3,15,Campania
2023-11-17,LIG,689,350,339,689,ITC,ITC3,7,Liguria
2023-11-26,SIC,29,17,12,29,ITG,ITG1,19,Sicilia
2023-11-21,EMR,5877,2817,3060,5877,ITH,ITH5,8,Emilia-Romagna
2023-10-06,LAZ,69,40,29,69,ITI,ITI4,12,Lazio
2023-10-19,LAZ,363,170,193,363,ITI,ITI4,12,Lazio
2023-11-30,LAZ,3611,1803,1808,3611,ITI,ITI4,12,Lazio
2023-11-22,VDA,118,54,64,118,ITC,ITC2,2,Valle d'Aosta / Vallée d'Aoste
2023-11-11,UMB,371,172,199,371,ITI,ITI2,10,Umbria
2024-01-12,SIC,442,220,222,442,ITG,ITG1,19,Sicilia
2024-01-10,UMB,807,408,399,807,ITI,ITI2,10,Umbria
2024-01-04,VEN,959,463,496,959,ITH,ITH3,5,Veneto
2023-11-16,LAZ,2619,1283,1336,2619,ITI,ITI4,12,Lazio
2023-10-27,MAR,910,478,432,910,ITI,ITI3,11,Marche
2023-12-20,UMB,921,482,439,921,ITI,ITI2,10,Umbria
2023-10-19,PAT,318,146,172,318,ITH,ITH2,4,Provincia Autonoma Trento
2023-12-22,SIC,889,498,391,889,ITG,ITG1,19,Sicilia
2024-01-06,LAZ,1120,565,555,1120,ITI,ITI4,12,Lazio
2023-11-03,LAZ,1720,864,856,1720,ITI,ITI4,12,Lazio
2023-12-28,EMR,1895,917,978,1895,ITH,ITH5,8,Emilia-Romagna
2023-10-05,PIE,14,9,5,14,ITC,ITC1,1,Piemonte
2023-11-13,LIG,394,190,204,394,ITC,ITC3,7,Liguria
2024-01-11,MAR,323,163,160,323,ITI,ITI3,11,Marche
2023-10-21,LAZ,442,217,225,442,ITI,ITI4,12,Lazio
2023-11-14,PAT,454,226,228,454,ITH,ITH2,4,Provincia Autonoma Trento
2023-11-07,UMB,492,233,259,492,ITI,ITI2,10,Umbria
2023-11-05,MAR,28,11,17,28,ITI,ITI3,11,Marche
2023-11-14,ABR,291,143,148,291,ITF,ITF1,13,Abruzzo
2023-11-18,LIG,257,127,130,257,ITC,ITC3,7,Liguria
2023-10-19,PUG,487,261,226,487,ITF,ITF4,16,Puglia
2024-01-13,EMR,491,221,270,491,ITH,ITH5,8,Emilia-Romagna
2023-10-14,TOS,358,182,176,358,ITI,ITI1,9,Toscana
2023-11-25,MOL,116,61,55,116,ITF,ITF2,14,Molise
2023-12-29,TOS,2090,1009,1081,2090,ITI,ITI1,9,Toscana
2024-01-14,LAZ,627,295,332,627,ITI,ITI4,12,Lazio
2024-01-18,CAM,166,96,70,166,ITF,ITF3,15,Campania
2023-10-27,LAZ,1377,692,685,1377,ITI,ITI4,12,Lazio
2023-12-27,SIC,580,286,294,580,ITG,ITG1,19,Sicilia
2023-12-02,PIE,1197,604,593,1197,ITC,ITC1,1,Piemonte
2023-11-16,MAR,859,429,430,859,ITI,ITI3,11,Marche
2023-10-03,PUG,10,7,3,10,ITF,ITF4,16,Puglia
2023-12-30,FVG,39,21,18,39,ITH,ITH4,6,Friuli-Venezia Giulia
2023-11-12,MOL,16,10,6,16,ITF,ITF2,14,Molise
2023-10-31,PAT,448,243,205,448,ITH,ITH2,4,Provincia Autonoma Trento
2024-01-13,LOM,1201,569,632,1201,ITC,ITC4,3,Lombardia
2023-11-27,CAL,211,118,93,211,ITF,ITF6,18,Calabria
2023-12-14,VDA,63,30,33,63,ITC,ITC2,2,Valle d'Aosta / Vallée d'Aoste
2023-11-14,PUG,1869,960,909,1869,ITF,ITF4,16,Puglia
2023-12-17,PIE,416,227,189,416,ITC,ITC1,1,Piemonte
2023-11-29,SAR,860,435,425,860,ITG,ITG2,20,Sardegna
2023-11-14,BAS,24,10,14,24,ITF,ITF5,17,Basilicata
2023-10-05,SAR,42,23,19,42,ITG,ITG2,20,Sardegna
2024-01-05,ABR,818,431,387,818,ITF,ITF1,13,Abruzzo
2023-12-21,LIG,1833,928,905,1833,ITC,ITC3,7,Liguria
2023-12-27,EMR,1258,598,660,1258,ITH,ITH5,8,Emilia-Romagna
2023-10-22,LOM,381,190,191,381,ITC,ITC4,3,Lombardia
2023-12-20,LIG,2358,1112,1246,2358,ITC,ITC3,7,Liguria
2023-10-31,PUG,877,451,426,877,ITF,ITF4,16,Puglia
2023-11-16,VDA,121,59,62,121,ITC,ITC2,2,Valle d'Aosta / Vallée d'Aoste
2024-01-13,VEN,1137,559,578,1137,ITH,ITH3,5,Veneto
2024-01-08,CAM,398,227,171,398,ITF,ITF3,15,Campania
2023-10-12,LIG,126,48,78,126,ITC,ITC3,7,Liguria
2023-10-09,FVG,48,26,22,48,ITH,ITH4,6,Friuli-Venezia Giulia
2023-11-18,PAB,9,2,7,9,ITH,ITH1,4,Provincia Autonoma Bolzano / Bozen
2024-01-07,TOS,11,4,7,11,ITI,ITI1,9,Toscana
2023-10-26,LAZ,841,412,429,841,ITI,ITI4,12,Lazio
2023-10-09,LOM,380,153,227,380,ITC,ITC4,3,Lombardia
2023-10-16,CAM,166,94,72,166,ITF,ITF3,15,Campania
2023-11-09,LIG,1058,530,528,1058,ITC,ITC3,7,Liguria
2023-12-31,FVG,1,0,1,1,ITH,ITH4,6,Friuli-Venezia Giulia
2023-11-15,MAR,779,384,395,779,ITI,ITI3,11,Marche
2023-12-15,PUG,3682,1815,1867,3682,ITF,ITF4,16,Puglia
2024-01-18,CAL,27,18,9,27,ITF,ITF6,18,Calabria
2023-11-23,FVG,1257,584,673,1257,ITH,ITH4,6,Friuli-Venezia Giulia
2023-11-18,UMB,235,120,115,235,ITI,ITI2,10,Umbria
2023-11-06,FVG,950,421,529,950,ITH,ITH4,6,Friuli-Venezia Giulia
2023-11-07,PAB,552,279,273,552,ITH,ITH1,4,Provincia Autonoma Bolzano / Bozen
2023-10-17,PAB,494,251,243,494,ITH,ITH1,4,Provincia Autonoma Bolzano / Bozen
2024-01-12,LAZ,1997,940,1057,1997,ITI,ITI4,12,Lazio
2023-11-29,VEN,4589,2175,2414,4589,ITH,ITH3,5,Veneto
2023-11-28,PUG,1886,968,918,1886,ITF,ITF4,16,Puglia
2023-10-17,LIG,350,149,201,350,ITC,ITC3,7,Liguria
2023-12-14,MAR,1115,556,559,1115,ITI,ITI3,11,Marche
2023-11-29,LOM,10715,5093,5622,10715,ITC,ITC4,3,Lombardia
2024-01-03,UMB,218,108,110,218,ITI,ITI2,10,Umbria
2023-12-20,PAB,489,272,217,489,ITH,ITH1,4,Provincia Autonoma Bolzano / Bozen
2023-10-11,FVG,72,36,36,72,ITH,ITH4,6,Friuli-Venezia Giulia
2023-11-28,PAT,465,212,253,465,ITH,ITH2,4,Provincia Autonoma Trento
2023-11-15,SIC,208,113,95,208,ITG,ITG1,19,Sicilia
2024-01-09,ABR,153,85,68,153,ITF,ITF1,13,Abruzzo
2023-10-16,LOM,4579,2411,2168,4579,ITC,ITC4,3,Lombardia
2023-11-15,LAZ,2450,1214,1236,2450,ITI,ITI4,12,Lazio
2023-10-22,EMR,105,50,55,105,ITH,ITH5,8,Emilia-Romagna
2023-10-21,TOS,864,437,427,864,ITI,ITI1,9,Toscana
2024-01-04,SAR,1461,703,758,1461,ITG,ITG2,20,Sardegna
2023-11-06,PUG,1243,648,595,1243,ITF,ITF4,16,Puglia
2023-12-29,PUG,1328,685,643,1328,ITF,ITF4,16,Puglia
2024-01-13,CAL,153,88,65,153,ITF,ITF6,18,Calabria
2024-01-02,MOL,48,26,22,48,ITF,ITF2,14,Molise
2024-01-18,FVG,269,134,135,269,ITH,ITH4,6,Friuli-Venezia Giulia
2023-11-23,VDA,89,51,38,89,ITC,ITC2,2,Valle d'Aosta / Vallée d'Aoste
2023-11-06,CAL,60,32,28,60,ITF,ITF6,18,Calabria
2023-10-29,UMB,3,1,2,3,ITI,ITI2,10,Umbria
2023-12-05,BAS,256,134,122,256,ITF,ITF5,17,Basilicata
2023-12-01,LIG,1150,589,561,1150,ITC,ITC3,7,Liguria
2024-01-03,PIE,1214,597,617,1214,ITC,ITC1,1,Piemonte
2023-10-24,PUG,1095,583,512,1095,ITF,ITF4,16,Puglia
2023-12-29,PAT,2089,1069,1020,2089,ITH,ITH2,4,Provincia Autonoma Trento
2023-10-27,VDA,220,98,122,220,ITC,ITC2,2,Valle d'Aosta / Vallée d'Aoste
2023-11-13,UMB,415,201,214,415,ITI,ITI2,10,Umbria
2023-12-12,LAZ,4904,2385,2519,4904,ITI,ITI4,12,Lazio
2023-11-11,SIC,72,40,32,72,ITG,ITG1,19,Sicilia
2023-12-15,PAT,451,224,227,451,ITH,ITH2,4,Provincia Autonoma Trento
2023-11-21,MOL,47,29,18,47,ITF,ITF2,14,Molise
2024-01-05,UMB,152,75,77,152,ITI,ITI2,10,Umbria
2023-10-24,TOS,2453,1131,1322,2453,ITI,ITI1,9,Toscana
2023-12-17,CAM,80,41,39,80,ITF,ITF3,15,Campania
2024-01-06,SIC,3,2,1,3,ITG,ITG1,19,Sicilia
2023-11-13,PAB,200,77,123,200,ITH,ITH1,4,Provincia Autonoma Bolzano / Bozen
2023-10-22,ABR,5,3,2,5,ITF,ITF1,13,Abruzzo
2023-10-25,MOL,74,40,34,74,ITF,ITF2,14,Molise
2023-11-04,SIC,18,12,6,18,ITG,ITG1,19,Sicilia
2023-12-03,CAM,20,12,8,20,ITF,ITF3,15,Campania
2024-01-04,PAB,6,2,4,6,ITH,ITH1,4,Provincia Autonoma Bolzano / Bozen
2023-12-24,SIC,6,4,2,6,ITG,ITG1,19,Sicilia
2023-10-22,VEN,6,4,2,6,ITH,ITH3,5,Veneto
2023-10-03,FVG,6,2,4,6,ITH,ITH4,6,Friuli-Venezia Giulia
2024-01-01,SIC,3,2,1,3,ITG,ITG1,19,Sicilia
2023-12-26,UMB,1,0,1,1,ITI,ITI2,10,Umbria
2023-10-18,TOS,1079,521,558,1079,ITI,ITI1,9,Toscana
2023-12-26,LOM,111,44,67,111,ITC,ITC4,3,Lombardia
2023-10-30,UMB,321,160,161,321,ITI,ITI2,10,Umbria
2023-11-18,LOM,6308,2986,3322,6308,ITC,ITC4,3,Lombardia
2024-01-18,EMR,794,363,431,794,ITH,ITH5,8,Emilia-Romagna
2023-12-09,LOM,3911,1996,1915,3911,ITC,ITC4,3,Lombardia
2024-01-16,LOM,2289,1031,1258,2289,ITC,ITC4,3,Lombardia
2023-11-17,FVG,1350,660,690,1350,ITH,ITH4,6,Friuli-Venezia Giulia
2023-12-21,MOL,138,66,72,138,ITF,ITF2,14,Molise
2023-10-11,LOM,451,173,278,451,ITC,ITC4,3,Lombardia
2023-12-29,FVG,835,408,427,835,ITH,ITH4,6,Friuli-Venezia Giulia
2023-12-05,PAB,372,178,194,372,ITH,ITH1,4,Provincia Autonoma Bolzano / Bozen
2023-11-30,ABR,403,212,191,403,ITF,ITF1,13,Abruzzo
2023-11-07,PIE,2560,1199,1361,2560,ITC,ITC1,1,Piemonte
2024-01-03,LOM,1990,941,1049,1990,ITC,ITC4,3,Lombardia
2023-11-09,LOM,10350,4854,5496,10350,ITC,ITC4,3,Lombardia
2023-10-24,PAT,593,268,325,593,ITH,ITH2,4,Provincia Autonoma Trento
2023-10-19,MAR,370,177,193,370,ITI,ITI3,11,Marche
2023-10-18,PIE,420,219,201,420,ITC,ITC1,1,Piemonte
2023-10-17,SAR,129,64,65,129,ITG,ITG2,20,Sardegna
2024-01-16,ABR,133,64,69,133,ITF,ITF1,13,Abruzzo
2023-11-27,SAR,545,276,269,545,ITG,ITG2,20,Sardegna
2023-10-27,LOM,9150,4350,4800,9150,ITC,ITC4,3,Lombardia
2023-11-21,UMB,603,285,318,603,ITI,ITI2,10,Umbria
2023-12-12,CAL,447,247,200,447,ITF,ITF6,18,Calabria
2023-12-18,SAR,799,397,402,799,ITG,ITG2,20,Sardegna
2023-12-13,CAM,1602,869,733,1602,ITF,ITF3,15,Campania
2023-12-28,FVG,1127,565,562,1127,ITH,ITH4,6,Friuli-Venezia Giulia
2023-11-23,CAL,114,67,47,114,ITF,ITF6,18,Calabria
2023-10-10,LAZ,200,114,86,200,ITI,ITI4,12,Lazio
2023-11-26,CAM,19,10,9,19,ITF,ITF3,15,Campania
2023-11-12,EMR,817,386,431,817,ITH,ITH5,8,Emilia-Romagna
2023-11-24,CAM,369,208,161,369,ITF,ITF3,15,Campania
2023-10-31,ABR,174,100,74,174,ITF,ITF1,13,Abruzzo
2023-11-16,EMR,6728,3183,3545,6728,ITH,ITH5,8,Emilia-Romagna
2023-12-14,SIC,827,434,393,827,ITG,ITG1,19,Sicilia
2023-11-01,MAR,34,12,22,34,ITI,ITI3,11,Marche
2023-11-05,VEN,49,30,19,49,ITH,ITH3,5,Veneto
2023-10-20,EMR,2231,1085,1146,2231,ITH,ITH5,8,Emilia-Romagna
2023-12-04,SIC,385,207,178,385,ITG,ITG1,19,Sicilia
2023-11-02,UMB,417,218,199,417,ITI,ITI2,10,Umbria
2024-01-17,LAZ,1686,771,915,1686,ITI,ITI4,12,Lazio
2023-11-15,TOS,6244,2874,3370,6244,ITI,ITI1,9,Toscana
2024-01-09,TOS,833,396,437,833,ITI,ITI1,9,Toscana
2023-12-15,UMB,746,367,379,746,ITI,ITI2,10,Umbria
2023-11-11,ABR,74,42,32,74,ITF,ITF1,13,Abruzzo
2023-12-30,PIE,780,399,381,780,ITC,ITC1,1,Piemonte
2023-10-10,FVG,48,25,23,48,ITH,ITH4,6,Friuli-Venezia Giulia
2023-11-04,PIE,1381,679,702,1381,ITC,ITC1,1,Piemonte
2024-01-04,LAZ,2694,1299,1395,2694,ITI,ITI4,12,Lazio
2024-01-15,LOM,2067,953,1114,2067,ITC,ITC4,3,Lombardia
2023-11-15,EMR,6902,3277,3625,6902,ITH,ITH5,8,Emilia-Romagna
2023-10-17,MAR,231,109,122,231,ITI,ITI3,11,Marche
2024-01-07,CAM,36,18,18,36,ITF,ITF3,15,Campania
2023-10-02,CAM,4,3,1,4,ITF,ITF3,15,Campania
2024-01-08,PIE,753,385,368,753,ITC,ITC1,1,Piemonte
2023-12-22,LAZ,3327,1647,1680,3327,ITI,ITI4,12,Lazio
2023-11-24,LIG,584,283,301,584,ITC,ITC3,7,Liguria
2023-10-03,CAM,29,18,11,29,ITF,ITF3,15,Campania
2023-11-24,PAB,190,98,92,190,ITH,ITH1,4,Provincia Autonoma Bolzano / Bozen
2023-10-19,VDA,114,59,55,114,ITC,ITC2,2,Valle d'Aosta / Vallée d'Aoste
2024-01-18,PAB,27,10,17,27,ITH,ITH1,4,Provincia Autonoma Bolzano / Bozen
2024-01-12,VDA,40,20,20,40,ITC,ITC2,2,Valle d'Aosta / Vallée d'Aoste
2023-10-12,TOS,803,360,443,803,ITI,ITI1,9,Toscana
2023-10-13,ABR,67,33,34,67,ITF,ITF1,13,Abruzzo
2023-11-19,TOS,215,96,119,215,ITI,ITI1,9,Toscana
2023-12-28,SIC,723,386,337,723,ITG,ITG1,19,Sicilia
2023-11-03,CAL,74,35,39,74,ITF,ITF6,18,Calabria
2023-10-12,PAB,565,292,273,565,ITH,ITH1,4,Provincia Autonoma Bolzano / Bozen
2023-11-06,PIE,1620,806,814,1620,ITC,ITC1,1,Piemonte
2023-12-19,ABR,602,301,301,602,ITF,ITF1,13,Abruzzo
2023-12-12,SAR,954,483,471,954,ITG,ITG2,20,Sardegna
2023-10-26,PAT,609,294,315,609,ITH,ITH2,4,Provincia Autonoma Trento
2023-10-26,SIC,56,28,28,56,ITG,ITG1,19,Sicilia
2023-11-27,UMB,376,194,182,376,ITI,ITI2,10,Umbria
2023-11-21,SAR,499,243,256,499,ITG,ITG2,20,Sardegna
2023-10-19,CAM,298,169,129,298,ITF,ITF3,15,Campania
2024-01-17,FVG,350,158,192,350,ITH,ITH4,6,Friuli-Venezia Giulia
2023-10-26,PUG,1343,668,675,1343,ITF,ITF4,16,Puglia
2023-12-10,LIG,12,5,7,12,ITC,ITC3,7,Liguria
2023-11-13,VEN,1856,885,971,1856,ITH,ITH3,5,Veneto
2023-11-09,VEN,2475,1155,1320,2475,ITH,ITH3,5,Veneto
2023-12-14,PUG,3214,1628,1586,3214,ITF,ITF4,16,Puglia
2023-10-13,MAR,100,55,45,100,ITI,ITI3,11,Marche
2023-12-10,LOM,611,297,314,611,ITC,ITC4,3,Lombardia
2023-11-04,ABR,38,22,16,38,ITF,ITF1,13,Abruzzo
2023-12-08,UMB,18,7,11,18,ITI,ITI2,10,Umbria
2023-12-15,LAZ,4306,2022,2284,4306,ITI,ITI4,12,Lazio
2023-11-28,FVG,1259,610,649,1259,ITH,ITH4,6,Friuli-Venezia Giulia
2023-11-28,LAZ,3300,1620,1680,3300,ITI,ITI4,12,Lazio
2023-11-06,ABR,163,91,72,163,ITF,ITF1,13,Abruzzo
2024-01-02,PUG,475,234,241,475,ITF,ITF4,16,Puglia
2023-11-23,SAR,605,326,279,605,ITG,ITG2,20,Sardegna
2023-12-29,LAZ,2364,1173,1191,2364,ITI,ITI4,12,Lazio
2023-12-20,TOS,4083,2012,2071,4083,ITI,ITI1,9,Toscana
2024-01-05,SIC,407,207,200,407,ITG,ITG1,19,Sicilia
2023-10-20,LAZ,747,376,371,747,ITI,ITI4,12,Lazio
2023-12-18,CAL,605,334,271,605,ITF,ITF6,18,Calabria
2023-11-10,UMB,690,324,366,690,ITI,ITI2,10,Umbria
2023-12-03,PUG,72,39,33,72,ITF,ITF4,16,Puglia
2023-12-31,CAL,4,1,3,4,ITF,ITF6,18,Calabria
2023-11-11,PIE,1881,936,945,1881,ITC,ITC1,1,Piemonte
2023-12-22,VEN,3338,1777,1561,3338,ITH,ITH3,5,Veneto
2023-11-02,LAZ,1369,651,718,1369,ITI,ITI4,12,Lazio
2023-10-16,PAB,150,72,78,150,ITH,ITH1,4,Provincia Autonoma Bolzano / Bozen
2023-11-20,CAM,441,257,184,441,ITF,ITF3,15,Campania
2024-01-14,PUG,12,7,5,12,ITF,ITF4,16,Puglia
2023-11-13,BAS,20,11,9,20,ITF,ITF5,17,Basilicata
2023-12-26,SIC,6,3,3,6,ITG,ITG1,19,Sicilia
2023-10-15,TOS,15,9,6,15,ITI,ITI1,9,Toscana
2023-11-28,VDA,77,40,37,77,ITC,ITC2,2,Valle d'Aosta / Vallée d'Aoste
2024-01-14,CAL,7,6,1,7,ITF,ITF6,18,Calabria
2023-12-31,PIE,17,8,9,17,ITC,ITC1,1,Piemonte
2023-12-26,LAZ,6,2,4,6,ITI,ITI4,12,Lazio
2023-12-08,ABR,12,5,7,12,ITF,ITF1,13,Abruzzo
2023-12-26,BAS,6,3,3,6,ITF,ITF5,17,Basilicata
2023-10-13,PAT,54,24,30,54,ITH,ITH2,4,Provincia Autonoma Trento
2023-10-28,SIC,10,3,7,10,ITG,ITG1,19,Sicilia
2024-01-14,PAT,1,1,0,1,ITH,ITH2,4,Provincia Autonoma Trento
2024-01-06,UMB,13,3,10,13,ITI,ITI2,10,Umbria
2023-10-29,SIC,3,2,1,3,ITG,ITG1,19,Sicilia
2023-12-22,LOM,7677,3762,3915,7677,ITC,ITC4,3,Lombardia
2023-12-05,ABR,492,240,252,492,ITF,ITF1,13,Abruzzo
2023-11-08,FVG,1058,512,546,1058,ITH,ITH4,6,Friuli-Venezia Giulia
2023-12-05,LOM,10141,4822,5319,10141,ITC,ITC4,3,Lombardia
2023-11-14,VEN,2752,1304,1448,2752,ITH,ITH3,5,Veneto
2023-12-18,PAT,483,243,240,483,ITH,ITH2,4,Provincia Autonoma Trento
2023-11-30,MOL,110,59,51,110,ITF,ITF2,14,Molise
2023-11-21,BAS,32,17,15,32,ITF,ITF5,17,Basilicata
2024-01-17,LOM,1960,901,1059,1960,ITC,ITC4,3,Lombardia
2023-10-11,PUG,217,111,106,217,ITF,ITF4,16,Puglia
2023-12-20,CAM,1758,942,816,1758,ITF,ITF3,15,Campania
2023-10-27,PUG,1017,534,483,1017,ITF,ITF4,16,Puglia
2023-11-14,CAL,229,146,83,229,ITF,ITF6,18,Calabria
2023-12-21,TOS,7262,3637,3625,7262,ITI,ITI1,9,Toscana
2023-11-09,SIC,142,76,66,142,ITG,ITG1,19,Sicilia
2023-11-04,MAR,394,188,206,394,ITI,ITI3,11,Marche
2023-10-17,PIE,384,190,194,384,ITC,ITC1,1,Piemonte
2023-12-07,FVG,934,454,480,934,ITH,ITH4,6,Friuli-Venezia Giulia
2023-11-12,LAZ,200,90,110,200,ITI,ITI4,12,Lazio
2023-10-09,LAZ,127,80,47,127,ITI,ITI4,12,Lazio
2023-10-06,TOS,228,103,125,228,ITI,ITI1,9,Toscana
2023-12-30,MOL,2,1,1,2,ITF,ITF2,14,Molise
2024-01-06,EMR,36,17,19,36,ITH,ITH5,8,Emilia-Romagna
2023-11-29,PUG,1992,966,1026,1992,ITF,ITF4,16,Puglia
2023-12-21,LAZ,4896,2359,2537,4896,ITI,ITI4,12,Lazio
2023-11-10,LIG,820,394,426,820,ITC,ITC3,7,Liguria
2023-11-16,SAR,502,246,256,502,ITG,ITG2,20,Sardegna
2023-12-14,PAB,132,64,68,132,ITH,ITH1,4,Provincia Autonoma Bolzano / Bozen
2023-11-14,SAR,544,275,269,544,ITG,ITG2,20,Sardegna
2024-01-15,SIC,179,83,96,179,ITG,ITG1,19,Sicilia
2023-10-17,CAM,314,180,134,314,ITF,ITF3,15,Campania
2023-11-19,PIE,153,74,79,153,ITC,ITC1,1,Piemonte
2023-11-27,ABR,368,180,188,368,ITF,ITF1,13,Abruzzo
2023-11-10,CAL,66,31,35,66,ITF,ITF6,18,Calabria
2023-10-27,PAT,428,192,236,428,ITH,ITH2,4,Provincia Autonoma Trento
2023-11-01,TOS,129,52,77,129,ITI,ITI1,9,Toscana
2023-12-22,LIG,1216,609,607,1216,ITC,ITC3,7,Liguria
2023-11-27,BAS,34,18,16,34,ITF,ITF5,17,Basilicata
2023-12-04,FVG,879,416,463,879,ITH,ITH4,6,Friuli-Venezia Giulia
2023-11-05,PIE,68,26,42,68,ITC,ITC1,1,Piemonte
2023-12-17,SIC,37,13,24,37,ITG,ITG1,19,Sicilia
2023-10-18,MAR,392,216,176,392,ITI,ITI3,11,Marche
2023-11-23,LIG,1264,639,625,1264,ITC,ITC3,7,Liguria
2023-12-16,UMB,138,62,76,138,ITI,ITI2,10,Umbria
2023-12-10,PUG,98,51,47,98,ITF,ITF4,16,Puglia
2023-11-13,CAM,335,178,157,335,ITF,ITF3,15,Campania
2023-10-10,LOM,582,257,325,582,ITC,ITC4,3,Lombardia
2023-11-09,LAZ,2287,1081,1206,2287,ITI,ITI4,12,Lazio
2023-11-18,SIC,33,12,21,33,ITG,ITG1,19,Sicilia
2023-11-10,CAM,325,184,141,325,ITF,ITF3,15,Campania
2023-12-14,CAM,1427,780,647,1427,ITF,ITF3,15,Campania
2023-11-18,LAZ,1666,813,853,1666,ITI,ITI4,12,Lazio
2023-12-28,CAL,577,318,259,577,ITF,ITF6,18,Calabria
2023-11-16,VEN,3427,1673,1754,3427,ITH,ITH3,5,Veneto
2024-01-13,TOS,248,108,140,248,ITI,ITI1,9,Toscana
2023-12-28,LIG,1254,617,637,1254,ITC,ITC3,7,Liguria
2023-12-16,VEN,4810,2424,2386,4810,ITH,ITH3,5,Veneto
2023-11-07,LIG,1557,800,757,1557,ITC,ITC3,7,Liguria
2023-10-27,SAR,175,81,94,175,ITG,ITG2,20,Sardegna
2023-11-20,CAL,163,78,85,163,ITF,ITF6,18,Calabria
2023-11-01,PIE,152,76,76,152,ITC,ITC1,1,Piemonte
2023-12-06,TOS,5706,2681,3025,5706,ITI,ITI1,9,Toscana
2023-11-15,CAL,230,138,92,230,ITF,ITF6,18,Calabria
2024-01-13,LAZ,668,324,344,668,ITI,ITI4,12,Lazio
2023-12-22,CAM,458,248,210,458,ITF,ITF3,15,Campania
2023-11-17,EMR,5794,2768,3026,5794,ITH,ITH5,8,Emilia-Romagna
2023-12-19,FVG,1249,613,636,1249,ITH,ITH4,6,Friuli-Venezia Giulia
2023-11-29,PAT,396,201,195,396,ITH,ITH2,4,Provincia Autonoma Trento
2023-11-23,PAB,456,188,268,456,ITH,ITH1,4,Provincia Autonoma Bolzano / Bozen
2023-10-23,LAZ,587,275,312,587,ITI,ITI4,12,Lazio
2023-11-08,PAT,620,277,343,620,ITH,ITH2,4,Provincia Autonoma Trento
2023-11-02,CAM,283,143,140,283,ITF,ITF3,15,Campania
2023-10-18,ABR,113,61,52,113,ITF,ITF1,13,Abruzzo
2023-11-11,MAR,349,178,171,349,ITI,ITI3,11,Marche
2023-12-27,CAL,276,153,123,276,ITF,ITF6,18,Calabria
2023-12-17,LAZ,1773,890,883,1773,ITI,ITI4,12,Lazio
2023-11-23,CAM,500,271,229,500,ITF,ITF3,15,Campania
2023-11-02,CAL,42,15,27,42,ITF,ITF6,18,Calabria
2023-12-14,LIG,2027,927,1100,2027,ITC,ITC3,7,Liguria
2023-11-08,PUG,1678,845,833,1678,ITF,ITF4,16,Puglia
2023-12-27,LOM,4990,2460,2530,4990,ITC,ITC4,3,Lombardia
2023-11-02,LOM,9571,4599,4972,9571,ITC,ITC4,3,Lombardia
2023-11-07,CAM,344,206,138,344,ITF,ITF3,15,Campania
2023-11-15,LOM,10444,4750,5694,10444,ITC,ITC4,3,Lombardia
2023-10-23,TOS,2231,1044,1187,2231,ITI,ITI1,9,Toscana
2023-11-23,PIE,3178,1469,1709,3178,ITC,ITC1,1,Piemonte
2023-11-13,PIE,1954,901,1053,1954,ITC,ITC1,1,Piemonte
2023-12-23,LOM,2520,1267,1253,2520,ITC,ITC4,3,Lombardia
2023-11-06,MOL,86,46,40,86,ITF,ITF2,14,Molise
2023-12-05,EMR,5483,2657,2826,5483,ITH,ITH5,8,Emilia-Romagna
2023-12-18,PUG,2285,1164,1121,2285,ITF,ITF4,16,Puglia
2023-11-12,SIC,22,14,8,22,ITG,ITG1,19,Sicilia
2023-12-27,LIG,1147,562,585,1147,ITC,ITC3,7,Liguria
2023-10-27,VEN,1660,772,888,1660,ITH,ITH3,5,Veneto
2023-11-02,LIG,780,389,391,780,ITC,ITC3,7,Liguria
2023-12-23,FVG,51,27,24,51,ITH,ITH4,6,Friuli-Venezia Giulia
2023-12-09,SIC,61,33,28,61,ITG,ITG1,19,Sicilia
2024-01-07,MAR,9,4,5,9,ITI,ITI3,11,Marche
2023-12-30,ABR,11,5,6,11,ITF,ITF1,13,Abruzzo
2023-10-11,VEN,6,2,4,6,ITH,ITH3,5,Veneto
2023-11-11,VDA,81,33,48,81,ITC,ITC2,2,Valle d'Aosta / Vallée d'Aoste
2023-11-04,VDA,109,57,52,109,ITC,ITC2,2,Valle d'Aosta / Vallée d'Aoste
2023-10-13,CAL,6,4,2,6,ITF,ITF6,18,Calabria
2023-12-06,MOL,234,124,110,234,ITF,ITF2,14,Molise
2023-11-06,BAS,5,3,2,5,ITF,ITF5,17,Basilicata
2023-11-01,VDA,1,0,1,1,ITC,ITC2,2,Valle d'Aosta / Vallée d'Aoste
2023-12-23,MAR,15,10,5,15,ITI,ITI3,11,Marche
2023-10-14,PAB,21,7,14,21,ITH,ITH1,4,Provincia Autonoma Bolzano / Bozen
2023-12-03,PAT,9,6,3,9,ITH,ITH2,4,Provincia Autonoma Trento
2023-12-26,MAR,1,0,1,1,ITI,ITI3,11,Marche
2023-10-13,LAZ,248,119,129,248,ITI,ITI4,12,Lazio
2023-12-29,CAM,633,342,291,633,ITF,ITF3,15,Campania
2023-12-01,VEN,3709,1834,1875,3709,ITH,ITH3,5,Veneto
2023-12-03,PIE,47,24,23,47,ITC,ITC1,1,Piemonte
2023-12-28,VDA,49,27,22,49,ITC,ITC2,2,Valle d'Aosta / Vallée d'Aoste
2023-12-30,PUG,162,90,72,162,ITF,ITF4,16,Puglia
2023-10-10,MAR,5,3,2,5,ITI,ITI3,11,Marche
2024-01-03,MOL,73,41,32,73,ITF,ITF2,14,Molise
2023-12-30,CAL,85,44,41,85,ITF,ITF6,18,Calabria
2023-10-12,SAR,48,27,21,48,ITG,ITG2,20,Sardegna
2023-10-31,FVG,1068,505,563,1068,ITH,ITH4,6,Friuli-Venezia Giulia
2024-01-08,PAT,165,67,98,165,ITH,ITH2,4,Provincia Autonoma Trento
2023-12-22,ABR,326,176,150,326,ITF,ITF1,13,Abruzzo
2023-11-12,UMB,127,73,54,127,ITI,ITI2,10,Umbria
2023-11-30,PAT,682,345,337,682,ITH,ITH2,4,Provincia Autonoma Trento
2023-11-10,LOM,9911,4603,5308,9911,ITC,ITC4,3,Lombardia
2023-12-21,PAB,457,256,201,457,ITH,ITH1,4,Provincia Autonoma Bolzano / Bozen
2023-11-08,BAS,30,22,8,30,ITF,ITF5,17,Basilicata
2024-01-04,CAL,193,117,76,193,ITF,ITF6,18,Calabria
2024-01-15,PIE,754,367,387,754,ITC,ITC1,1,Piemonte
2023-11-19,EMR,324,144,180,324,ITH,ITH5,8,Emilia-Romagna
2024-01-01,LAZ,204,108,96,204,ITI,ITI4,12,Lazio
2023-11-29,FVG,1340,634,706,1340,ITH,ITH4,6,Friuli-Venezia Giulia
2023-12-12,PIE,3424,1664,1760,3424,ITC,ITC1,1,Piemonte
2023-11-30,PUG,2242,1077,1165,2242,ITF,ITF4,16,Puglia
2023-11-09,PAB,551,266,285,551,ITH,ITH1,4,Provincia Autonoma Bolzano / Bozen
2023-10-23,LIG,290,145,145,290,ITC,ITC3,7,Liguria
2023-11-23,LOM,9062,4223,4839,9062,ITC,ITC4,3,Lombardia
2023-10-26,CAM,402,225,177,402,ITF,ITF3,15,Campania
2023-12-24,LAZ,229,115,114,229,ITI,ITI4,12,Lazio
2024-01-17,ABR,138,64,74,138,ITF,ITF1,13,Abruzzo
2023-10-03,VEN,1,1,0,1,ITH,ITH3,5,Veneto
2023-11-19,LOM,493,236,257,493,ITC,ITC4,3,Lombardia
2023-10-09,SAR,66,32,34,66,ITG,ITG2,20,Sardegna
2023-12-09,TOS,531,261,270,531,ITI,ITI1,9,Toscana
2023-10-16,PAT,226,76,150,226,ITH,ITH2,4,Provincia Autonoma Trento
2023-10-12,LOM,563,245,318,563,ITC,ITC4,3,Lombardia
2023-11-23,ABR,437,218,219,437,ITF,ITF1,13,Abruzzo
2023-11-02,VDA,164,72,92,164,ITC,ITC2,2,Valle d'Aosta / Vallée d'Aoste
2023-12-27,VDA,82,38,44,82,ITC,ITC2,2,Valle d'Aosta / Vallée d'Aoste
2023-11-28,CAM,522,270,252,522,ITF,ITF3,15,Campania
2023-10-24,LIG,854,358,496,854,ITC,ITC3,7,Liguria
2023-11-11,LAZ,998,495,503,998,ITI,ITI4,12,Lazio
2023-12-19,LAZ,5729,2678,3051,5729,ITI,ITI4,12,Lazio
2023-10-28,PUG,396,211,185,396,ITF,ITF4,16,Puglia
2023-11-27,MOL,65,34,31,65,ITF,ITF2,14,Molise
2023-10-30,MOL,25,12,13,25,ITF,ITF2,14,Molise
2023-10-17,EMR,1212,589,623,1212,ITH,ITH5,8,Emilia-Romagna
2023-12-06,LIG,1613,761,852,1613,ITC,ITC3,7,Liguria
2023-11-01,EMR,267,113,154,267,ITH,ITH5,8,Emilia-Romagna
2024-01-08,PUG,481,246,235,481,ITF,ITF4,16,Puglia
2024-01-10,MOL,56,29,27,56,ITF,ITF2,14,Molise
2023-11-07,LOM,10458,4834,5624,10458,ITC,ITC4,3,Lombardia
2023-10-20,SAR,120,59,61,120,ITG,ITG2,20,Sardegna
2023-10-29,PUG,62,39,23,62,ITF,ITF4,16,Puglia
2023-12-01,SAR,864,436,428,864,ITG,ITG2,20,Sardegna
2024-01-04,LIG,480,236,244,480,ITC,ITC3,7,Liguria
2023-12-23,ABR,48,30,18,48,ITF,ITF1,13,Abruzzo
2023-10-23,PAB,216,99,117,216,ITH,ITH1,4,Provincia Autonoma Bolzano / Bozen
2023-10-23,FVG,332,166,166,332,ITH,ITH4,6,Friuli-Venezia Giulia
2023-11-15,VDA,154,85,69,154,ITC,ITC2,2,Valle d'Aosta / Vallée d'Aoste
2024-01-13,UMB,63,26,37,63,ITI,ITI2,10,Umbria
2023-10-09,PAB,80,39,41,80,ITH,ITH1,4,Provincia Autonoma Bolzano / Bozen
2023-10-17,LOM,4983,2595,2388,4983,ITC,ITC4,3,Lombardia
2023-12-11,CAL,382,205,177,382,ITF,ITF6,18,Calabria
2023-10-24,CAM,354,199,155,354,ITF,ITF3,15,Campania
2024-01-10,PAT,80,41,39,80,ITH,ITH2,4,Provincia Autonoma Trento
2023-11-18,PIE,1255,638,617,1255,ITC,ITC1,1,Piemonte
2023-12-11,PUG,1858,963,895,1858,ITF,ITF4,16,Puglia
2023-12-19,BAS,578,293,285,578,ITF,ITF5,17,Basilicata
2023-12-15,MOL,129,67,62,129,ITF,ITF2,14,Molise
2023-11-12,VEN,112,63,49,112,ITH,ITH3,5,Veneto
2024-01-13,FVG,24,14,10,24,ITH,ITH4,6,Friuli-Venezia Giulia
2023-12-23,BAS,80,43,37,80,ITF,ITF5,17,Basilicata
2023-11-13,EMR,3937,1892,2045,3937,ITH,ITH5,8,Emilia-Romagna
2023-11-02,MAR,625,307,318,625,ITI,ITI3,11,Marche
2023-12-22,VDA,17,7,10,17,ITC,ITC2,2,Valle d'Aosta / Vallée d'Aoste
2023-12-27,MAR,398,212,186,398,ITI,ITI3,11,Marche
2024-01-14,SIC,4,2,2,4,ITG,ITG1,19,Sicilia
2023-12-20,LOM,11190,5438,5752,11190,ITC,ITC4,3,Lombardia
2023-11-16,SIC,260,141,119,260,ITG,ITG1,19,Sicilia
2023-12-28,ABR,397,200,197,397,ITF,ITF1,13,Abruzzo
2023-12-20,CAL,577,314,263,577,ITF,ITF6,18,Calabria
2023-12-06,PAB,414,217,197,414,ITH,ITH1,4,Provincia Autonoma Bolzano / Bozen
2023-12-28,MAR,602,341,261,602,ITI,ITI3,11,Marche
2023-11-24,MAR,844,434,410,844,ITI,ITI3,11,Marche
2024-01-16,PIE,1029,522,507,1029,ITC,ITC1,1,Piemonte
2024-01-10,PUG,805,410,395,805,ITF,ITF4,16,Puglia
2023-11-05,EMR,192,102,90,192,ITH,ITH5,8,Emilia-Romagna
2024-01-18,LOM,1751,782,969,1751,ITC,ITC4,3,Lombardia
2023-10-24,PIE,1307,628,679,1307,ITC,ITC1,1,Piemonte
2024-01-07,LAZ,1786,924,862,1786,ITI,ITI4,12,Lazio
2024-01-09,SIC,372,187,185,372,ITG,ITG1,19,Sicilia
2024-01-04,CAM,225,114,111,225,ITF,ITF3,15,Campania
2023-12-26,PIE,99,51,48,99,ITC,ITC1,1,Piemonte
2023-12-07,BAS,188,110,78,188,ITF,ITF5,17,Basilicata
2023-12-02,LAZ,2411,1192,1219,2411,ITI,ITI4,12,Lazio
2023-12-06,UMB,1073,525,548,1073,ITI,ITI2,10,Umbria
2023-11-02,ABR,172,96,76,172,ITF,ITF1,13,Abruzzo
2023-12-27,ABR,240,125,115,240,ITF,ITF1,13,Abruzzo
2023-11-09,PIE,2957,1420,1537,2957,ITC,ITC1,1,Piemonte
2023-10-15,VEN,3,1,2,3,ITH,ITH3,5,Veneto
2023-10-22,TOS,19,7,12,19,ITI,ITI1,9,Toscana
2023-11-09,BAS,15,12,3,15,ITF,ITF5,17,Basilicata
2023-12-05,VDA,72,37,35,72,ITC,ITC2,2,Valle d'Aosta / Vallée d'Aoste
2024-01-05,PAB,12,5,7,12,ITH,ITH1,4,Provincia Autonoma Bolzano / Bozen
2023-10-28,MOL,42,12,30,42,ITF,ITF2,14,Molise
2024-01-08,MOL,75,34,41,75,ITF,ITF2,14,Molise
2023-11-19,CAM,14,5,9,14,ITF,ITF3,15,Campania
2023-10-22,PAB,3,2,1,3,ITH,ITH1,4,Provincia Autonoma Bolzano / Bozen
2023-12-02,MAR,2,1,1,2,ITI,ITI3,11,Marche
2023-09-27,EMR,1,1,0,1,ITH,ITH5,8,Emilia-Romagna
2023-11-05,CAM,6,3,3,6,ITF,ITF3,15,Campania
2023-09-30,TOS,1,1,0,1,ITI,ITI1,9,Toscana
2023-12-10,CAL,1,1,0,1,ITF,ITF6,18,Calabria
2023-11-22,PAB,513,252,261,513,ITH,ITH1,4,Provincia Autonoma Bolzano / Bozen
2023-11-08,TOS,6450,2949,3501,6450,ITI,ITI1,9,Toscana
2023-12-12,TOS,4114,1967,2147,4114,ITI,ITI1,9,Toscana
2023-11-07,EMR,6359,2947,3412,6359,ITH,ITH5,8,Emilia-Romagna
2023-11-25,CAM,180,92,88,180,ITF,ITF3,15,Campania
2023-11-09,MOL,78,25,53,78,ITF,ITF2,14,Molise
2023-10-13,PIE,202,112,90,202,ITC,ITC1,1,Piemonte
2023-10-05,CAM,40,24,16,40,ITF,ITF3,15,Campania
2023-10-07,VEN,1,1,0,1,ITH,ITH3,5,Veneto
2023-12-05,PUG,2133,1080,1053,2133,ITF,ITF4,16,Puglia
2023-10-26,TOS,4666,2174,2492,4666,ITI,ITI1,9,Toscana
2023-12-05,CAL,430,231,199,430,ITF,ITF6,18,Calabria
2024-01-02,CAM,439,230,209,439,ITF,ITF3,15,Campania
2023-11-18,VEN,1878,907,971,1878,ITH,ITH3,5,Veneto
2024-01-12,LIG,666,328,338,666,ITC,ITC3,7,Liguria
2023-10-27,TOS,4085,1927,2158,4085,ITI,ITI1,9,Toscana
2024-01-10,CAM,669,360,309,669,ITF,ITF3,15,Campania
2023-12-30,MAR,88,38,50,88,ITI,ITI3,11,Marche
2023-10-29,EMR,329,170,159,329,ITH,ITH5,8,Emilia-Romagna
2023-12-26,VEN,284,153,131,284,ITH,ITH3,5,Veneto
2024-01-04,LOM,3113,1469,1644,3113,ITC,ITC4,3,Lombardia
2023-10-25,PIE,1800,816,984,1800,ITC,ITC1,1,Piemonte
2024-01-03,FVG,475,220,255,475,ITH,ITH4,6,Friuli-Venezia Giulia
2023-11-29,BAS,107,58,49,107,ITF,ITF5,17,Basilicata
2024-01-03,CAL,246,147,99,246,ITF,ITF6,18,Calabria
2024-01-10,FVG,301,139,162,301,ITH,ITH4,6,Friuli-Venezia Giulia
2023-11-27,PUG,1264,653,611,1264,ITF,ITF4,16,Puglia
2023-12-23,LAZ,3754,2025,1729,3754,ITI,ITI4,12,Lazio
2023-10-20,PAB,302,152,150,302,ITH,ITH1,4,Provincia Autonoma Bolzano / Bozen
2023-12-15,FVG,1020,486,534,1020,ITH,ITH4,6,Friuli-Venezia Giulia
2023-11-21,PAB,560,281,279,560,ITH,ITH1,4,Provincia Autonoma Bolzano / Bozen
2023-11-27,PAT,70,22,48,70,ITH,ITH2,4,Provincia Autonoma Trento
2024-01-11,SIC,549,269,280,549,ITG,ITG1,19,Sicilia
2023-10-18,PUG,452,246,206,452,ITF,ITF4,16,Puglia
2023-10-28,LIG,102,40,62,102,ITC,ITC3,7,Liguria
2023-12-11,MAR,650,317,333,650,ITI,ITI3,11,Marche
2023-11-24,LAZ,2223,1075,1148,2223,ITI,ITI4,12,Lazio
2024-01-02,LOM,2117,1009,1108,2117,ITC,ITC4,3,Lombardia
2023-12-01,SIC,377,196,181,377,ITG,ITG1,19,Sicilia
2023-11-04,VEN,1735,868,867,1735,ITH,ITH3,5,Veneto
2023-12-27,MOL,138,75,63,138,ITF,ITF2,14,Molise
2023-12-25,CAM,13,9,4,13,ITF,ITF3,15,Campania
2023-11-28,TOS,4505,2080,2425,4505,ITI,ITI1,9,Toscana
2023-11-19,FVG,46,19,27,46,ITH,ITH4,6,Friuli-Venezia Giulia
2023-11-15,MOL,97,57,40,97,ITF,ITF2,14,Molise
2023-12-26,EMR,78,39,39,78,ITH,ITH5,8,Emilia-Romagna
2023-10-07,PIE,47,24,23,47,ITC,ITC1,1,Piemonte
2023-11-04,UMB,175,82,93,175,ITI,ITI2,10,Umbria
2023-12-17,FVG,19,9,10,19,ITH,ITH4,6,Friuli-Venezia Giulia
2023-12-03,LOM,658,321,337,658,ITC,ITC4,3,Lombardia
2023-10-11,LAZ,160,90,70,160,ITI,ITI4,12,Lazio
2023-11-26,EMR,339,170,169,339,ITH,ITH5,8,Emilia-Romagna
2023-12-11,LIG,1778,880,898,1778,ITC,ITC3,7,Liguria
2023-12-21,SAR,942,462,480,942,ITG,ITG2,20,Sardegna
2023-12-13,EMR,5975,2934,3041,5975,ITH,ITH5,8,Emilia-Romagna
2023-12-07,SIC,463,252,211,463,ITG,ITG1,19,Sicilia
2023-10-16,FVG,121,64,57,121,ITH,ITH4,6,Friuli-Venezia Giulia
2024-01-04,PIE,1138,539,599,1138,ITC,ITC1,1,Piemonte
2023-12-21,EMR,4832,2409,2423,4832,ITH,ITH5,8,Emilia-Romagna
2023-11-03,LIG,691,352,339,691,ITC,ITC3,7,Liguria
2023-12-06,MAR,61,31,30,61,ITI,ITI3,11,Marche
2024-01-04,UMB,328,166,162,328,ITI,ITI2,10,Umbria
2023-11-24,SIC,228,119,109,228,ITG,ITG1,19,Sicilia
2023-11-11,PAB,36,17,19,36,ITH,ITH1,4,Provincia Autonoma Bolzano / Bozen
2023-11-27,PIE,2333,1064,1269,2333,ITC,ITC1,1,Piemonte
2023-10-30,LIG,411,207,204,411,ITC,ITC3,7,Liguria
2023-11-22,SAR,754,383,371,754,ITG,ITG2,20,Sardegna
2023-12-28,BAS,215,106,109,215,ITF,ITF5,17,Basilicata
2023-11-09,UMB,709,339,370,709,ITI,ITI2,10,Umbria
2023-10-13,PAB,232,121,111,232,ITH,ITH1,4,Provincia Autonoma Bolzano / Bozen
2023-11-29,ABR,360,178,182,360,ITF,ITF1,13,Abruzzo
2023-10-02,LAZ,17,7,10,17,ITI,ITI4,12,Lazio
2023-12-10,LAZ,196,89,107,196,ITI,ITI4,12,Lazio
2023-11-18,EMR,2184,1065,1119,2184,ITH,ITH5,8,Emilia-Romagna
2023-11-22,UMB,671,334,337,671,ITI,ITI2,10,Umbria
2024-01-10,CAL,242,131,111,242,ITF,ITF6,18,Calabria
2023-12-15,CAM,1433,821,612,1433,ITF,ITF3,15,Campania
2024-01-03,CAM,511,288,223,511,ITF,ITF3,15,Campania
2023-11-17,LAZ,2577,1245,1332,2577,ITI,ITI4,12,Lazio
2023-10-11,MAR,4,2,2,4,ITI,ITI3,11,Marche
2023-12-16,MAR,733,363,370,733,ITI,ITI3,11,Marche
2023-12-18,BAS,271,144,127,271,ITF,ITF5,17,Basilicata
2023-10-20,LIG,84,33,51,84,ITC,ITC3,7,Liguria
2023-10-25,CAM,302,179,123,302,ITF,ITF3,15,Campania
2023-11-22,VEN,3771,1715,2056,3771,ITH,ITH3,5,Veneto
2023-10-29,LOM,640,314,326,640,ITC,ITC4,3,Lombardia
2024-01-13,PUG,61,31,30,61,ITF,ITF4,16,Puglia
2024-01-08,FVG,282,127,155,282,ITH,ITH4,6,Friuli-Venezia Giulia
2024-01-05,FVG,378,201,177,378,ITH,ITH4,6,Friuli-Venezia Giulia
2023-10-29,VEN,35,19,16,35,ITH,ITH3,5,Veneto
2023-12-19,TOS,3330,1623,1707,3330,ITI,ITI1,9,Toscana
2023-11-26,LOM,1046,516,530,1046,ITC,ITC4,3,Lombardia
2023-12-08,VEN,1170,577,593,1170,ITH,ITH3,5,Veneto
2023-10-30,PAB,185,83,102,185,ITH,ITH1,4,Provincia Autonoma Bolzano / Bozen
2023-10-12,EMR,55,24,31,55,ITH,ITH5,8,Emilia-Romagna
2023-12-20,EMR,5563,2810,2753,5563,ITH,ITH5,8,Emilia-Romagna
2023-12-21,VEN,4386,2236,2150,4386,ITH,ITH3,5,Veneto
2024-01-08,LOM,2698,1283,1415,2698,ITC,ITC4,3,Lombardia
2023-11-22,EMR,6166,3016,3150,6166,ITH,ITH5,8,Emilia-Romagna
2023-11-22,CAM,550,302,248,550,ITF,ITF3,15,Campania
2023-11-04,LAZ,726,371,355,726,ITI,ITI4,12,Lazio
2024-01-17,MAR,148,67,81,148,ITI,ITI3,11,Marche
2023-11-23,EMR,6320,3031,3289,6320,ITH,ITH5,8,Emilia-Romagna
2023-11-09,TOS,8150,3857,4293,8150,ITI,ITI1,9,Toscana
2023-12-01,PUG,2342,1175,1167,2342,ITF,ITF4,16,Puglia
2023-12-04,ABR,378,199,179,378,ITF,ITF1,13,Abruzzo
2023-12-17,TOS,42,15,27,42,ITI,ITI1,9,Toscana
2023-12-21,UMB,1134,557,577,1134,ITI,ITI2,10,Umbria
2023-10-27,SIC,66,38,28,66,ITG,ITG1,19,Sicilia
2023-11-06,PAT,425,207,218,425,ITH,ITH2,4,Provincia Autonoma Trento
2023-12-14,ABR,668,344,324,668,ITF,ITF1,13,Abruzzo
2023-10-12,VEN,6,1,5,6,ITH,ITH3,5,Veneto
2024-01-07,SIC,8,6,2,8,ITG,ITG1,19,Sicilia
2023-10-10,ABR,74,39,35,74,ITF,ITF1,13,Abruzzo
2023-11-10,VDA,165,76,89,165,ITC,ITC2,2,Valle d'Aosta / Vallée d'Aoste
2023-11-20,MAR,587,312,275,587,ITI,ITI3,11,Marche
2023-12-01,PAT,688,357,331,688,ITH,ITH2,4,Provincia Autonoma Trento
2023-11-13,LOM,8609,4034,4575,8609,ITC,ITC4,3,Lombardia
2024-01-18,VEN,749,350,399,749,ITH,ITH3,5,Veneto
2023-12-09,PIE,695,335,360,695,ITC,ITC1,1,Piemonte
2024-01-18,SAR,374,188,186,374,ITG,ITG2,20,Sardegna
2023-12-04,BAS,90,53,37,90,ITF,ITF5,17,Basilicata
2023-12-08,MOL,1,0,1,1,ITF,ITF2,14,Molise
2023-10-28,PAT,47,16,31,47,ITH,ITH2,4,Provincia Autonoma Trento
2023-10-29,PIE,23,11,12,23,ITC,ITC1,1,Piemonte
2023-11-12,PAB,2,2,0,2,ITH,ITH1,4,Provincia Autonoma Bolzano / Bozen
2023-12-31,ABR,1,1,0,1,ITF,ITF1,13,Abruzzo
2023-12-30,PAT,6,2,4,6,ITH,ITH2,4,Provincia Autonoma Trento
2023-10-30,LAZ,933,454,479,933,ITI,ITI4,12,Lazio
2023-12-12,FVG,1197,581,616,1197,ITH,ITH4,6,Friuli-Venezia Giulia
2023-10-25,SAR,213,105,108,213,ITG,ITG2,20,Sardegna
2023-10-18,FVG,140,77,63,140,ITH,ITH4,6,Friuli-Venezia Giulia
2023-12-16,LAZ,2427,1165,1262,2427,ITI,ITI4,12,Lazio
2023-10-18,CAM,341,195,146,341,ITF,ITF3,15,Campania
2023-11-03,VDA,196,91,105,196,ITC,ITC2,2,Valle d'Aosta / Vallée d'Aoste
2023-10-23,MAR,387,192,195,387,ITI,ITI3,11,Marche
2023-11-13,MOL,86,52,34,86,ITF,ITF2,14,Molise
2024-01-08,ABR,89,45,44,89,ITF,ITF1,13,Abruzzo
2023-11-29,PIE,2793,1328,1465,2793,ITC,ITC1,1,Piemonte
2023-12-11,LAZ,3411,1625,1786,3411,ITI,ITI4,12,Lazio
2023-11-29,UMB,783,398,385,783,ITI,ITI2,10,Umbria
2023-12-13,SIC,628,333,295,628,ITG,ITG1,19,Sicilia
2023-12-18,LIG,1227,563,664,1227,ITC,ITC3,7,Liguria
2023-12-22,MOL,90,50,40,90,ITF,ITF2,14,Molise
2023-10-13,EMR,88,36,52,88,ITH,ITH5,8,Emilia-Romagna
2024-01-03,ABR,158,83,75,158,ITF,ITF1,13,Abruzzo
2023-11-17,TOS,6687,3164,3523,6687,ITI,ITI1,9,Toscana
2024-01-02,UMB,92,40,52,92,ITI,ITI2,10,Umbria
2024-01-17,PAT,80,36,44,80,ITH,ITH2,4,Provincia Autonoma Trento
2023-11-22,SIC,219,119,100,219,ITG,ITG1,19,Sicilia
2023-10-25,UMB,39,34,5,39,ITI,ITI2,10,Umbria
2024-01-03,BAS,91,52,39,91,ITF,ITF5,17,Basilicata
2023-10-28,MAR,739,376,363,739,ITI,ITI3,11,Marche
2023-11-21,SIC,249,127,122,249,ITG,ITG1,19,Sicilia
2023-10-30,MAR,418,201,217,418,ITI,ITI3,11,Marche
2023-10-02,TOS,286,162,124,286,ITI,ITI1,9,Toscana
2023-12-12,VDA,87,41,46,87,ITC,ITC2,2,Valle d'Aosta / Vallée d'Aoste
2023-10-18,CAL,12,9,3,12,ITF,ITF6,18,Calabria
2023-11-12,MAR,78,41,37,78,ITI,ITI3,11,Marche
2023-10-20,SIC,33,20,13,33,ITG,ITG1,19,Sicilia
2023-12-25,EMR,10,6,4,10,ITH,ITH5,8,Emilia-Romagna
2023-12-28,VEN,2341,1193,1148,2341,ITH,ITH3,5,Veneto
2023-12-23,PUG,230,108,122,230,ITF,ITF4,16,Puglia
2023-12-18,PAB,112,53,59,112,ITH,ITH1,4,Provincia Autonoma Bolzano / Bozen
2023-12-28,SAR,596,275,321,596,ITG,ITG2,20,Sardegna
2023-11-30,VDA,86,41,45,86,ITC,ITC2,2,Valle d'Aosta / Vallée d'Aoste
2023-12-07,LIG,1749,860,889,1749,ITC,ITC3,7,Liguria
2023-11-20,PAB,141,63,78,141,ITH,ITH1,4,Provincia Autonoma Bolzano / Bozen
2024-01-07,PUG,21,19,2,21,ITF,ITF4,16,Puglia
2023-11-07,MOL,73,41,32,73,ITF,ITF2,14,Molise
2024-01-02,VEN,229,110,119,229,ITH,ITH3,5,Veneto
2024-01-10,ABR,151,74,77,151,ITF,ITF1,13,Abruzzo
2023-10-04,LIG,12,4,8,12,ITC,ITC3,7,Liguria
2024-01-05,MOL,33,13,20,33,ITF,ITF2,14,Molise
2023-11-11,MOL,38,5,33,38,ITF,ITF2,14,Molise
2023-12-01,LAZ,3531,1738,1793,3531,ITI,ITI4,12,Lazio
2023-12-19,PUG,3123,1617,1506,3123,ITF,ITF4,16,Puglia
2023-11-25,VEN,2223,1083,1140,2223,ITH,ITH3,5,Veneto
2023-12-11,SIC,440,250,190,440,ITG,ITG1,19,Sicilia
2023-12-15,BAS,413,202,211,413,ITF,ITF5,17,Basilicata
2024-01-17,TOS,538,239,299,538,ITI,ITI1,9,Toscana
2023-11-27,FVG,750,368,382,750,ITH,ITH4,6,Friuli-Venezia Giulia
2023-11-07,BAS,30,20,10,30,ITF,ITF5,17,Basilicata
2023-10-28,LAZ,716,348,368,716,ITI,ITI4,12,Lazio
2023-10-25,PAB,615,302,313,615,ITH,ITH1,4,Provincia Autonoma Bolzano / Bozen
2023-11-14,CAM,469,283,186,469,ITF,ITF3,15,Campania
2023-12-02,PUG,340,184,156,340,ITF,ITF4,16,Puglia
2023-10-30,SIC,30,19,11,30,ITG,ITG1,19,Sicilia
2023-12-30,LAZ,1243,655,588,1243,ITI,ITI4,12,Lazio
2024-01-09,CAM,683,381,302,683,ITF,ITF3,15,Campania
2023-10-28,VDA,86,42,44,86,ITC,ITC2,2,Valle d'Aosta / Vallée d'Aoste
2024-01-09,FVG,584,293,291,584,ITH,ITH4,6,Friuli-Venezia Giulia
2023-12-19,PAT,739,341,398,739,ITH,ITH2,4,Provincia Autonoma Trento
2024-01-02,ABR,101,46,55,101,ITF,ITF1,13,Abruzzo
2023-12-23,TOS,651,353,298,651,ITI,ITI1,9,Toscana
2023-10-21,MAR,211,103,108,211,ITI,ITI3,11,Marche
2023-11-14,PIE,2883,1339,1544,2883,ITC,ITC1,1,Piemonte
2023-12-05,PIE,3155,1480,1675,3155,ITC,ITC1,1,Piemonte
2023-12-01,MAR,32,10,22,32,ITI,ITI3,11,Marche
2023-11-25,EMR,1983,980,1003,1983,ITH,ITH5,8,Emilia-Romagna
2023-11-20,LIG,608,300,308,608,ITC,ITC3,7,Liguria
2023-12-31,LAZ,421,193,228,421,ITI,ITI4,12,Lazio
2024-01-02,SAR,303,150,153,303,ITG,ITG2,20,Sardegna
2023-11-02,PUG,1262,645,617,1262,ITF,ITF4,16,Puglia
2023-10-25,VEN,980,348,632,980,ITH,ITH3,5,Veneto
2023-11-24,TOS,6636,3122,3514,6636,ITI,ITI1,9,Toscana
2024-01-02,EMR,878,440,438,878,ITH,ITH5,8,Emilia-Romagna
2024-01-17,PUG,495,243,252,495,ITF,ITF4,16,Puglia
2023-11-29,PAB,543,250,293,543,ITH,ITH1,4,Provincia Autonoma Bolzano / Bozen
2023-11-06,VDA,103,51,52,103,ITC,ITC2,2,Valle d'Aosta / Vallée d'Aoste
2023-12-08,SIC,1,1,0,1,ITG,ITG1,19,Sicilia
2024-01-04,EMR,1159,548,611,1159,ITH,ITH5,8,Emilia-Romagna
2023-12-17,CAL,128,55,73,128,ITF,ITF6,18,Calabria
2023-11-08,VDA,212,106,106,212,ITC,ITC2,2,Valle d'Aosta / Vallée d'Aoste
2023-12-17,PUG,78,41,37,78,ITF,ITF4,16,Puglia
2024-01-13,ABR,28,12,16,28,ITF,ITF1,13,Abruzzo
2023-12-24,UMB,6,2,4,6,ITI,ITI2,10,Umbria
2023-12-16,SIC,155,76,79,155,ITG,ITG1,19,Sicilia
2023-12-25,PIE,14,8,6,14,ITC,ITC1,1,Piemonte
2023-11-05,SIC,3,2,1,3,ITG,ITG1,19,Sicilia
2023-10-09,PUG,14,7,7,14,ITF,ITF4,16,Puglia
2024-01-13,PAT,9,5,4,9,ITH,ITH2,4,Provincia Autonoma Trento
2023-12-08,PAB,1,1,0,1,ITH,ITH1,4,Provincia Autonoma Bolzano / Bozen
2023-12-10,VDA,1,0,1,1,ITC,ITC2,2,Valle d'Aosta / Vallée d'Aoste
2023-11-08,CAM,407,228,179,407,ITF,ITF3,15,Campania
2023-12-09,ABR,84,38,46,84,ITF,ITF1,13,Abruzzo
2023-12-07,VDA,45,20,25,45,ITC,ITC2,2,Valle d'Aosta / Vallée d'Aoste
2023-12-08,FVG,593,309,284,593,ITH,ITH4,6,Friuli-Venezia Giulia
2023-11-16,UMB,797,384,413,797,ITI,ITI2,10,Umbria
2023-12-13,LOM,11296,5489,5807,11296,ITC,ITC4,3,Lombardia
2023-10-05,TOS,421,224,197,421,ITI,ITI1,9,Toscana
2023-11-09,MAR,1167,542,625,1167,ITI,ITI3,11,Marche
2023-11-03,EMR,5505,2631,2874,5505,ITH,ITH5,8,Emilia-Romagna
2024-01-17,SIC,259,127,132,259,ITG,ITG1,19,Sicilia
2023-11-16,TOS,9032,4154,4878,9032,ITI,ITI1,9,Toscana
2023-12-21,CAM,1773,1013,760,1773,ITF,ITF3,15,Campania
2023-12-11,SAR,851,432,419,851,ITG,ITG2,20,Sardegna
2023-12-11,UMB,457,228,229,457,ITI,ITI2,10,Umbria
2023-11-09,ABR,330,178,152,330,ITF,ITF1,13,Abruzzo
2023-11-17,PUG,2290,1159,1131,2290,ITF,ITF4,16,Puglia
2023-10-16,SAR,125,63,62,125,ITG,ITG2,20,Sardegna
2023-12-03,EMR,245,111,134,245,ITH,ITH5,8,Emilia-Romagna
2023-11-17,MOL,44,27,17,44,ITF,ITF2,14,Molise
2023-10-06,LOM,240,99,141,240,ITC,ITC4,3,Lombardia
2023-10-04,PIE,20,14,6,20,ITC,ITC1,1,Piemonte
2023-10-19,LOM,6109,3022,3087,6109,ITC,ITC4,3,Lombardia
2023-12-22,MAR,753,389,364,753,ITI,ITI3,11,Marche
2023-12-13,FVG,1117,555,562,1117,ITH,ITH4,6,Friuli-Venezia Giulia
2023-12-16,EMR,2656,1353,1303,2656,ITH,ITH5,8,Emilia-Romagna
2023-10-11,ABR,52,29,23,52,ITF,ITF1,13,Abruzzo
2024-01-03,PAB,12,5,7,12,ITH,ITH1,4,Provincia Autonoma Bolzano / Bozen
2023-11-07,SAR,168,94,74,168,ITG,ITG2,20,Sardegna
2024-01-09,PIE,1319,638,681,1319,ITC,ITC1,1,Piemonte
2023-11-17,SIC,190,104,86,190,ITG,ITG1,19,Sicilia
2023-11-19,SIC,28,16,12,28,ITG,ITG1,19,Sicilia
2023-12-11,TOS,3274,1551,1723,3274,ITI,ITI1,9,Toscana
2023-11-29,EMR,5788,2791,2997,5788,ITH,ITH5,8,Emilia-Romagna
2023-11-08,LIG,916,445,471,916,ITC,ITC3,7,Liguria
2023-11-25,PUG,291,150,141,291,ITF,ITF4,16,Puglia
2024-01-11,VDA,12,8,4,12,ITC,ITC2,2,Valle d'Aosta / Vallée d'Aoste
2023-12-27,PIE,1649,828,821,1649,ITC,ITC1,1,Piemonte
2024-01-11,PIE,1594,760,834,1594,ITC,ITC1,1,Piemonte
2023-11-19,VEN,96,41,55,96,ITH,ITH3,5,Veneto
2023-10-31,CAL,60,30,30,60,ITF,ITF6,18,Calabria
2024-01-10,EMR,1359,676,683,1359,ITH,ITH5,8,Emilia-Romagna
2024-01-06,CAL,68,37,31,68,ITF,ITF6,18,Calabria
2023-11-10,LAZ,2517,1208,1309,2517,ITI,ITI4,12,Lazio
2024-01-18,LAZ,1453,665,788,1453,ITI,ITI4,12,Lazio
2023-11-13,PAT,461,230,231,461,ITH,ITH2,4,Provincia Autonoma Trento
2024-01-01,LOM,24,11,13,24,ITC,ITC4,3,Lombardia
2023-10-13,LIG,56,18,38,56,ITC,ITC3,7,Liguria
2023-12-15,PIE,4694,2277,2417,4694,ITC,ITC1,1,Piemonte
2023-12-01,PIE,3782,1855,1927,3782,ITC,ITC1,1,Piemonte
2023-11-14,EMR,5823,2782,3041,5823,ITH,ITH5,8,Emilia-Romagna
2023-11-13,PUG,1254,609,645,1254,ITF,ITF4,16,Puglia
2023-11-20,LOM,8656,4068,4588,8656,ITC,ITC4,3,Lombardia
2023-11-12,CAM,12,5,7,12,ITF,ITF3,15,Campania
2023-12-17,EMR,338,156,182,338,ITH,ITH5,8,Emilia-Romagna
2023-10-20,TOS,2175,1054,1121,2175,ITI,ITI1,9,Toscana
2023-11-27,TOS,3686,1749,1937,3686,ITI,ITI1,9,Toscana
2023-11-07,PUG,1306,650,656,1306,ITF,ITF4,16,Puglia
2023-10-17,SIC,21,11,10,21,ITG,ITG1,19,Sicilia
2024-01-03,EMR,1094,546,548,1094,ITH,ITH5,8,Emilia-Romagna
2023-12-07,ABR,502,244,258,502,ITF,ITF1,13,Abruzzo
2023-12-05,UMB,629,319,310,629,ITI,ITI2,10,Umbria
2023-12-24,LOM,244,125,119,244,ITC,ITC4,3,Lombardia
2023-11-20,ABR,260,127,133,260,ITF,ITF1,13,Abruzzo
2023-12-11,PAB,107,56,51,107,ITH,ITH1,4,Provincia Autonoma Bolzano / Bozen
2024-01-08,UMB,108,55,53,108,ITI,ITI2,10,Umbria
2023-11-28,MOL,38,21,17,38,ITF,ITF2,14,Molise
2023-12-02,BAS,66,31,35,66,ITF,ITF5,17,Basilicata
2023-11-02,TOS,3759,1831,1928,3759,ITI,ITI1,9,Toscana
2023-12-05,LAZ,4197,2043,2154,4197,ITI,ITI4,12,Lazio
2023-11-10,FVG,1102,512,590,1102,ITH,ITH4,6,Friuli-Venezia Giulia
2023-11-11,LIG,158,69,89,158,ITC,ITC3,7,Liguria
2023-10-25,PUG,1119,550,569,1119,ITF,ITF4,16,Puglia
2023-11-07,PAT,562,285,277,562,ITH,ITH2,4,Provincia Autonoma Trento
2023-11-05,LAZ,64,22,42,64,ITI,ITI4,12,Lazio
2023-12-19,CAL,627,349,278,627,ITF,ITF6,18,Calabria
2023-11-27,LAZ,2366,1196,1170,2366,ITI,ITI4,12,Lazio
2023-10-28,TOS,1250,644,606,1250,ITI,ITI1,9,Toscana
2023-10-25,PAT,418,196,222,418,ITH,ITH2,4,Provincia Autonoma Trento
2024-01-02,PAT,65,36,29,65,ITH,ITH2,4,Provincia Autonoma Trento
2023-10-23,VDA,146,67,79,146,ITC,ITC2,2,Valle d'Aosta / Vallée d'Aoste
2024-01-10,PAB,19,10,9,19,ITH,ITH1,4,Provincia Autonoma Bolzano / Bozen
2023-12-20,SIC,1279,713,566,1279,ITG,ITG1,19,Sicilia
2023-10-28,EMR,1881,906,975,1881,ITH,ITH5,8,Emilia-Romagna
2023-12-05,SAR,806,409,397,806,ITG,ITG2,20,Sardegna
2023-10-18,PAT,245,129,116,245,ITH,ITH2,4,Provincia Autonoma Trento
2023-12-15,TOS,5205,2477,2728,5205,ITI,ITI1,9,Toscana
2023-10-16,LAZ,331,167,164,331,ITI,ITI4,12,Lazio
2024-01-08,SAR,402,198,204,402,ITG,ITG2,20,Sardegna
2023-11-16,PAB,578,277,301,578,ITH,ITH1,4,Provincia Autonoma Bolzano / Bozen
2023-11-02,FVG,718,356,362,718,ITH,ITH4,6,Friuli-Venezia Giulia
2023-12-27,FVG,778,372,406,778,ITH,ITH4,6,Friuli-Venezia Giulia
2023-10-04,ABR,2,1,1,2,ITF,ITF1,13,Abruzzo
2024-01-05,VEN,1192,603,589,1192,ITH,ITH3,5,Veneto
2023-11-24,FVG,1183,534,649,1183,ITH,ITH4,6,Friuli-Venezia Giulia
2023-10-22,PUG,23,9,14,23,ITF,ITF4,16,Puglia
2023-10-02,FVG,30,18,12,30,ITH,ITH4,6,Friuli-Venezia Giulia
2024-01-11,ABR,209,103,106,209,ITF,ITF1,13,Abruzzo
2023-11-18,MAR,49,14,35,49,ITI,ITI3,11,Marche
2023-12-06,VEN,4283,2035,2248,4283,ITH,ITH3,5,Veneto
2024-01-15,ABR,132,55,77,132,ITF,ITF1,13,Abruzzo
2023-11-17,PAT,419,199,220,419,ITH,ITH2,4,Provincia Autonoma Trento
2023-10-26,MAR,190,85,105,190,ITI,ITI3,11,Marche
2023-12-04,PAT,551,259,292,551,ITH,ITH2,4,Provincia Autonoma Trento
2023-12-16,LIG,871,435,436,871,ITC,ITC3,7,Liguria
2023-12-02,CAL,92,54,38,92,ITF,ITF6,18,Calabria
2023-12-04,TOS,3168,1520,1648,3168,ITI,ITI1,9,Toscana
2023-10-10,TOS,315,152,163,315,ITI,ITI1,9,Toscana
2023-12-05,CAM,916,481,435,916,ITF,ITF3,15,Campania
2023-12-04,PUG,1669,872,797,1669,ITF,ITF4,16,Puglia
2023-12-14,LAZ,4548,2155,2393,4548,ITI,ITI4,12,Lazio
2023-10-26,VDA,117,57,60,117,ITC,ITC2,2,Valle d'Aosta / Vallée d'Aoste
2023-12-15,ABR,657,348,309,657,ITF,ITF1,13,Abruzzo
2023-12-07,MOL,159,78,81,159,ITF,ITF2,14,Molise
2023-10-10,PUG,82,33,49,82,ITF,ITF4,16,Puglia
2023-10-25,EMR,4307,2046,2261,4307,ITH,ITH5,8,Emilia-Romagna
2023-10-13,SAR,111,56,55,111,ITG,ITG2,20,Sardegna
2024-01-11,LIG,992,481,511,992,ITC,ITC3,7,Liguria
2023-12-02,ABR,135,67,68,135,ITF,ITF1,13,Abruzzo
2023-11-27,LOM,372,124,248,372,ITC,ITC4,3,Lombardia
2023-11-25,UMB,229,100,129,229,ITI,ITI2,10,Umbria
2023-10-13,VEN,101,29,72,101,ITH,ITH3,5,Veneto
2023-12-03,ABR,6,3,3,6,ITF,ITF1,13,Abruzzo
2023-12-02,PAT,2,0,2,2,ITH,ITH2,4,Provincia Autonoma Trento
2023-12-20,MOL,271,152,119,271,ITF,ITF2,14,Molise
2024-01-06,MAR,10,6,4,10,ITI,ITI3,11,Marche
2023-12-23,PAT,10,7,3,10,ITH,ITH2,4,Provincia Autonoma Trento
2023-12-25,LOM,35,17,18,35,ITC,ITC4,3,Lombardia
2024-01-16,VDA,11,5,6,11,ITC,ITC2,2,Valle d'Aosta / Vallée d'Aoste
2023-12-17,BAS,28,24,4,28,ITF,ITF5,17,Basilicata
2023-10-07,LOM,4,2,2,4,ITC,ITC4,3,Lombardia
2023-10-15,LIG,1,0,1,1,ITC,ITC3,7,Liguria
2023-10-14,MAR,49,21,28,49,ITI,ITI3,11,Marche
2023-10-05,EMR,1,0,1,1,ITH,ITH5,8,Emilia-Romagna
2023-11-25,PAB,5,1,4,5,ITH,ITH1,4,Provincia Autonoma Bolzano / Bozen
2023-10-05,ABR,2,1,1,2,ITF,ITF1,13,Abruzzo
2023-11-01,SIC,1,0,1,1,ITG,ITG1,19,Sicilia
2023-12-20,PIE,3056,1513,1543,3056,ITC,ITC1,1,Piemonte
2023-10-23,MOL,37,14,23,37,ITF,ITF2,14,Molise
2023-11-30,MAR,38,22,16,38,ITI,ITI3,11,Marche
2023-11-13,MAR,475,229,246,475,ITI,ITI3,11,Marche
2023-10-19,ABR,124,76,48,124,ITF,ITF1,13,Abruzzo
2023-12-09,CAL,44,26,18,44,ITF,ITF6,18,Calabria
2024-01-04,SIC,519,284,235,519,ITG,ITG1,19,Sicilia
2023-12-31,VEN,131,60,71,131,ITH,ITH3,5,Veneto
2023-12-08,BAS,19,10,9,19,ITF,ITF5,17,Basilicata
2024-01-12,PUG,982,487,495,982,ITF,ITF4,16,Puglia
2023-11-04,CAM,89,50,39,89,ITF,ITF3,15,Campania
2023-12-24,PIE,11,4,7,11,ITC,ITC1,1,Piemonte
2023-11-25,MAR,38,13,25,38,ITI,ITI3,11,Marche
2023-10-13,CAM,128,61,67,128,ITF,ITF3,15,Campania
2023-12-13,BAS,312,180,132,312,ITF,ITF5,17,Basilicata
2024-01-12,MOL,28,15,13,28,ITF,ITF2,14,Molise
2023-11-27,VEN,2461,1171,1290,2461,ITH,ITH3,5,Veneto
2023-11-11,EMR,3414,1661,1753,3414,ITH,ITH5,8,Emilia-Romagna
2023-12-18,VEN,3416,1713,1703,3416,ITH,ITH3,5,Veneto
2023-10-26,FVG,850,422,428,850,ITH,ITH4,6,Friuli-Venezia Giulia
2023-12-13,ABR,496,265,231,496,ITF,ITF1,13,Abruzzo
2023-11-09,CAL,122,64,58,122,ITF,ITF6,18,Calabria
2023-10-05,FVG,29,11,18,29,ITH,ITH4,6,Friuli-Venezia Giulia
2023-12-04,LAZ,2854,1355,1499,2854,ITI,ITI4,12,Lazio
2023-12-01,EMR,5495,2598,2897,5495,ITH,ITH5,8,Emilia-Romagna
2024-01-11,EMR,1302,617,685,1302,ITH,ITH5,8,Emilia-Romagna
2023-12-12,PUG,2860,1435,1425,2860,ITF,ITF4,16,Puglia
2023-11-08,LOM,11414,5233,6181,11414,ITC,ITC4,3,Lombardia
2023-11-02,PIE,1548,750,798,1548,ITC,ITC1,1,Piemonte
2023-12-08,LAZ,330,168,162,330,ITI,ITI4,12,Lazio
2023-11-21,LAZ,2397,1193,1204,2397,ITI,ITI4,12,Lazio
2023-12-01,PAB,266,134,132,266,ITH,ITH1,4,Provincia Autonoma Bolzano / Bozen
2024-01-11,MOL,7,2,5,7,ITF,ITF2,14,Molise
2023-11-10,BAS,12,6,6,12,ITF,ITF5,17,Basilicata
2023-10-31,VDA,154,76,78,154,ITC,ITC2,2,Valle d'Aosta / Vallée d'Aoste
2023-11-22,LAZ,2391,1149,1242,2391,ITI,ITI4,12,Lazio
2023-11-13,TOS,3858,1803,2055,3858,ITI,ITI1,9,Toscana
2023-11-14,VDA,105,49,56,105,ITC,ITC2,2,Valle d'Aosta / Vallée d'Aoste
2023-10-31,CAM,125,57,68,125,ITF,ITF3,15,Campania
2023-10-21,VEN,49,21,28,49,ITH,ITH3,5,Veneto
2023-11-05,UMB,137,72,65,137,ITI,ITI2,10,Umbria
2024-01-09,EMR,1330,643,687,1330,ITH,ITH5,8,Emilia-Romagna
2023-10-31,MAR,607,296,311,607,ITI,ITI3,11,Marche
2023-12-18,LOM,10351,5114,5237,10351,ITC,ITC4,3,Lombardia
2023-12-13,VDA,104,41,63,104,ITC,ITC2,2,Valle d'Aosta / Vallée d'Aoste
2023-12-19,MAR,1023,512,511,1023,ITI,ITI3,11,Marche
2023-11-03,PAT,357,173,184,357,ITH,ITH2,4,Provincia Autonoma Trento
2023-12-22,UMB,996,508,488,996,ITI,ITI2,10,Umbria
2023-11-13,SAR,354,183,171,354,ITG,ITG2,20,Sardegna
2023-11-03,SIC,70,39,31,70,ITG,ITG1,19,Sicilia
2023-10-25,MAR,530,265,265,530,ITI,ITI3,11,Marche
2023-12-03,SIC,157,80,77,157,ITG,ITG1,19,Sicilia
2023-11-09,SAR,303,160,143,303,ITG,ITG2,20,Sardegna
2024-01-05,PUG,815,395,420,815,ITF,ITF4,16,Puglia
2023-10-06,VDA,18,10,8,18,ITC,ITC2,2,Valle d'Aosta / Vallée d'Aoste
2023-10-21,PUG,221,101,120,221,ITF,ITF4,16,Puglia
2024-01-02,SIC,213,116,97,213,ITG,ITG1,19,Sicilia
2023-12-13,PIE,3148,1477,1671,3148,ITC,ITC1,1,Piemonte
2023-12-12,VEN,3358,1635,1723,3358,ITH,ITH3,5,Veneto
2024-01-04,FVG,430,206,224,430,ITH,ITH4,6,Friuli-Venezia Giulia
2023-11-21,VEN,3108,1507,1601,3108,ITH,ITH3,5,Veneto
2023-10-17,VEN,164,61,103,164,ITH,ITH3,5,Veneto
2023-11-03,PUG,1626,841,785,1626,ITF,ITF4,16,Puglia
2023-11-23,MAR,55,23,32,55,ITI,ITI3,11,Marche
2023-11-24,BAS,63,33,30,63,ITF,ITF5,17,Basilicata
2023-12-01,TOS,5695,2641,3054,5695,ITI,ITI1,9,Toscana
2023-12-12,SIC,681,367,314,681,ITG,ITG1,19,Sicilia
2023-12-27,BAS,159,81,78,159,ITF,ITF5,17,Basilicata
2023-11-29,CAL,192,115,77,192,ITF,ITF6,18,Calabria
2023-11-26,VDA,3,0,3,3,ITC,ITC2,2,Valle d'Aosta / Vallée d'Aoste
2023-11-22,TOS,6306,2916,3390,6306,ITI,ITI1,9,Toscana
2024-01-18,TOS,701,325,376,701,ITI,ITI1,9,Toscana
2023-10-12,PIE,105,50,55,105,ITC,ITC1,1,Piemonte
2023-11-05,TOS,192,100,92,192,ITI,ITI1,9,Toscana
2023-10-11,SAR,89,42,47,89,ITG,ITG2,20,Sardegna
2023-10-01,LOM,2772,1464,1308,2772,ITC,ITC4,3,Lombardia
2023-10-18,PAB,625,301,324,625,ITH,ITH1,4,Provincia Autonoma Bolzano / Bozen
2023-11-23,SIC,259,143,116,259,ITG,ITG1,19,Sicilia
2023-11-04,LIG,127,60,67,127,ITC,ITC3,7,Liguria
2024-01-04,MOL,18,14,4,18,ITF,ITF2,14,Molise
2023-12-14,PAT,272,107,165,272,ITH,ITH2,4,Provincia Autonoma Trento
2023-12-07,MAR,32,15,17,32,ITI,ITI3,11,Marche
2023-12-01,BAS,157,83,74,157,ITF,ITF5,17,Basilicata
2023-10-24,CAL,45,28,17,45,ITF,ITF6,18,Calabria
2023-10-28,PAB,7,2,5,7,ITH,ITH1,4,Provincia Autonoma Bolzano / Bozen
2023-11-24,UMB,927,435,492,927,ITI,ITI2,10,Umbria
2024-01-18,UMB,170,79,91,170,ITI,ITI2,10,Umbria
2023-10-24,VDA,165,79,86,165,ITC,ITC2,2,Valle d'Aosta / Vallée d'Aoste
2023-12-04,CAL,442,217,225,442,ITF,ITF6,18,Calabria
2023-11-08,MAR,105,41,64,105,ITI,ITI3,11,Marche
2023-09-26,EMR,2,2,0,2,ITH,ITH5,8,Emilia-Romagna
2023-12-08,PIE,113,52,61,113,ITC,ITC1,1,Piemonte
2023-11-18,ABR,102,57,45,102,ITF,ITF1,13,Abruzzo
2023-12-23,SIC,166,88,78,166,ITG,ITG1,19,Sicilia
2023-10-03,LOM,167,75,92,167,ITC,ITC4,3,Lombardia
2023-11-26,FVG,42,17,25,42,ITH,ITH4,6,Friuli-Venezia Giulia
2023-11-19,PUG,31,15,16,31,ITF,ITF4,16,Puglia
2023-10-19,LIG,171,81,90,171,ITC,ITC3,7,Liguria
2023-10-09,CAM,59,36,23,59,ITF,ITF3,15,Campania
2023-10-14,UMB,6,3,3,6,ITI,ITI2,10,Umbria
2023-11-01,CAL,17,9,8,17,ITF,ITF6,18,Calabria
2023-11-11,BAS,13,5,8,13,ITF,ITF5,17,Basilicata
2023-10-03,LIG,30,14,16,30,ITC,ITC3,7,Liguria
2024-01-14,TOS,12,7,5,12,ITI,ITI1,9,Toscana
2023-10-12,UMB,6,3,3,6,ITI,ITI2,10,Umbria
2023-10-01,MAR,1,1,0,1,ITI,ITI3,11,Marche
2023-12-24,CAM,3,1,2,3,ITF,ITF3,15,Campania
2023-10-17,CAL,7,2,5,7,ITF,ITF6,18,Calabria
2023-10-18,SIC,22,14,8,22,ITG,ITG1,19,Sicilia
2024-01-07,FVG,1,0,1,1,ITH,ITH4,6,Friuli-Venezia Giulia
2023-10-29,CAM,2,0,2,2,ITF,ITF3,15,Campania
2023-10-22,PAT,1,0,1,1,ITH,ITH2,4,Provincia Autonoma Trento
2023-09-29,SAR,1,1,0,1,ITG,ITG2,20,Sardegna
2023-10-15,EMR,1,0,1,1,ITH,ITH5,8,Emilia-Romagna
2023-10-30,PIE,1172,570,602,1172,ITC,ITC1,1,Piemonte
2023-11-22,PUG,1591,812,779,1591,ITF,ITF4,16,Puglia
2023-11-04,TOS,1964,944,1020,1964,ITI,ITI1,9,Toscana
2024-01-06,PIE,438,215,223,438,ITC,ITC1,1,Piemonte
2023-11-24,EMR,5465,2636,2829,5465,ITH,ITH5,8,Emilia-Romagna
2023-11-28,EMR,5630,2667,2963,5630,ITH,ITH5,8,Emilia-Romagna
2023-12-22,CAL,421,237,184,421,ITF,ITF6,18,Calabria
2024-01-17,VEN,534,250,284,534,ITH,ITH3,5,Veneto
2023-11-20,PIE,2010,893,1117,2010,ITC,ITC1,1,Piemonte
2023-11-05,LOM,789,383,406,789,ITC,ITC4,3,Lombardia
2023-10-06,ABR,3,2,1,3,ITF,ITF1,13,Abruzzo
2023-12-16,CAM,663,361,302,663,ITF,ITF3,15,Campania
2023-10-27,MOL,3,2,1,3,ITF,ITF2,14,Molise
2024-01-14,UMB,41,22,19,41,ITI,ITI2,10,Umbria
2023-12-11,PIE,2237,1077,1160,2237,ITC,ITC1,1,Piemonte
2023-12-20,FVG,1282,660,622,1282,ITH,ITH4,6,Friuli-Venezia Giulia
2024-01-01,PIE,15,5,10,15,ITC,ITC1,1,Piemonte
2023-12-10,VEN,741,409,332,741,ITH,ITH3,5,Veneto
2023-11-08,UMB,667,332,335,667,ITI,ITI2,10,Umbria
2023-11-03,CAM,351,199,152,351,ITF,ITF3,15,Campania
2023-10-13,TOS,683,342,341,683,ITI,ITI1,9,Toscana
2023-11-17,PAB,271,134,137,271,ITH,ITH1,4,Provincia Autonoma Bolzano / Bozen
2023-11-27,SIC,165,76,89,165,ITG,ITG1,19,Sicilia
2023-11-01,PUG,33,15,18,33,ITF,ITF4,16,Puglia
2023-11-22,PAT,393,186,207,393,ITH,ITH2,4,Provincia Autonoma Trento
2023-12-21,LOM,9102,4498,4604,9102,ITC,ITC4,3,Lombardia
2023-11-09,FVG,1322,598,724,1322,ITH,ITH4,6,Friuli-Venezia Giulia
2023-12-13,CAL,475,270,205,475,ITF,ITF6,18,Calabria
2023-11-28,VEN,4141,2016,2125,4141,ITH,ITH3,5,Veneto
2023-12-06,LOM,10933,5192,5741,10933,ITC,ITC4,3,Lombardia
2023-12-29,EMR,1647,777,870,1647,ITH,ITH5,8,Emilia-Romagna
2023-10-23,VEN,334,146,188,334,ITH,ITH3,5,Veneto
2023-11-02,SIC,85,46,39,85,ITG,ITG1,19,Sicilia
2023-11-08,PAB,544,289,255,544,ITH,ITH1,4,Provincia Autonoma Bolzano / Bozen
2023-12-28,TOS,2163,1068,1095,2163,ITI,ITI1,9,Toscana
2024-01-17,PAB,52,27,25,52,ITH,ITH1,4,Provincia Autonoma Bolzano / Bozen
2023-12-30,VEN,1256,620,636,1256,ITH,ITH3,5,Veneto
2024-01-05,LAZ,1693,844,849,1693,ITI,ITI4,12,Lazio
2023-12-10,EMR,187,82,105,187,ITH,ITH5,8,Emilia-Romagna
2023-12-08,PUG,18,10,8,18,ITF,ITF4,16,Puglia
2024-01-12,VEN,1850,910,940,1850,ITH,ITH3,5,Veneto
2023-12-29,SIC,653,360,293,653,ITG,ITG1,19,Sicilia
2023-10-31,EMR,4592,2134,2458,4592,ITH,ITH5,8,Emilia-Romagna
2023-12-15,SIC,1225,647,578,1225,ITG,ITG1,19,Sicilia
2023-10-16,MAR,142,81,61,142,ITI,ITI3,11,Marche
2024-01-08,TOS,661,309,352,661,ITI,ITI1,9,Toscana
2023-12-09,BAS,26,15,11,26,ITF,ITF5,17,Basilicata
2023-12-14,UMB,752,375,377,752,ITI,ITI2,10,Umbria
2023-12-11,BAS,123,72,51,123,ITF,ITF5,17,Basilicata
2023-10-10,PAB,438,248,190,438,ITH,ITH1,4,Provincia Autonoma Bolzano / Bozen
2023-10-19,SAR,119,71,48,119,ITG,ITG2,20,Sardegna
2023-10-15,CAM,12,5,7,12,ITF,ITF3,15,Campania
2023-12-24,CAL,4,1,3,4,ITF,ITF6,18,Calabria
2023-12-29,VEN,1337,664,673,1337,ITH,ITH3,5,Veneto
2023-12-12,MOL,182,99,83,182,ITF,ITF2,14,Molise
2023-11-17,VEN,3214,1485,1729,3214,ITH,ITH3,5,Veneto
2024-01-03,LAZ,2370,1111,1259,2370,ITI,ITI4,12,Lazio
2023-11-27,MAR,31,13,18,31,ITI,ITI3,11,Marche
2023-12-02,SIC,95,53,42,95,ITG,ITG1,19,Sicilia
2023-10-23,EMR,2267,1124,1143,2267,ITH,ITH5,8,Emilia-Romagna
2024-01-08,LAZ,1474,731,743,1474,ITI,ITI4,12,Lazio
2024-01-09,MAR,287,144,143,287,ITI,ITI3,11,Marche
2024-01-14,ABR,22,15,7,22,ITF,ITF1,13,Abruzzo
2023-10-29,MAR,27,15,12,27,ITI,ITI3,11,Marche
2023-11-30,EMR,6004,2922,3082,6004,ITH,ITH5,8,Emilia-Romagna
2023-12-01,CAM,716,381,335,716,ITF,ITF3,15,Campania
2023-10-16,TOS,730,315,415,730,ITI,ITI1,9,Toscana
2023-12-11,ABR,430,219,211,430,ITF,ITF1,13,Abruzzo
2023-11-16,ABR,351,169,182,351,ITF,ITF1,13,Abruzzo
2023-11-11,PUG,435,232,203,435,ITF,ITF4,16,Puglia
2024-01-13,MAR,106,48,58,106,ITI,ITI3,11,Marche
2023-11-28,SIC,346,206,140,346,ITG,ITG1,19,Sicilia
2024-01-12,EMR,1254,612,642,1254,ITH,ITH5,8,Emilia-Romagna
2023-10-13,PUG,204,111,93,204,ITF,ITF4,16,Puglia
2023-11-15,FVG,1124,534,590,1124,ITH,ITH4,6,Friuli-Venezia Giulia
2023-10-14,EMR,11,3,8,11,ITH,ITH5,8,Emilia-Romagna
2023-11-01,CAM,21,10,11,21,ITF,ITF3,15,Campania
2023-12-16,PUG,627,315,312,627,ITF,ITF4,16,Puglia
2023-12-02,CAM,159,91,68,159,ITF,ITF3,15,Campania
2024-01-02,CAL,111,70,41,111,ITF,ITF6,18,Calabria
2023-11-23,VEN,3497,1774,1723,3497,ITH,ITH3,5,Veneto
2023-11-10,PIE,3358,1628,1730,3358,ITC,ITC1,1,Piemonte
2023-12-28,LAZ,3536,1750,1786,3536,ITI,ITI4,12,Lazio
2024-01-18,PIE,940,457,483,940,ITC,ITC1,1,Piemonte
2023-11-12,LOM,1024,488,536,1024,ITC,ITC4,3,Lombardia
2023-12-16,PAT,1278,607,671,1278,ITH,ITH2,4,Provincia Autonoma Trento
2023-11-20,BAS,5,1,4,5,ITF,ITF5,17,Basilicata
2023-11-18,CAL,34,21,13,34,ITF,ITF6,18,Calabria
2023-12-19,VDA,44,21,23,44,ITC,ITC2,2,Valle d'Aosta / Vallée d'Aoste
2023-11-06,CAM,337,195,142,337,ITF,ITF3,15,Campania
2023-10-24,MAR,572,298,274,572,ITI,ITI3,11,Marche
2023-12-27,LAZ,2196,1096,1100,2196,ITI,ITI4,12,Lazio
2023-12-22,SAR,606,313,293,606,ITG,ITG2,20,Sardegna
2023-12-05,TOS,4270,1966,2304,4270,ITI,ITI1,9,Toscana
2023-11-29,LIG,1373,662,711,1373,ITC,ITC3,7,Liguria
2023-10-21,PAT,65,35,30,65,ITH,ITH2,4,Provincia Autonoma Trento
2023-11-01,VEN,12,4,8,12,ITH,ITH3,5,Veneto
2023-12-02,VDA,6,3,3,6,ITC,ITC2,2,Valle d'Aosta / Vallée d'Aoste
2023-12-31,SIC,6,2,4,6,ITG,ITG1,19,Sicilia
2023-10-21,SIC,7,3,4,7,ITG,ITG1,19,Sicilia
2023-11-26,PIE,56,27,29,56,ITC,ITC1,1,Piemonte
2023-12-03,CAL,3,2,1,3,ITF,ITF6,18,Calabria
2023-11-05,PAB,6,2,4,6,ITH,ITH1,4,Provincia Autonoma Bolzano / Bozen
2024-01-07,PIE,4,1,3,4,ITC,ITC1,1,Piemonte
2024-01-14,FVG,2,1,1,2,ITH,ITH4,6,Friuli-Venezia Giulia
2023-11-26,BAS,3,2,1,3,ITF,ITF5,17,Basilicata
2023-12-24,ABR,1,1,0,1,ITF,ITF1,13,Abruzzo
2023-12-31,PUG,1,0,1,1,ITF,ITF4,16,Puglia
2023-12-15,EMR,6626,3320,3306,6626,ITH,ITH5,8,Emilia-Romagna
2023-12-13,LIG,1851,886,965,1851,ITC,ITC3,7,Liguria
2024-01-12,LOM,3016,1370,1646,3016,ITC,ITC4,3,Lombardia
2023-11-04,FVG,159,76,83,159,ITH,ITH4,6,Friuli-Venezia Giulia
2023-11-16,PIE,2988,1411,1577,2988,ITC,ITC1,1,Piemonte
2023-12-21,MAR,1485,800,685,1485,ITI,ITI3,11,Marche
2024-01-16,LIG,669,323,346,669,ITC,ITC3,7,Liguria
2024-01-10,PIE,1208,575,633,1208,ITC,ITC1,1,Piemonte
2024-01-05,SAR,516,286,230,516,ITG,ITG2,20,Sardegna
2023-12-04,MAR,548,271,277,548,ITI,ITI3,11,Marche
2023-12-05,SIC,535,283,252,535,ITG,ITG1,19,Sicilia
2024-01-16,PAB,19,11,8,19,ITH,ITH1,4,Provincia Autonoma Bolzano / Bozen
2023-12-30,LIG,433,222,211,433,ITC,ITC3,7,Liguria
2023-12-06,SAR,678,357,321,678,ITG,ITG2,20,Sardegna
2023-11-01,LOM,1247,550,697,1247,ITC,ITC4,3,Lombardia
2023-11-20,EMR,3915,1873,2042,3915,ITH,ITH5,8,Emilia-Romagna
2023-12-18,ABR,471,244,227,471,ITF,ITF1,13,Abruzzo
2023-10-09,PIE,85,35,50,85,ITC,ITC1,1,Piemonte
2023-12-04,MOL,168,99,69,168,ITF,ITF2,14,Molise
2023-11-12,PIE,55,26,29,55,ITC,ITC1,1,Piemonte
2023-10-27,PAB,352,171,181,352,ITH,ITH1,4,Provincia Autonoma Bolzano / Bozen
2023-12-05,VEN,4039,1982,2057,4039,ITH,ITH3,5,Veneto
2023-10-16,VEN,159,73,86,159,ITH,ITH3,5,Veneto
2023-12-16,VDA,72,36,36,72,ITC,ITC2,2,Valle d'Aosta / Vallée d'Aoste
2023-12-07,CAM,884,496,388,884,ITF,ITF3,15,Campania
2023-11-30,CAM,659,375,284,659,ITF,ITF3,15,Campania
2024-01-08,VEN,878,458,420,878,ITH,ITH3,5,Veneto
2024-01-11,CAM,566,315,251,566,ITF,ITF3,15,Campania
2023-10-18,UMB,18,9,9,18,ITI,ITI2,10,Umbria
2023-11-15,PIE,2831,1305,1526,2831,ITC,ITC1,1,Piemonte
2024-01-09,UMB,209,102,107,209,ITI,ITI2,10,Umbria
2023-11-06,LIG,480,239,241,480,ITC,ITC3,7,Liguria
2023-10-04,CAM,30,20,10,30,ITF,ITF3,15,Campania
2023-12-12,PAT,629,286,343,629,ITH,ITH2,4,Provincia Autonoma Trento
2023-10-12,LAZ,144,77,67,144,ITI,ITI4,12,Lazio
2023-11-23,PAT,578,264,314,578,ITH,ITH2,4,Provincia Autonoma Trento
2024-01-15,LIG,266,124,142,266,ITC,ITC3,7,Liguria
2023-11-25,CAL,28,11,17,28,ITF,ITF6,18,Calabria
2023-12-02,LOM,6136,3043,3093,6136,ITC,ITC4,3,Lombardia
2023-12-19,LOM,10688,5250,5438,10688,ITC,ITC4,3,Lombardia
2023-11-07,FVG,1265,603,662,1265,ITH,ITH4,6,Friuli-Venezia Giulia
2023-10-30,EMR,3300,1520,1780,3300,ITH,ITH5,8,Emilia-Romagna
2023-12-21,ABR,599,334,265,599,ITF,ITF1,13,Abruzzo
2023-12-09,CAM,304,172,132,304,ITF,ITF3,15,Campania
2024-01-10,TOS,973,461,512,973,ITI,ITI1,9,Toscana
2023-10-14,LAZ,13,8,5,13,ITI,ITI4,12,Lazio
2023-11-11,CAM,95,58,37,95,ITF,ITF3,15,Campania
2023-10-30,TOS,2473,1165,1308,2473,ITI,ITI1,9,Toscana
2023-10-20,PIE,831,421,410,831,ITC,ITC1,1,Piemonte
2023-12-14,SAR,1111,590,521,1111,ITG,ITG2,20,Sardegna
2023-11-13,CAL,93,49,44,93,ITF,ITF6,18,Calabria
2023-12-17,LOM,1004,489,515,1004,ITC,ITC4,3,Lombardia
2023-11-12,ABR,28,15,13,28,ITF,ITF1,13,Abruzzo
2024-01-05,PAT,54,32,22,54,ITH,ITH2,4,Provincia Autonoma Trento
2023-12-01,UMB,915,445,470,915,ITI,ITI2,10,Umbria
2023-10-06,SAR,50,24,26,50,ITG,ITG2,20,Sardegna
2023-12-23,CAL,59,37,22,59,ITF,ITF6,18,Calabria
2023-12-24,BAS,58,28,30,58,ITF,ITF5,17,Basilicata
2023-12-14,FVG,1392,696,696,1392,ITH,ITH4,6,Friuli-Venezia Giulia
2023-10-17,PAT,213,69,144,213,ITH,ITH2,4,Provincia Autonoma Trento
2023-11-15,BAS,28,15,13,28,ITF,ITF5,17,Basilicata
2023-10-17,PUG,262,148,114,262,ITF,ITF4,16,Puglia
2023-12-19,LIG,2199,1070,1129,2199,ITC,ITC3,7,Liguria
2023-10-27,EMR,4852,2308,2544,4852,ITH,ITH5,8,Emilia-Romagna
2023-12-27,TOS,1740,840,900,1740,ITI,ITI1,9,Toscana
2023-12-28,MOL,62,35,27,62,ITF,ITF2,14,Molise
2023-10-11,CAM,174,95,79,174,ITF,ITF3,15,Campania
2024-01-06,VEN,4,3,1,4,ITH,ITH3,5,Veneto
2023-12-20,PUG,2864,1467,1397,2864,ITF,ITF4,16,Puglia
2023-11-11,LOM,5999,2866,3133,5999,ITC,ITC4,3,Lombardia
2023-11-07,SIC,99,56,43,99,ITG,ITG1,19,Sicilia
2023-10-25,CAL,30,16,14,30,ITF,ITF6,18,Calabria
2024-01-09,PAB,24,9,15,24,ITH,ITH1,4,Provincia Autonoma Bolzano / Bozen
2023-11-23,PUG,2013,984,1029,2013,ITF,ITF4,16,Puglia
2023-12-11,VEN,2472,1244,1228,2472,ITH,ITH3,5,Veneto
2023-11-19,LAZ,57,32,25,57,ITI,ITI4,12,Lazio
2023-12-20,PAT,398,186,212,398,ITH,ITH2,4,Provincia Autonoma Trento
2023-11-08,ABR,211,98,113,211,ITF,ITF1,13,Abruzzo
2023-10-25,SIC,42,26,16,42,ITG,ITG1,19,Sicilia
2023-10-26,MOL,9,4,5,9,ITF,ITF2,14,Molise
2023-10-31,LOM,4725,2162,2563,4725,ITC,ITC4,3,Lombardia
2024-01-03,TOS,1216,570,646,1216,ITI,ITI1,9,Toscana
2023-12-19,CAM,1959,1031,928,1959,ITF,ITF3,15,Campania
2024-01-15,EMR,861,416,445,861,ITH,ITH5,8,Emilia-Romagna
2023-10-31,LIG,1066,481,585,1066,ITC,ITC3,7,Liguria
2023-11-13,SIC,103,63,40,103,ITG,ITG1,19,Sicilia
2023-12-21,VDA,15,10,5,15,ITC,ITC2,2,Valle d'Aosta / Vallée d'Aoste
2024-01-16,CAM,117,67,50,117,ITF,ITF3,15,Campania
2023-11-14,LOM,10366,4707,5659,10366,ITC,ITC4,3,Lombardia
2023-10-18,LAZ,494,255,239,494,ITI,ITI4,12,Lazio
2023-11-22,MAR,62,25,37,62,ITI,ITI3,11,Marche
2023-11-18,CAM,83,40,43,83,ITF,ITF3,15,Campania
2023-12-17,ABR,9,6,3,9,ITF,ITF1,13,Abruzzo
2023-10-09,ABR,7,4,3,7,ITF,ITF1,13,Abruzzo
2023-11-30,LIG,1494,728,766,1494,ITC,ITC3,7,Liguria
2023-10-28,PIE,880,440,440,880,ITC,ITC1,1,Piemonte
2023-11-21,MAR,672,323,349,672,ITI,ITI3,11,Marche
2023-12-06,VDA,121,62,59,121,ITC,ITC2,2,Valle d'Aosta / Vallée d'Aoste
2023-10-15,LOM,3,2,1,3,ITC,ITC4,3,Lombardia
2024-01-01,EMR,20,10,10,20,ITH,ITH5,8,Emilia-Romagna
2023-10-19,CAL,23,12,11,23,ITF,ITF6,18,Calabria
2023-12-08,TOS,21,7,14,21,ITI,ITI1,9,Toscana
2023-12-25,VDA,1,1,0,1,ITC,ITC2,2,Valle d'Aosta / Vallée d'Aoste
2023-11-25,SIC,15,9,6,15,ITG,ITG1,19,Sicilia
2023-12-26,CAM,3,1,2,3,ITF,ITF3,15,Campania
2023-10-24,MOL,36,12,24,36,ITF,ITF2,14,Molise
2023-10-29,PAB,1,0,1,1,ITH,ITH1,4,Provincia Autonoma Bolzano / Bozen
2023-12-13,PUG,3429,1745,1684,3429,ITF,ITF4,16,Puglia
2023-11-22,CAL,227,122,105,227,ITF,ITF6,18,Calabria
2023-12-03,LAZ,82,40,42,82,ITI,ITI4,12,Lazio
2024-01-12,ABR,117,63,54,117,ITF,ITF1,13,Abruzzo
2023-10-06,PUG,13,8,5,13,ITF,ITF4,16,Puglia
2024-01-11,FVG,566,270,296,566,ITH,ITH4,6,Friuli-Venezia Giulia
2023-11-26,PUG,22,11,11,22,ITF,ITF4,16,Puglia
2024-01-03,MAR,181,88,93,181,ITI,ITI3,11,Marche
2023-12-09,PAB,6,2,4,6,ITH,ITH1,4,Provincia Autonoma Bolzano / Bozen
2023-10-19,SIC,42,25,17,42,ITG,ITG1,19,Sicilia
2023-11-29,TOS,6314,2963,3351,6314,ITI,ITI1,9,Toscana
2024-01-02,LAZ,1329,616,713,1329,ITI,ITI4,12,Lazio
2024-01-12,CAL,138,83,55,138,ITF,ITF6,18,Calabria
2024-01-14,EMR,52,22,30,52,ITH,ITH5,8,Emilia-Romagna
2023-12-05,LIG,1807,862,945,1807,ITC,ITC3,7,Liguria
2023-12-17,MAR,47,25,22,47,ITI,ITI3,11,Marche
2023-12-09,LIG,304,152,152,304,ITC,ITC3,7,Liguria
2023-11-21,FVG,1176,568,608,1176,ITH,ITH4,6,Friuli-Venezia Giulia
2023-10-13,VDA,77,35,42,77,ITC,ITC2,2,Valle d'Aosta / Vallée d'Aoste
2023-12-22,PAT,355,178,177,355,ITH,ITH2,4,Provincia Autonoma Trento
2023-12-21,CAL,646,358,288,646,ITF,ITF6,18,Calabria
2023-12-22,PUG,2444,1261,1183,2444,ITF,ITF4,16,Puglia
2023-10-11,PAB,474,257,217,474,ITH,ITH1,4,Provincia Autonoma Bolzano / Bozen
2024-01-15,UMB,107,53,54,107,ITI,ITI2,10,Umbria
2023-10-22,LAZ,42,21,21,42,ITI,ITI4,12,Lazio
2024-01-04,PAT,96,45,51,96,ITH,ITH2,4,Provincia Autonoma Trento
2023-11-28,SAR,553,265,288,553,ITG,ITG2,20,Sardegna
2023-12-13,PAT,443,212,231,443,ITH,ITH2,4,Provincia Autonoma Trento
2024-01-04,PUG,1044,523,521,1044,ITF,ITF4,16,Puglia
2023-11-09,CAM,410,228,182,410,ITF,ITF3,15,Campania
2023-11-16,CAM,497,263,234,497,ITF,ITF3,15,Campania
2023-12-12,UMB,879,458,421,879,ITI,ITI2,10,Umbria
2023-11-21,LOM,9393,4366,5027,9393,ITC,ITC4,3,Lombardia
2023-10-29,LAZ,26,11,15,26,ITI,ITI4,12,Lazio
2023-11-17,PIE,3110,1506,1604,3110,ITC,ITC1,1,Piemonte
2023-12-11,CAM,894,484,410,894,ITF,ITF3,15,Campania
2023-10-21,FVG,100,43,57,100,ITH,ITH4,6,Friuli-Venezia Giulia
2023-10-27,ABR,125,59,66,125,ITF,ITF1,13,Abruzzo
2023-10-24,PAB,688,334,354,688,ITH,ITH1,4,Provincia Autonoma Bolzano / Bozen
2024-01-10,MAR,241,113,128,241,ITI,ITI3,11,Marche
2023-11-26,TOS,122,61,61,122,ITI,ITI1,9,Toscana
2023-12-14,MOL,190,102,88,190,ITF,ITF2,14,Molise
2023-11-30,UMB,807,401,406,807,ITI,ITI2,10,Umbria
2023-10-23,LOM,7500,3727,3773,7500,ITC,ITC4,3,Lombardia
2023-10-19,VEN,208,85,123,208,ITH,ITH3,5,Veneto
2023-12-18,FVG,781,358,423,781,ITH,ITH4,6,Friuli-Venezia Giulia
2023-12-04,PAB,105,52,53,105,ITH,ITH1,4,Provincia Autonoma Bolzano / Bozen
2023-11-11,CAL,45,22,23,45,ITF,ITF6,18,Calabria
2023-10-11,LIG,53,14,39,53,ITC,ITC3,7,Liguria
2023-12-30,UMB,26,11,15,26,ITI,ITI2,10,Umbria
2023-10-06,PIE,31,18,13,31,ITC,ITC1,1,Piemonte
2024-01-12,PIE,1559,761,798,1559,ITC,ITC1,1,Piemonte
2023-11-17,SAR,491,242,249,491,ITG,ITG2,20,Sardegna
2023-12-24,PUG,37,23,14,37,ITF,ITF4,16,Puglia
2023-12-29,SAR,351,170,181,351,ITG,ITG2,20,Sardegna
2023-11-03,PIE,2432,1209,1223,2432,ITC,ITC1,1,Piemonte
2023-12-16,PIE,2147,1104,1043,2147,ITC,ITC1,1,Piemonte
2024-01-12,SAR,752,383,369,752,ITG,ITG2,20,Sardegna
2024-01-06,ABR,2,1,1,2,ITF,ITF1,13,Abruzzo
2023-10-18,MOL,27,14,13,27,ITF,ITF2,14,Molise
2024-01-10,VDA,61,31,30,61,ITC,ITC2,2,Valle d'Aosta / Vallée d'Aoste
2023-10-26,VEN,1009,465,544,1009,ITH,ITH3,5,Veneto
2024-01-10,SIC,515,281,234,515,ITG,ITG1,19,Sicilia
2023-12-07,LOM,8273,4007,4266,8273,ITC,ITC4,3,Lombardia
2023-11-20,PAT,417,192,225,417,ITH,ITH2,4,Provincia Autonoma Trento
2024-01-18,LIG,308,126,182,308,ITC,ITC3,7,Liguria
2023-10-10,SAR,54,32,22,54,ITG,ITG2,20,Sardegna
2023-10-20,CAM,191,104,87,191,ITF,ITF3,15,Campania
2023-11-03,ABR,195,93,102,195,ITF,ITF1,13,Abruzzo
2023-10-19,EMR,1949,969,980,1949,ITH,ITH5,8,Emilia-Romagna
2023-11-14,LAZ,2266,1097,1169,2266,ITI,ITI4,12,Lazio
2023-12-01,FVG,1010,477,533,1010,ITH,ITH4,6,Friuli-Venezia Giulia
2023-12-11,PAT,652,319,333,652,ITH,ITH2,4,Provincia Autonoma Trento
2023-10-04,LOM,287,138,149,287,ITC,ITC4,3,Lombardia
2024-01-06,LOM,28,13,15,28,ITC,ITC4,3,Lombardia
2023-10-23,SAR,128,69,59,128,ITG,ITG2,20,Sardegna
2023-10-30,ABR,130,68,62,130,ITF,ITF1,13,Abruzzo
2023-11-19,MAR,6,1,5,6,ITI,ITI3,11,Marche
2023-11-15,PUG,2093,1038,1055,2093,ITF,ITF4,16,Puglia
2024-01-04,TOS,1328,619,709,1328,ITI,ITI1,9,Toscana
2023-11-22,PIE,3057,1445,1612,3057,ITC,ITC1,1,Piemonte
2023-10-12,CAM,233,130,103,233,ITF,ITF3,15,Campania
2023-12-14,BAS,325,168,157,325,ITF,ITF5,17,Basilicata
2023-11-15,CAM,427,243,184,427,ITF,ITF3,15,Campania
2023-12-06,CAL,356,205,151,356,ITF,ITF6,18,Calabria
2023-12-06,BAS,166,88,78,166,ITF,ITF5,17,Basilicata
2023-11-24,LOM,10887,5077,5810,10887,ITC,ITC4,3,Lombardia
2023-10-31,SAR,183,81,102,183,ITG,ITG2,20,Sardegna
2023-10-31,VEN,1439,619,820,1439,ITH,ITH3,5,Veneto
2023-12-27,PUG,1007,530,477,1007,ITF,ITF4,16,Puglia
2023-12-07,CAL,333,208,125,333,ITF,ITF6,18,Calabria
2023-12-28,PUG,1233,660,573,1233,ITF,ITF4,16,Puglia
2023-12-19,SIC,933,493,440,933,ITG,ITG1,19,Sicilia
2023-10-12,CAL,12,5,7,12,ITF,ITF6,18,Calabria
2023-11-15,ABR,218,109,109,218,ITF,ITF1,13,Abruzzo
2023-10-12,FVG,53,33,20,53,ITH,ITH4,6,Friuli-Venezia Giulia
2024-01-17,EMR,982,476,506,982,ITH,ITH5,8,Emilia-Romagna
2023-10-31,SIC,85,52,33,85,ITG,ITG1,19,Sicilia
2023-10-26,SAR,205,101,104,205,ITG,ITG2,20,Sardegna
2023-10-18,LIG,274,105,169,274,ITC,ITC3,7,Liguria
2023-12-27,PAT,145,73,72,145,ITH,ITH2,4,Provincia Autonoma Trento
2023-11-04,PUG,331,168,163,331,ITF,ITF4,16,Puglia
2023-11-14,LIG,1112,536,576,1112,ITC,ITC3,7,Liguria
2023-11-14,PAB,573,276,297,573,ITH,ITH1,4,Provincia Autonoma Bolzano / Bozen
2023-12-22,FVG,694,360,334,694,ITH,ITH4,6,Friuli-Venezia Giulia
2023-10-20,ABR,98,57,41,98,ITF,ITF1,13,Abruzzo
2023-10-21,CAM,45,24,21,45,ITF,ITF3,15,Campania
2023-10-25,TOS,3528,1688,1840,3528,ITI,ITI1,9,Toscana
2023-11-13,FVG,857,411,446,857,ITH,ITH4,6,Friuli-Venezia Giulia
2023-11-10,SIC,82,44,38,82,ITG,ITG1,19,Sicilia
2024-01-10,LAZ,2589,1258,1331,2589,ITI,ITI4,12,Lazio
2023-12-18,CAM,1271,694,577,1271,ITF,ITF3,15,Campania
2023-12-19,MOL,115,58,57,115,ITF,ITF2,14,Molise
2023-11-12,FVG,12,4,8,12,ITH,ITH4,6,Friuli-Venezia Giulia
2023-10-28,UMB,79,25,54,79,ITI,ITI2,10,Umbria
2023-12-05,MAR,24,11,13,24,ITI,ITI3,11,Marche
2024-01-12,PAT,149,77,72,149,ITH,ITH2,4,Provincia Autonoma Trento
2024-01-14,PIE,17,7,10,17,ITC,ITC1,1,Piemonte
2023-12-17,LIG,16,5,11,16,ITC,ITC3,7,Liguria
2023-11-11,PAT,21,11,10,21,ITH,ITH2,4,Provincia Autonoma Trento
2023-11-12,CAL,6,0,6,6,ITF,ITF6,18,Calabria
2024-01-09,VDA,7,2,5,7,ITC,ITC2,2,Valle d'Aosta / Vallée d'Aoste
2023-12-28,PAT,64,29,35,64,ITH,ITH2,4,Provincia Autonoma Trento
2023-10-09,LIG,32,10,22,32,ITC,ITC3,7,Liguria
2023-11-10,MOL,61,32,29,61,ITF,ITF2,14,Molise
2024-01-15,MOL,34,15,19,34,ITF,ITF2,14,Molise
2023-11-23,MOL,41,23,18,41,ITF,ITF2,14,Molise
2023-10-11,MOL,6,5,1,6,ITF,ITF2,14,Molise
2023-12-09,MOL,10,3,7,10,ITF,ITF2,14,Molise
2023-10-22,SIC,3,2,1,3,ITG,ITG1,19,Sicilia
2024-01-16,MOL,50,20,30,50,ITF,ITF2,14,Molise
2023-10-28,ABR,43,23,20,43,ITF,ITF1,13,Abruzzo
2023-11-19,LIG,3,1,2,3,ITC,ITC3,7,Liguria
2023-11-19,PAB,1,0,1,1,ITH,ITH1,4,Provincia Autonoma Bolzano / Bozen
2023-12-23,PAB,1,0,1,1,ITH,ITH1,4,Provincia Autonoma Bolzano / Bozen
2023-12-20,LAZ,5800,2834,2966,5800,ITI,ITI4,12,Lazio
2023-10-24,VEN,741,285,456,741,ITH,ITH3,5,Veneto
2024-01-15,CAM,273,147,126,273,ITF,ITF3,15,Campania
2024-01-11,TOS,1322,615,707,1322,ITI,ITI1,9,Toscana
2023-10-17,LAZ,432,232,200,432,ITI,ITI4,12,Lazio
2023-12-30,LOM,1665,818,847,1665,ITC,ITC4,3,Lombardia
2023-11-07,VDA,100,45,55,100,ITC,ITC2,2,Valle d'Aosta / Vallée d'Aoste
2023-10-26,PIE,1529,742,787,1529,ITC,ITC1,1,Piemonte
2023-10-14,CAM,41,15,26,41,ITF,ITF3,15,Campania
2023-10-19,MOL,55,18,37,55,ITF,ITF2,14,Molise
2023-11-16,FVG,1176,568,608,1176,ITH,ITH4,6,Friuli-Venezia Giulia
2023-12-01,LOM,10338,4812,5526,10338,ITC,ITC4,3,Lombardia
2023-11-30,LOM,10457,4987,5470,10457,ITC,ITC4,3,Lombardia
2023-11-06,SAR,313,148,165,313,ITG,ITG2,20,Sardegna
2023-10-27,CAM,278,148,130,278,ITF,ITF3,15,Campania
2024-01-11,PUG,905,459,446,905,ITF,ITF4,16,Puglia
2023-11-20,LAZ,1570,799,771,1570,ITI,ITI4,12,Lazio
2023-11-28,UMB,751,374,377,751,ITI,ITI2,10,Umbria
2023-11-30,PAB,545,263,282,545,ITH,ITH1,4,Provincia Autonoma Bolzano / Bozen
2023-11-30,VEN,3962,1952,2010,3962,ITH,ITH3,5,Veneto
2023-11-17,UMB,675,338,337,675,ITI,ITI2,10,Umbria
2024-01-08,MAR,144,81,63,144,ITI,ITI3,11,Marche
2023-11-06,PAB,164,76,88,164,ITH,ITH1,4,Provincia Autonoma Bolzano / Bozen
2023-11-05,FVG,11,7,4,11,ITH,ITH4,6,Friuli-Venezia Giulia
2023-10-04,TOS,274,153,121,274,ITI,ITI1,9,Toscana
2023-12-29,PAB,15,4,11,15,ITH,ITH1,4,Provincia Autonoma Bolzano / Bozen
2023-11-19,UMB,20,11,9,20,ITI,ITI2,10,Umbria
2023-11-03,FVG,712,352,360,712,ITH,ITH4,6,Friuli-Venezia Giulia
2023-10-06,FVG,152,81,71,152,ITH,ITH4,6,Friuli-Venezia Giulia
2024-01-02,LIG,212,103,109,212,ITC,ITC3,7,Liguria
2023-11-06,UMB,333,157,176,333,ITI,ITI2,10,Umbria
2023-10-14,PUG,11,4,7,11,ITF,ITF4,16,Puglia
2023-12-14,PIE,3692,1801,1891,3692,ITC,ITC1,1,Piemonte
2023-12-16,FVG,329,156,173,329,ITH,ITH4,6,Friuli-Venezia Giulia
2023-12-29,UMB,367,169,198,367,ITI,ITI2,10,Umbria
2023-10-30,CAM,373,214,159,373,ITF,ITF3,15,Campania
2023-11-02,EMR,4142,1980,2162,4142,ITH,ITH5,8,Emilia-Romagna
2023-10-30,PUG,942,455,487,942,ITF,ITF4,16,Puglia
2023-11-02,VEN,1815,809,1006,1815,ITH,ITH3,5,Veneto
2023-12-31,LOM,75,25,50,75,ITC,ITC4,3,Lombardia
2024-01-06,PUG,52,36,16,52,ITF,ITF4,16,Puglia
2024-01-06,CAM,8,5,3,8,ITF,ITF3,15,Campania
2024-01-13,SIC,92,55,37,92,ITG,ITG1,19,Sicilia
2023-11-06,LOM,4325,2041,2284,4325,ITC,ITC4,3,Lombardia
2023-10-17,TOS,651,295,356,651,ITI,ITI1,9,Toscana
2023-12-10,CAM,26,10,16,26,ITF,ITF3,15,Campania
2023-12-02,UMB,165,79,86,165,ITI,ITI2,10,Umbria
2023-12-26,TOS,7,3,4,7,ITI,ITI1,9,Toscana
2023-12-15,PAB,238,104,134,238,ITH,ITH1,4,Provincia Autonoma Bolzano / Bozen
2023-11-03,LOM,9035,4288,4747,9035,ITC,ITC4,3,Lombardia
2023-12-07,PAT,401,173,228,401,ITH,ITH2,4,Provincia Autonoma Trento
2023-10-20,FVG,572,289,283,572,ITH,ITH4,6,Friuli-Venezia Giulia
2023-11-24,PUG,2204,1099,1105,2204,ITF,ITF4,16,Puglia
2023-10-21,LOM,3459,1740,1719,3459,ITC,ITC4,3,Lombardia
2023-12-04,EMR,3732,1830,1902,3732,ITH,ITH5,8,Emilia-Romagna
2023-12-15,LIG,1562,720,842,1562,ITC,ITC3,7,Liguria
2023-12-16,LOM,8286,4017,4269,8286,ITC,ITC4,3,Lombardia
2023-10-19,PIE,576,282,294,576,ITC,ITC1,1,Piemonte
2023-12-19,PAB,252,117,135,252,ITH,ITH1,4,Provincia Autonoma Bolzano / Bozen
2023-11-24,PAT,193,90,103,193,ITH,ITH2,4,Provincia Autonoma Trento
2023-10-30,PAT,341,176,165,341,ITH,ITH2,4,Provincia Autonoma Trento
2023-11-28,PAB,529,268,261,529,ITH,ITH1,4,Provincia Autonoma Bolzano / Bozen
2024-01-18,MOL,8,1,7,8,ITF,ITF2,14,Molise
2024-01-07,EMR,74,38,36,74,ITH,ITH5,8,Emilia-Romagna
2023-11-16,CAL,130,71,59,130,ITF,ITF6,18,Calabria
2023-11-18,TOS,2456,1219,1237,2456,ITI,ITI1,9,Toscana
2023-11-15,PAT,544,277,267,544,ITH,ITH2,4,Provincia Autonoma Trento
2023-10-07,TOS,241,137,104,241,ITI,ITI1,9,Toscana
2024-01-16,UMB,136,57,79,136,ITI,ITI2,10,Umbria
2024-01-05,MAR,246,129,117,246,ITI,ITI3,11,Marche
2023-10-16,LIG,141,43,98,141,ITC,ITC3,7,Liguria
2023-10-26,EMR,4230,2009,2221,4230,ITH,ITH5,8,Emilia-Romagna
2024-01-11,LOM,2888,1324,1564,2888,ITC,ITC4,3,Lombardia
2023-12-21,PIE,3907,1925,1982,3907,ITC,ITC1,1,Piemonte
2024-01-09,LAZ,2363,1132,1231,2363,ITI,ITI4,12,Lazio
2023-12-06,PIE,3062,1446,1616,3062,ITC,ITC1,1,Piemonte
2023-10-04,FVG,43,24,19,43,ITH,ITH4,6,Friuli-Venezia Giulia
2023-10-20,PUG,770,400,370,770,ITF,ITF4,16,Puglia
2024-01-11,CAL,182,86,96,182,ITF,ITF6,18,Calabria
2023-10-14,LOM,8,3,5,8,ITC,ITC4,3,Lombardia
2023-10-17,FVG,396,203,193,396,ITH,ITH4,6,Friuli-Venezia Giulia
2023-11-21,CAL,339,191,148,339,ITF,ITF6,18,Calabria
2024-01-17,SAR,609,313,296,609,ITG,ITG2,20,Sardegna
2023-10-20,PAT,344,159,185,344,ITH,ITH2,4,Provincia Autonoma Trento
2023-11-23,UMB,821,397,424,821,ITI,ITI2,10,Umbria
2023-10-09,MOL,10,6,4,10,ITF,ITF2,14,Molise
2023-10-27,UMB,390,193,197,390,ITI,ITI2,10,Umbria
2023-12-03,TOS,29,9,20,29,ITI,ITI1,9,Toscana
2023-12-01,CAL,158,92,66,158,ITF,ITF6,18,Calabria
2023-12-16,BAS,170,92,78,170,ITF,ITF5,17,Basilicata
2023-09-28,TOS,1,0,1,1,ITI,ITI1,9,Toscana
2023-12-01,ABR,276,147,129,276,ITF,ITF1,13,Abruzzo
2023-11-11,FVG,818,383,435,818,ITH,ITH4,6,Friuli-Venezia Giulia
2024-01-03,VDA,75,38,37,75,ITC,ITC2,2,Valle d'Aosta / Vallée d'Aoste
2023-12-16,ABR,181,91,90,181,ITF,ITF1,13,Abruzzo
2023-10-02,LOM,145,63,82,145,ITC,ITC4,3,Lombardia
2023-10-30,LOM,8284,3961,4323,8284,ITC,ITC4,3,Lombardia
2023-12-09,UMB,157,84,73,157,ITI,ITI2,10,Umbria
2023-11-20,PUG,1168,600,568,1168,ITF,ITF4,16,Puglia
2023-10-05,LAZ,47,24,23,47,ITI,ITI4,12,Lazio
2023-10-21,ABR,36,17,19,36,ITF,ITF1,13,Abruzzo
2023-11-01,ABR,1,0,1,1,ITF,ITF1,13,Abruzzo
2024-01-15,PAB,6,4,2,6,ITH,ITH1,4,Provincia Autonoma Bolzano / Bozen
2023-12-26,VDA,6,4,2,6,ITC,ITC2,2,Valle d'Aosta / Vallée d'Aoste
2024-01-14,VEN,16,8,8,16,ITH,ITH3,5,Veneto
2023-11-16,BAS,37,17,20,37,ITF,ITF5,17,Basilicata
2023-11-08,MOL,111,65,46,111,ITF,ITF2,14,Molise
2024-01-08,VDA,6,4,2,6,ITC,ITC2,2,Valle d'Aosta / Vallée d'Aoste
2024-01-01,CAM,3,3,0,3,ITF,ITF3,15,Campania
2023-12-10,UMB,2,0,2,2,ITI,ITI2,10,Umbria
2024-01-05,VDA,5,1,4,5,ITC,ITC2,2,Valle d'Aosta / Vallée d'Aoste
2023-10-09,MAR,6,1,5,6,ITI,ITI3,11,Marche
2024-01-01,PUG,1,1,0,1,ITF,ITF4,16,Puglia
2023-11-25,TOS,1893,897,996,1893,ITI,ITI1,9,Toscana
2023-12-19,SAR,843,420,423,843,ITG,ITG2,20,Sardegna
2024-01-16,CAL,159,89,70,159,ITF,ITF6,18,Calabria
2023-11-20,VDA,50,27,23,50,ITC,ITC2,2,Valle d'Aosta / Vallée d'Aoste
2023-11-05,PUG,23,13,10,23,ITF,ITF4,16,Puglia
2023-10-17,VDA,63,29,34,63,ITC,ITC2,2,Valle d'Aosta / Vallée d'Aoste
2023-11-02,SAR,171,93,78,171,ITG,ITG2,20,Sardegna
2023-10-28,LOM,6056,2996,3060,6056,ITC,ITC4,3,Lombardia
2023-11-12,TOS,197,93,104,197,ITI,ITI1,9,Toscana
2023-10-02,ABR,2,2,0,2,ITF,ITF1,13,Abruzzo
2023-12-23,EMR,413,208,205,413,ITH,ITH5,8,Emilia-Romagna
2023-11-07,LAZ,2299,1125,1174,2299,ITI,ITI4,12,Lazio
2023-12-21,PUG,3762,1991,1771,3762,ITF,ITF4,16,Puglia
2023-11-25,LAZ,1821,959,862,1821,ITI,ITI4,12,Lazio
2023-12-29,BAS,173,88,85,173,ITF,ITF5,17,Basilicata
2023-12-12,BAS,307,171,136,307,ITF,ITF5,17,Basilicata
2023-11-30,CAL,329,193,136,329,ITF,ITF6,18,Calabria
2023-10-24,ABR,171,92,79,171,ITF,ITF1,13,Abruzzo
2023-10-27,CAL,70,36,34,70,ITF,ITF6,18,Calabria
2023-10-27,FVG,916,458,458,916,ITH,ITH4,6,Friuli-Venezia Giulia
2024-01-08,LIG,148,67,81,148,ITC,ITC3,7,Liguria
2023-10-24,SAR,191,84,107,191,ITG,ITG2,20,Sardegna
2023-11-28,PIE,3045,1375,1670,3045,ITC,ITC1,1,Piemonte
2023-12-02,EMR,1660,785,875,1660,ITH,ITH5,8,Emilia-Romagna
2023-12-14,LOM,11132,5357,5775,11132,ITC,ITC4,3,Lombardia
2023-12-19,PIE,3578,1789,1789,3578,ITC,ITC1,1,Piemonte
2023-10-19,PAB,802,390,412,802,ITH,ITH1,4,Provincia Autonoma Bolzano / Bozen
2023-11-06,VEN,1535,715,820,1535,ITH,ITH3,5,Veneto
2023-10-03,SAR,6,1,5,6,ITG,ITG2,20,Sardegna
2023-12-29,MOL,90,51,39,90,ITF,ITF2,14,Molise
2023-11-20,FVG,1105,561,544,1105,ITH,ITH4,6,Friuli-Venezia Giulia
2023-12-04,UMB,377,179,198,377,ITI,ITI2,10,Umbria
2023-12-10,ABR,36,14,22,36,ITF,ITF1,13,Abruzzo
2023-10-10,PIE,95,51,44,95,ITC,ITC1,1,Piemonte
2023-12-14,EMR,6414,3152,3262,6414,ITH,ITH5,8,Emilia-Romagna
2023-11-30,PIE,3341,1592,1749,3341,ITC,ITC1,1,Piemonte
2023-12-13,TOS,5140,2421,2719,5140,ITI,ITI1,9,Toscana
2023-10-23,PIE,790,380,410,790,ITC,ITC1,1,Piemonte
2023-10-25,LAZ,992,493,499,992,ITI,ITI4,12,Lazio
2023-11-29,MAR,47,22,25,47,ITI,ITI3,11,Marche
2023-12-21,PAT,327,151,176,327,ITH,ITH2,4,Provincia Autonoma Trento
2024-01-01,FVG,1,1,0,1,ITH,ITH4,6,Friuli-Venezia Giulia
2023-12-29,PIE,2032,933,1099,2032,ITC,ITC1,1,Piemonte
2023-10-21,PIE,339,180,159,339,ITC,ITC1,1,Piemonte
2023-10-24,LOM,9060,4454,4606,9060,ITC,ITC4,3,Lombardia
2023-10-31,MOL,33,13,20,33,ITF,ITF2,14,Molise
2023-12-14,VEN,4854,2421,2433,4854,ITH,ITH3,5,Veneto
2023-12-04,LOM,9174,4426,4748,9174,ITC,ITC4,3,Lombardia
2023-10-18,EMR,1505,721,784,1505,ITH,ITH5,8,Emilia-Romagna
2023-11-29,VDA,134,66,68,134,ITC,ITC2,2,Valle d'Aosta / Vallée d'Aoste
2023-11-12,PUG,51,31,20,51,ITF,ITF4,16,Puglia
2024-01-03,LIG,407,198,209,407,ITC,ITC3,7,Liguria
2024-01-14,LOM,140,65,75,140,ITC,ITC4,3,Lombardia
2023-11-14,MOL,31,19,12,31,ITF,ITF2,14,Molise
2024-01-09,MOL,20,9,11,20,ITF,ITF2,14,Molise
2023-12-04,SAR,755,378,377,755,ITG,ITG2,20,Sardegna
2023-12-18,LAZ,4095,2039,2056,4095,ITI,ITI4,12,Lazio
2023-11-30,SAR,936,476,460,936,ITG,ITG2,20,Sardegna
2023-11-24,CAL,141,91,50,141,ITF,ITF6,18,Calabria
2023-11-08,VEN,2417,1166,1251,2417,ITH,ITH3,5,Veneto
2023-10-28,CAM,77,42,35,77,ITF,ITF3,15,Campania
2023-11-24,ABR,463,253,210,463,ITF,ITF1,13,Abruzzo
2024-01-05,LIG,234,118,116,234,ITC,ITC3,7,Liguria
2023-11-28,BAS,145,87,58,145,ITF,ITF5,17,Basilicata
2023-10-26,LOM,10010,4759,5251,10010,ITC,ITC4,3,Lombardia
2023-11-29,SIC,283,152,131,283,ITG,ITG1,19,Sicilia
2023-12-02,LIG,414,193,221,414,ITC,ITC3,7,Liguria
2023-10-12,PUG,86,62,24,86,ITF,ITF4,16,Puglia
2024-01-17,UMB,319,153,166,319,ITI,ITI2,10,Umbria
2023-11-13,VDA,63,31,32,63,ITC,ITC2,2,Valle d'Aosta / Vallée d'Aoste
2023-12-04,VEN,2651,1292,1359,2651,ITH,ITH3,5,Veneto
2024-01-05,TOS,1148,577,571,1148,ITI,ITI1,9,Toscana
2023-12-06,ABR,358,167,191,358,ITF,ITF1,13,Abruzzo
2023-11-11,TOS,2476,1132,1344,2476,ITI,ITI1,9,Toscana
2023-12-07,PUG,1752,923,829,1752,ITF,ITF4,16,Puglia
2023-12-09,EMR,719,345,374,719,ITH,ITH5,8,Emilia-Romagna
2023-12-06,FVG,1421,669,752,1421,ITH,ITH4,6,Friuli-Venezia Giulia
2023-11-02,PAB,345,158,187,345,ITH,ITH1,4,Provincia Autonoma Bolzano / Bozen
2023-11-14,UMB,655,319,336,655,ITI,ITI2,10,Umbria
2023-10-04,PAT,11,7,4,11,ITH,ITH2,4,Provincia Autonoma Trento
2023-11-08,CAL,111,72,39,111,ITF,ITF6,18,Calabria
2023-12-18,MAR,668,349,319,668,ITI,ITI3,11,Marche
2023-12-14,CAL,615,351,264,615,ITF,ITF6,18,Calabria
2023-10-31,UMB,282,136,146,282,ITI,ITI2,10,Umbria
2023-11-10,EMR,7671,3735,3936,7671,ITH,ITH5,8,Emilia-Romagna
2023-12-19,VEN,4136,2010,2126,4136,ITH,ITH3,5,Veneto
2024-01-13,LIG,217,105,112,217,ITC,ITC3,7,Liguria
2023-12-30,CAM,223,130,93,223,ITF,ITF3,15,Campania
2023-10-24,EMR,3616,1719,1897,3616,ITH,ITH5,8,Emilia-Romagna
2023-11-21,PAT,550,252,298,550,ITH,ITH2,4,Provincia Autonoma Trento
2023-11-27,PAB,36,21,15,36,ITH,ITH1,4,Provincia Autonoma Bolzano / Bozen
2024-01-11,PAT,55,29,26,55,ITH,ITH2,4,Provincia Autonoma Trento
2023-11-10,PAB,271,131,140,271,ITH,ITH1,4,Provincia Autonoma Bolzano / Bozen
2024-01-07,VEN,5,2,3,5,ITH,ITH3,5,Veneto
2023-11-21,PUG,1831,885,946,1831,ITF,ITF4,16,Puglia
2023-12-12,LOM,10515,5042,5473,10515,ITC,ITC4,3,Lombardia
2024-01-16,VEN,940,465,475,940,ITH,ITH3,5,Veneto
2024-01-12,CAM,585,305,280,585,ITF,ITF3,15,Campania
2023-11-17,ABR,358,180,178,358,ITF,ITF1,13,Abruzzo
2023-10-16,SIC,8,5,3,8,ITG,ITG1,19,Sicilia
2023-11-08,SAR,292,155,137,292,ITG,ITG2,20,Sardegna
2024-01-09,LIG,956,440,516,956,ITC,ITC3,7,Liguria
2023-10-31,PAB,550,258,292,550,ITH,ITH1,4,Provincia Autonoma Bolzano / Bozen
2023-12-09,VEN,666,312,354,666,ITH,ITH3,5,Veneto
2023-11-28,LOM,10698,4944,5754,10698,ITC,ITC4,3,Lombardia
2023-12-16,CAL,191,95,96,191,ITF,ITF6,18,Calabria
2023-10-28,FVG,779,403,376,779,ITH,ITH4,6,Friuli-Venezia Giulia
2023-10-25,VDA,306,139,167,306,ITC,ITC2,2,Valle d'Aosta / Vallée d'Aoste
2023-10-23,PAT,145,75,70,145,ITH,ITH2,4,Provincia Autonoma Trento
2023-12-05,MOL,68,38,30,68,ITF,ITF2,14,Molise
2023-11-24,VEN,3688,1868,1820,3688,ITH,ITH3,5,Veneto
2023-11-29,LAZ,4017,1940,2077,4017,ITI,ITI4,12,Lazio
2023-12-19,EMR,4691,2290,2401,4691,ITH,ITH5,8,Emilia-Romagna
2023-10-23,PUG,858,424,434,858,ITF,ITF4,16,Puglia
2024-01-16,EMR,1064,498,566,1064,ITH,ITH5,8,Emilia-Romagna
2023-10-05,LIG,61,18,43,61,ITC,ITC3,7,Liguria
2023-11-21,TOS,5026,2287,2739,5026,ITI,ITI1,9,Toscana
2023-11-10,VEN,2766,1338,1428,2766,ITH,ITH3,5,Veneto
2023-10-23,CAM,306,167,139,306,ITF,ITF3,15,Campania
2023-10-11,EMR,54,17,37,54,ITH,ITH5,8,Emilia-Romagna
2023-11-07,MAR,752,362,390,752,ITI,ITI3,11,Marche
2023-11-25,VDA,102,49,53,102,ITC,ITC2,2,Valle d'Aosta / Vallée d'Aoste
2023-12-18,VDA,13,5,8,13,ITC,ITC2,2,Valle d'Aosta / Vallée d'Aoste
2023-10-26,CAL,21,8,13,21,ITF,ITF6,18,Calabria
2023-09-29,CAM,11,6,5,11,ITF,ITF3,15,Campania
2023-12-23,UMB,131,63,68,131,ITI,ITI2,10,Umbria
2023-10-02,EMR,1,0,1,1,ITH,ITH5,8,Emilia-Romagna
2023-10-28,CAL,12,7,5,12,ITF,ITF6,18,Calabria
2023-10-14,VEN,1,1,0,1,ITH,ITH3,5,Veneto
2023-12-02,PAB,1,1,0,1,ITH,ITH1,4,Provincia Autonoma Bolzano / Bozen
2024-01-15,FVG,293,124,169,293,ITH,ITH4,6,Friuli-Venezia Giulia
2024-01-16,PUG,553,271,282,553,ITF,ITF4,16,Puglia
2023-11-03,UMB,549,291,258,549,ITI,ITI2,10,Umbria
2023-11-22,LIG,1153,559,594,1153,ITC,ITC3,7,Liguria
2023-12-03,UMB,9,3,6,9,ITI,ITI2,10,Umbria
2023-10-28,VEN,874,430,444,874,ITH,ITH3,5,Veneto
2023-12-09,PAT,30,20,10,30,ITH,ITH2,4,Provincia Autonoma Trento
2023-12-26,PAT,39,19,20,39,ITH,ITH2,4,Provincia Autonoma Trento
2023-10-26,UMB,127,60,67,127,ITI,ITI2,10,Umbria
2023-11-22,LOM,10395,4901,5494,10395,ITC,ITC4,3,Lombardia
2023-12-18,SIC,673,363,310,673,ITG,ITG1,19,Sicilia
2023-12-11,EMR,3448,1748,1700,3448,ITH,ITH5,8,Emilia-Romagna
2023-12-13,MAR,124,45,79,124,ITI,ITI3,11,Marche
2023-12-12,CAM,1409,751,658,1409,ITF,ITF3,15,Campania
2023-11-21,CAM,412,217,195,412,ITF,ITF3,15,Campania
2023-12-09,PUG,223,108,115,223,ITF,ITF4,16,Puglia
2023-11-24,VDA,126,67,59,126,ITC,ITC2,2,Valle d'Aosta / Vallée d'Aoste
2023-12-08,CAM,30,17,13,30,ITF,ITF3,15,Campania
2024-01-03,PAT,162,72,90,162,ITH,ITH2,4,Provincia Autonoma Trento
2023-11-30,FVG,1201,551,650,1201,ITH,ITH4,6,Friuli-Venezia Giulia
2024-01-06,TOS,6,3,3,6,ITI,ITI1,9,Toscana
2023-11-09,PAT,738,386,352,738,ITH,ITH2,4,Provincia Autonoma Trento
2023-12-21,FVG,1058,513,545,1058,ITH,ITH4,6,Friuli-Venezia Giulia
2023-11-21,PIE,2900,1341,1559,2900,ITC,ITC1,1,Piemonte
2024-01-03,PUG,861,448,413,861,ITF,ITF4,16,Puglia
2023-11-09,PUG,1586,844,742,1586,ITF,ITF4,16,Puglia
2024-01-02,PIE,877,444,433,877,ITC,ITC1,1,Piemonte
2023-11-14,SIC,257,130,127,257,ITG,ITG1,19,Sicilia
2023-10-20,LOM,5922,2922,3000,5922,ITC,ITC4,3,Lombardia
2023-11-03,TOS,5929,2797,3132,5929,ITI,ITI1,9,Toscana
2024-01-16,PAT,151,68,83,151,ITH,ITH2,4,Provincia Autonoma Trento
2024-01-05,EMR,890,463,427,890,ITH,ITH5,8,Emilia-Romagna
2023-12-17,VEN,4468,2363,2105,4468,ITH,ITH3,5,Veneto
2023-10-16,VDA,104,50,54,104,ITC,ITC2,2,Valle d'Aosta / Vallée d'Aoste
2023-10-19,FVG,306,147,159,306,ITH,ITH4,6,Friuli-Venezia Giulia
2023-11-14,MAR,700,365,335,700,ITI,ITI3,11,Marche
2024-01-16,FVG,485,247,238,485,ITH,ITH4,6,Friuli-Venezia Giulia
2023-11-22,FVG,1088,519,569,1088,ITH,ITH4,6,Friuli-Venezia Giulia
2023-10-16,ABR,74,43,31,74,ITF,ITF1,13,Abruzzo
2023-11-21,LIG,1693,849,844,1693,ITC,ITC3,7,Liguria
2024-01-10,SAR,580,274,306,580,ITG,ITG2,20,Sardegna
2023-10-16,EMR,718,311,407,718,ITH,ITH5,8,Emilia-Romagna
2023-11-13,ABR,263,126,137,263,ITF,ITF1,13,Abruzzo
2023-11-10,ABR,238,121,117,238,ITF,ITF1,13,Abruzzo
2023-12-22,BAS,373,198,175,373,ITF,ITF5,17,Basilicata
2023-11-16,MOL,123,57,66,123,ITF,ITF2,14,Molise
2024-01-02,PAB,22,13,9,22,ITH,ITH1,4,Provincia Autonoma Bolzano / Bozen
2023-12-24,TOS,48,23,25,48,ITI,ITI1,9,Toscana
2023-12-08,CAL,6,2,4,6,ITF,ITF6,18,Calabria
2023-11-08,LAZ,2248,1068,1180,2248,ITI,ITI4,12,Lazio
2024-01-08,EMR,1255,604,651,1255,ITH,ITH5,8,Emilia-Romagna
2023-11-18,FVG,329,168,161,329,ITH,ITH4,6,Friuli-Venezia Giulia
2023-10-30,CAL,59,30,29,59,ITF,ITF6,18,Calabria
2023-10-26,LIG,841,416,425,841,ITC,ITC3,7,Liguria
2023-11-03,VEN,1366,626,740,1366,ITH,ITH3,5,Veneto
2023-12-15,VEN,3830,1917,1913,3830,ITH,ITH3,5,Veneto
2023-12-07,LAZ,3567,1709,1858,3567,ITI,ITI4,12,Lazio
2023-10-20,VEN,489,235,254,489,ITH,ITH3,5,Veneto
2023-12-15,SAR,995,499,496,995,ITG,ITG2,20,Sardegna
2023-10-21,UMB,24,13,11,24,ITI,ITI2,10,Umbria
2023-11-03,SAR,217,112,105,217,ITG,ITG2,20,Sardegna
2024-01-10,LOM,3351,1558,1793,3351,ITC,ITC4,3,Lombardia
2023-11-27,CAM,408,232,176,408,ITF,ITF3,15,Campania
2023-10-17,ABR,19,10,9,19,ITF,ITF1,13,Abruzzo
2023-12-15,CAL,488,275,213,488,ITF,ITF6,18,Calabria
2023-11-28,LIG,1115,582,533,1115,ITC,ITC3,7,Liguria
2024-01-10,VEN,966,461,505,966,ITH,ITH3,5,Veneto
2023-10-24,FVG,664,341,323,664,ITH,ITH4,6,Friuli-Venezia Giulia
2023-11-20,SIC,158,81,77,158,ITG,ITG1,19,Sicilia
2024-01-03,SAR,535,279,256,535,ITG,ITG2,20,Sardegna
2023-11-07,ABR,271,150,121,271,ITF,ITF1,13,Abruzzo
2023-12-03,VEN,208,108,100,208,ITH,ITH3,5,Veneto
2023-11-28,CAL,198,120,78,198,ITF,ITF6,18,Calabria
2023-10-12,MAR,29,15,14,29,ITI,ITI3,11,Marche
2023-10-21,PAB,3,0,3,3,ITH,ITH1,4,Provincia Autonoma Bolzano / Bozen
2024-01-16,SAR,368,181,187,368,ITG,ITG2,20,Sardegna
2024-01-15,SAR,304,158,146,304,ITG,ITG2,20,Sardegna
2023-12-02,TOS,1447,702,745,1447,ITI,ITI1,9,Toscana
2024-01-18,MAR,177,86,91,177,ITI,ITI3,11,Marche
2023-12-15,LOM,10664,5192,5472,10664,ITC,ITC4,3,Lombardia
2023-12-29,LOM,4619,2113,2506,4619,ITC,ITC4,3,Lombardia
2023-10-05,LOM,362,191,171,362,ITC,ITC4,3,Lombardia
2023-11-03,PAB,307,141,166,307,ITH,ITH1,4,Provincia Autonoma Bolzano / Bozen
2023-12-01,VDA,135,68,67,135,ITC,ITC2,2,Valle d'Aosta / Vallée d'Aoste
2024-01-15,VEN,461,224,237,461,ITH,ITH3,5,Veneto
2023-10-30,VEN,1320,594,726,1320,ITH,ITH3,5,Veneto
2024-01-12,TOS,1248,560,688,1248,ITI,ITI1,9,Toscana
2023-11-08,SIC,60,30,30,60,ITG,ITG1,19,Sicilia
2023-10-12,ABR,27,14,13,27,ITF,ITF1,13,Abruzzo
2023-10-26,PAB,780,388,392,780,ITH,ITH1,4,Provincia Autonoma Bolzano / Bozen
2023-12-30,EMR,159,69,90,159,ITH,ITH5,8,Emilia-Romagna
2023-11-10,MAR,1015,517,498,1015,ITI,ITI3,11,Marche
2023-11-05,VDA,8,3,5,8,ITC,ITC2,2,Valle d'Aosta / Vallée d'Aoste
2023-12-20,ABR,454,226,228,454,ITF,ITF1,13,Abruzzo
2023-12-12,LIG,2898,1387,1511,2898,ITC,ITC3,7,Liguria
2023-12-29,LIG,820,404,416,820,ITC,ITC3,7,Liguria
2023-12-08,LOM,441,217,224,441,ITC,ITC4,3,Lombardia
2023-10-30,SAR,170,94,76,170,ITG,ITG2,20,Sardegna
2024-01-03,VEN,637,273,364,637,ITH,ITH3,5,Veneto
2023-11-27,LIG,325,167,158,325,ITC,ITC3,7,Liguria
2023-11-04,CAL,40,21,19,40,ITF,ITF6,18,Calabria
2024-01-15,PUG,435,208,227,435,ITF,ITF4,16,Puglia
2023-10-20,CAL,6,4,2,6,ITF,ITF6,18,Calabria
2023-12-09,FVG,140,67,73,140,ITH,ITH4,6,Friuli-Venezia Giulia
2023-12-25,LAZ,11,8,3,11,ITI,ITI4,12,Lazio
2023-11-19,ABR,25,13,12,25,ITF,ITF1,13,Abruzzo
2023-12-12,PAB,332,165,167,332,ITH,ITH1,4,Provincia Autonoma Bolzano / Bozen
2023-12-29,CAL,220,119,101,220,ITF,ITF6,18,Calabria
2023-10-13,MOL,9,7,2,9,ITF,ITF2,14,Molise
2023-12-10,SIC,59,31,28,59,ITG,ITG1,19,Sicilia
2024-01-15,PAT,60,28,32,60,ITH,ITH2,4,Provincia Autonoma Trento
2023-11-25,PIE,1396,717,679,1396,ITC,ITC1,1,Piemonte
2023-11-18,PUG,343,172,171,343,ITF,ITF4,16,Puglia
2023-11-06,MAR,410,206,204,410,ITI,ITI3,11,Marche
2023-12-06,EMR,5180,2558,2622,5180,ITH,ITH5,8,Emilia-Romagna
2023-10-04,LAZ,16,9,7,16,ITI,ITI4,12,Lazio
2024-01-11,LAZ,2490,1163,1327,2490,ITI,ITI4,12,Lazio
2023-12-11,LOM,9356,4564,4792,9356,ITC,ITC4,3,Lombardia
2023-11-18,PAT,44,21,23,44,ITH,ITH2,4,Provincia Autonoma Trento
2023-09-26,TOS,15,7,8,15,ITI,ITI1,9,Toscana
2024-01-12,PAB,28,11,17,28,ITH,ITH1,4,Provincia Autonoma Bolzano / Bozen
2023-12-26,PUG,7,6,1,7,ITF,ITF4,16,Puglia
2023-10-29,PAT,1,0,1,1,ITH,ITH2,4,Provincia Autonoma Trento
2023-12-26,FVG,18,6,12,18,ITH,ITH4,6,Friuli-Venezia Giulia
2023-10-29,FVG,9,4,5,9,ITH,ITH4,6,Friuli-Venezia Giulia
2023-12-17,UMB,13,6,7,13,ITI,ITI2,10,Umbria
2024-01-01,VEN,1,0,1,1,ITH,ITH3,5,Veneto
2023-12-03,FVG,8,2,6,8,ITH,ITH4,6,Friuli-Venezia Giulia
2023-09-29,TOS,3,0,3,3,ITI,ITI1,9,Toscana
2023-12-08,LIG,2,1,1,2,ITC,ITC3,7,Liguria
2023-10-15,MAR,1,1,0,1,ITI,ITI3,11,Marche
2023-10-06,LIG,61,21,40,61,ITC,ITC3,7,Liguria
2024-01-15,TOS,380,181,199,380,ITI,ITI1,9,Toscana
2023-11-29,CAM,646,352,294,646,ITF,ITF3,15,Campania
2023-12-13,PAB,212,92,120,212,ITH,ITH1,4,Provincia Autonoma Bolzano / Bozen
2023-12-13,MOL,226,128,98,226,ITF,ITF2,14,Molise
2023-12-27,SAR,292,150,142,292,ITG,ITG2,20,Sardegna
2023-11-20,UMB,374,185,189,374,ITI,ITI2,10,Umbria
2023-12-28,UMB,438,213,225,438,ITI,ITI2,10,Umbria
2024-01-08,CAL,108,62,46,108,ITF,ITF6,18,Calabria
2024-01-15,LAZ,1769,856,913,1769,ITI,ITI4,12,Lazio
2023-11-20,SAR,401,207,194,401,ITG,ITG2,20,Sardegna
2023-10-24,SIC,86,50,36,86,ITG,ITG1,19,Sicilia
2023-12-09,MAR,193,98,95,193,ITI,ITI3,11,Marche
2023-11-30,TOS,7335,3455,3880,7335,ITI,ITI1,9,Toscana
2023-12-22,PAB,25,13,12,25,ITH,ITH1,4,Provincia Autonoma Bolzano / Bozen
2023-12-24,EMR,31,17,14,31,ITH,ITH5,8,Emilia-Romagna
2024-01-12,MAR,310,157,153,310,ITI,ITI3,11,Marche
2023-11-17,MAR,62,32,30,62,ITI,ITI3,11,Marche
2023-12-06,LAZ,4905,2320,2585,4905,ITI,ITI4,12,Lazio
2023-11-10,PUG,1919,1008,911,1919,ITF,ITF4,16,Puglia
2023-11-15,UMB,909,473,436,909,ITI,ITI2,10,Umbria
2023-10-19,TOS,2348,1117,1231,2348,ITI,ITI1,9,Toscana
2023-10-16,CAL,17,11,6,17,ITF,ITF6,18,Calabria
2023-12-01,MOL,126,74,52,126,ITF,ITF2,14,Molise
2023-12-13,VEN,4283,2119,2164,4283,ITH,ITH3,5,Veneto
2023-11-10,PAT,589,270,319,589,ITH,ITH2,4,Provincia Autonoma Trento
2023-11-04,LOM,5671,2725,2946,5671,ITC,ITC4,3,Lombardia
2023-12-27,UMB,1695,917,778,1695,ITI,ITI2,10,Umbria
2024-01-05,CAM,534,297,237,534,ITF,ITF3,15,Campania
2023-12-05,FVG,1103,518,585,1103,ITH,ITH4,6,Friuli-Venezia Giulia
2023-11-17,VDA,162,74,88,162,ITC,ITC2,2,Valle d'Aosta / Vallée d'Aoste
2023-10-27,LIG,615,256,359,615,ITC,ITC3,7,Liguria
2023-12-27,VEN,1074,526,548,1074,ITH,ITH3,5,Veneto
2024-01-16,LAZ,2116,981,1135,2116,ITI,ITI4,12,Lazio
2024-01-05,CAL,124,71,53,124,ITF,ITF6,18,Calabria
2023-12-12,MAR,763,382,381,763,ITI,ITI3,11,Marche
2023-12-28,PIE,2155,1039,1116,2155,ITC,ITC1,1,Piemonte
2023-11-25,BAS,76,36,40,76,ITF,ITF5,17,Basilicata
2024-01-13,PIE,573,305,268,573,ITC,ITC1,1,Piemonte
2023-10-23,SIC,38,22,16,38,ITG,ITG1,19,Sicilia
2023-11-23,LAZ,2411,1245,1166,2411,ITI,ITI4,12,Lazio
2023-10-31,TOS,2478,1109,1369,2478,ITI,ITI1,9,Toscana
2023-10-16,PUG,283,146,137,283,ITF,ITF4,16,Puglia
2023-11-25,ABR,73,32,41,73,ITF,ITF1,13,Abruzzo
2023-10-03,TOS,132,64,68,132,ITI,ITI1,9,Toscana
2023-12-14,TOS,7068,3331,3737,7068,ITI,ITI1,9,Toscana
2023-11-23,TOS,8128,3840,4288,8128,ITI,ITI1,9,Toscana
2023-11-06,TOS,3928,1898,2030,3928,ITI,ITI1,9,Toscana
2024-01-18,PUG,299,149,150,299,ITF,ITF4,16,Puglia
2023-11-01,UMB,15,8,7,15,ITI,ITI2,10,Umbria
2023-12-20,VEN,4146,1986,2160,4146,ITH,ITH3,5,Veneto
2024-01-18,PAT,64,23,41,64,ITH,ITH2,4,Provincia Autonoma Trento
2023-12-09,LAZ,960,470,490,960,ITI,ITI4,12,Lazio
2023-12-31,TOS,46,22,24,46,ITI,ITI1,9,Toscana
2023-10-24,LAZ,1006,518,488,1006,ITI,ITI4,12,Lazio
2023-12-13,SAR,1177,615,562,1177,ITG,ITG2,20,Sardegna
2024-01-13,CAM,143,70,73,143,ITF,ITF3,15,Campania
2023-12-18,UMB,302,144,158,302,ITI,ITI2,10,Umbria
2023-11-20,MOL,102,59,43,102,ITF,ITF2,14,Molise
2023-11-07,CAL,114,68,46,114,ITF,ITF6,18,Calabria
2023-12-11,MOL,179,108,71,179,ITF,ITF2,14,Molise
2024-01-05,LOM,2278,1086,1192,2278,ITC,ITC4,3,Lombardia
2023-11-20,VEN,2365,1181,1184,2365,ITH,ITH3,5,Veneto
2023-12-22,EMR,3683,1910,1773,3683,ITH,ITH5,8,Emilia-Romagna
2024-01-09,CAL,246,130,116,246,ITF,ITF6,18,Calabria
2023-11-14,FVG,1416,716,700,1416,ITH,ITH4,6,Friuli-Venezia Giulia
2023-12-13,UMB,1005,491,514,1005,ITI,ITI2,10,Umbria
2023-11-15,PAB,575,290,285,575,ITH,ITH1,4,Provincia Autonoma Bolzano / Bozen
2023-12-08,EMR,146,59,87,146,ITH,ITH5,8,Emilia-Romagna
2023-10-25,ABR,188,92,96,188,ITF,ITF1,13,Abruzzo
2023-11-10,TOS,6814,3221,3593,6814,ITI,ITI1,9,Toscana
2023-11-04,EMR,2911,1420,1491,2911,ITH,ITH5,8,Emilia-Romagna
2023-12-28,LOM,5251,2498,2753,5251,ITC,ITC4,3,Lombardia
2023-11-03,MAR,830,430,400,830,ITI,ITI3,11,Marche
2023-11-07,VEN,1958,866,1092,1958,ITH,ITH3,5,Veneto
2023-10-13,LOM,521,203,318,521,ITC,ITC4,3,Lombardia
2023-12-27,PAB,50,29,21,50,ITH,ITH1,4,Provincia Autonoma Bolzano / Bozen
2023-12-16,MOL,563,292,271,563,ITF,ITF2,14,Molise
2023-12-06,SIC,484,255,229,484,ITG,ITG1,19,Sicilia
2023-12-30,TOS,393,206,187,393,ITI,ITI1,9,Toscana
2023-11-02,PAT,515,259,256,515,ITH,ITH2,4,Provincia Autonoma Trento
2024-01-16,TOS,571,264,307,571,ITI,ITI1,9,Toscana
2023-12-20,BAS,502,258,244,502,ITF,ITF5,17,Basilicata
2023-12-21,SIC,1233,660,573,1233,ITG,ITG1,19,Sicilia
2024-01-09,LOM,3230,1489,1741,3230,ITC,ITC4,3,Lombardia
2023-12-18,EMR,3539,1769,1770,3539,ITH,ITH5,8,Emilia-Romagna
2023-12-20,SAR,1098,552,546,1098,ITG,ITG2,20,Sardegna
2023-10-16,PIE,189,110,79,189,ITC,ITC1,1,Piemonte
2024-01-02,BAS,105,57,48,105,ITF,ITF5,17,Basilicata
2023-11-26,VEN,64,30,34,64,ITH,ITH3,5,Veneto
2024-01-15,VDA,5,3,2,5,ITC,ITC2,2,Valle d'Aosta / Vallée d'Aoste
2023-12-04,VDA,16,7,9,16,ITC,ITC2,2,Valle d'Aosta / Vallée d'Aoste
2023-12-07,VEN,3267,1585,1682,3267,ITH,ITH3,5,Veneto
2023-12-07,EMR,3577,1688,1889,3577,ITH,ITH5,8,Emilia-Romagna
2023-12-07,SAR,928,489,439,928,ITG,ITG2,20,Sardegna
2023-11-15,LIG,1036,523,513,1036,ITC,ITC3,7,Liguria
2023-11-16,LIG,1034,517,517,1034,ITC,ITC3,7,Liguria
2024-01-15,MAR,166,85,81,166,ITI,ITI3,11,Marche
2023-11-01,LIG,81,9,72,81,ITC,ITC3,7,Liguria
2023-10-09,TOS,490,257,233,490,ITI,ITI1,9,Toscana
2024-01-16,MAR,206,103,103,206,ITI,ITI3,11,Marche
2024-01-05,PIE,1047,511,536,1047,ITC,ITC1,1,Piemonte
2023-11-22,MOL,143,80,63,143,ITF,ITF2,14,Molise
2023-10-22,CAM,3,1,2,3,ITF,ITF3,15,Campania
2023-10-18,VDA,149,70,79,149,ITC,ITC2,2,Valle d'Aosta / Vallée d'Aoste
2023-10-20,MOL,35,13,22,35,ITF,ITF2,14,Molise
2023-10-22,PIE,8,3,5,8,ITC,ITC1,1,Piemonte
2023-12-25,PUG,4,1,3,4,ITF,ITF4,16,Puglia
2023-12-18,MOL,238,128,110,238,ITF,ITF2,14,Molise
2024-01-14,MAR,12,6,6,12,ITI,ITI3,11,Marche
2023-11-26,PAB,1,1,0,1,ITH,ITH1,4,Provincia Autonoma Bolzano / Bozen
2023-12-28,PAB,6,2,4,6,ITH,ITH1,4,Provincia Autonoma Bolzano / Bozen
2023-09-29,VDA,6,2,4,6,ITC,ITC2,2,Valle d'Aosta / Vallée d'Aoste
2023-10-15,PAB,8,4,4,8,ITH,ITH1,4,Provincia Autonoma Bolzano / Bozen
2024-01-17,VDA,22,13,9,22,ITC,ITC2,2,Valle d'Aosta / Vallée d'Aoste
2023-12-23,VDA,3,2,1,3,ITC,ITC2,2,Valle d'Aosta / Vallée d'Aoste
2023-11-26,UMB,10,3,7,10,ITI,ITI2,10,Umbria
2023-12-25,CAL,1,1,0,1,ITF,ITF6,18,Calabria
2024-01-17,PIE,883,429,454,883,ITC,ITC1,1,Piemonte
2023-12-06,CAM,1090,600,490,1090,ITF,ITF3,15,Campania
2023-12-06,PUG,2566,1293,1273,2566,ITF,ITF4,16,Puglia
2023-10-29,TOS,36,15,21,36,ITI,ITI1,9,Toscana
2023-11-23,BAS,45,29,16,45,ITF,ITF5,17,Basilicata
2023-12-22,TOS,5101,2614,2487,5101,ITI,ITI1,9,Toscana
2023-11-16,LOM,10183,4766,5417,10183,ITC,ITC4,3,Lombardia
2023-11-18,VDA,80,42,38,80,ITC,ITC2,2,Valle d'Aosta / Vallée d'Aoste
2023-12-02,MOL,37,20,17,37,ITF,ITF2,14,Molise
2023-11-01,FVG,23,10,13,23,ITH,ITH4,6,Friuli-Venezia Giulia
2023-12-06,PAT,412,188,224,412,ITH,ITH2,4,Provincia Autonoma Trento
2023-11-13,LAZ,1742,909,833,1742,ITI,ITI4,12,Lazio
2023-10-31,PIE,1546,761,785,1546,ITC,ITC1,1,Piemonte
2023-12-11,FVG,1064,497,567,1064,ITH,ITH4,6,Friuli-Venezia Giulia
2023-12-20,MAR,66,36,30,66,ITI,ITI3,11,Marche
2024-01-15,CAL,115,62,53,115,ITF,ITF6,18,Calabria
2023-12-31,EMR,122,59,63,122,ITH,ITH5,8,Emilia-Romagna
2023-10-06,CAM,28,15,13,28,ITF,ITF3,15,Campania
2023-12-23,VEN,1480,806,674,1480,ITH,ITH3,5,Veneto
2023-11-06,EMR,4042,1856,2186,4042,ITH,ITH5,8,Emilia-Romagna
2023-10-22,MAR,54,30,24,54,ITI,ITI3,11,Marche
2023-12-10,PIE,80,36,44,80,ITC,ITC1,1,Piemonte
2024-01-07,UMB,8,4,4,8,ITI,ITI2,10,Umbria
2023-09-25,ABR,1,0,1,1,ITF,ITF1,13,Abruzzo
2023-12-30,BAS,105,56,49,105,ITF,ITF5,17,Basilicata
2023-11-24,PIE,3583,1730,1853,3583,ITC,ITC1,1,Piemonte
2023-10-30,FVG,532,274,258,532,ITH,ITH4,6,Friuli-Venezia Giulia
2023-10-23,ABR,120,61,59,120,ITF,ITF1,13,Abruzzo
2023-11-24,SAR,570,293,277,570,ITG,ITG2,20,Sardegna
2024-01-02,MAR,102,46,56,102,ITI,ITI3,11,Marche
2023-11-08,EMR,7079,3329,3750,7079,ITH,ITH5,8,Emilia-Romagna
2024-01-02,TOS,788,382,406,788,ITI,ITI1,9,Toscana
2023-11-07,TOS,5229,2441,2788,5229,ITI,ITI1,9,Toscana
2023-10-14,PIE,43,20,23,43,ITC,ITC1,1,Piemonte
2023-11-10,SAR,336,163,173,336,ITG,ITG2,20,Sardegna
2024-01-10,LIG,773,362,411,773,ITC,ITC3,7,Liguria
2024-01-07,LOM,72,45,27,72,ITC,ITC4,3,Lombardia
2023-12-20,VDA,97,54,43,97,ITC,ITC2,2,Valle d'Aosta / Vallée d'Aoste
2023-10-23,CAL,23,14,9,23,ITF,ITF6,18,Calabria
2023-12-31,BAS,7,4,3,7,ITF,ITF5,17,Basilicata
2023-10-14,ABR,11,5,6,11,ITF,ITF1,13,Abruzzo
2023-12-10,BAS,9,5,4,9,ITF,ITF5,17,Basilicata
2023-10-21,CAL,13,9,4,13,ITF,ITF6,18,Calabria
2024-01-17,MOL,20,9,11,20,ITF,ITF2,14,Molise
2023-12-03,MAR,1,0,1,1,ITI,ITI3,11,Marche
2023-11-09,VDA,164,80,84,164,ITC,ITC2,2,Valle d'Aosta / Vallée d'Aoste
2024-01-04,VDA,19,6,13,19,ITC,ITC2,2,Valle d'Aosta / Vallée d'Aoste
2023-10-12,VDA,17,7,10,17,ITC,ITC2,2,Valle d'Aosta / Vallée d'Aoste
2024-01-14,CAM,8,5,3,8,ITF,ITF3,15,Campania
2023-11-17,BAS,12,8,4,12,ITF,ITF5,17,Basilicata
2023-12-23,MOL,1,0,1,1,ITF,ITF2,14,Molise
