data,area,totale,m,f,d,N1,N2,ISTAT,reg
2024-10-16,ABR,103,60,43,103,ITF,ITF1,13,Abruzzo
2024-10-19,ABR,12,6,6,12,ITF,ITF1,13,Abruzzo
2024-10-16,BAS,7,6,1,7,ITF,ITF5,17,Basilicata
2024-11-08,BAS,5,1,4,5,ITF,ITF5,17,Basilicata
2024-11-11,BAS,72,36,36,72,ITF,ITF5,17,Basilicata
2024-11-14,BAS,35,18,17,35,ITF,ITF5,17,Basilicata
2024-11-17,BAS,8,4,4,8,ITF,ITF5,17,Basilicata
2024-09-26,CAM,1,1,0,1,ITF,ITF3,15,Campania
2024-10-02,CAM,19,12,7,19,ITF,ITF3,15,Campania
2024-10-22,CAM,65,39,26,65,ITF,ITF3,15,Campania
2024-10-25,CAM,32,15,17,32,ITF,ITF3,15,Campania
2024-10-28,CAM,90,51,39,90,ITF,ITF3,15,Campania
2024-10-31,CAM,98,58,40,98,ITF,ITF3,15,Campania
2024-11-23,CAM,52,25,27,52,ITF,ITF3,15,Campania
2024-11-26,CAM,123,60,63,123,ITF,ITF3,15,Campania
2024-09-26,EMR,11,5,6,11,ITH,ITH5,8,Emilia-Romagna
2024-10-19,EMR,1119,544,575,1119,ITH,ITH5,8,Emilia-Romagna
2024-10-22,EMR,4017,1963,2054,4017,ITH,ITH5,8,Emilia-Romagna
2024-10-25,EMR,3981,1884,2097,3981,ITH,ITH5,8,Emilia-Romagna
2024-10-28,EMR,3065,1399,1666,3065,ITH,ITH5,8,Emilia-Romagna
2024-11-17,EMR,204,96,108,204,ITH,ITH5,8,Emilia-Romagna
2024-11-20,EMR,3011,1448,1563,3011,ITH,ITH5,8,Emilia-Romagna
2024-11-23,EMR,674,323,351,674,ITH,ITH5,8,Emilia-Romagna
2024-11-26,EMR,2524,1206,1318,2524,ITH,ITH5,8,Emilia-Romagna
2024-10-09,FVG,18,8,10,18,ITH,ITH4,6,Friuli-Venezia Giulia
2024-10-15,FVG,26,14,12,26,ITH,ITH4,6,Friuli-Venezia Giulia
2024-10-18,FVG,196,97,99,196,ITH,ITH4,6,Friuli-Venezia Giulia
2024-11-07,FVG,966,453,513,966,ITH,ITH4,6,Friuli-Venezia Giulia
2024-11-10,FVG,14,5,9,14,ITH,ITH4,6,Friuli-Venezia Giulia
2024-11-13,FVG,955,434,521,955,ITH,ITH4,6,Friuli-Venezia Giulia
2024-11-16,FVG,549,275,274,549,ITH,ITH4,6,Friuli-Venezia Giulia
2024-09-25,LAZ,10,7,3,10,ITI,ITI4,12,Lazio
2024-10-15,LAZ,409,200,209,409,ITI,ITI4,12,Lazio
2024-10-18,LAZ,756,398,358,756,ITI,ITI4,12,Lazio
2024-10-21,LAZ,958,508,450,958,ITI,ITI4,12,Lazio
2024-10-24,LAZ,1176,593,583,1176,ITI,ITI4,12,Lazio
2024-11-16,LAZ,375,202,173,375,ITI,ITI4,12,Lazio
2024-11-19,LAZ,489,243,246,489,ITI,ITI4,12,Lazio
2024-11-22,LAZ,1068,501,567,1068,ITI,ITI4,12,Lazio
2024-10-02,LIG,68,33,35,68,ITC,ITC3,7,Liguria
2024-10-05,LIG,5,2,3,5,ITC,ITC3,7,Liguria
2024-10-08,LIG,109,56,53,109,ITC,ITC3,7,Liguria
2024-10-11,LIG,84,44,40,84,ITC,ITC3,7,Liguria
2024-10-31,LIG,536,269,267,536,ITC,ITC3,7,Liguria
2024-11-06,LIG,564,269,295,564,ITC,ITC3,7,Liguria
2024-11-09,LIG,77,36,41,77,ITC,ITC3,7,Liguria
2024-10-08,LOM,1580,699,881,1580,ITC,ITC4,3,Lombardia
2024-10-11,LOM,2274,1012,1262,2274,ITC,ITC4,3,Lombardia
2024-10-14,LOM,4786,2323,2463,4786,ITC,ITC4,3,Lombardia
2024-10-17,LOM,7069,3327,3742,7069,ITC,ITC4,3,Lombardia
2024-11-06,LOM,8665,4108,4557,8665,ITC,ITC4,3,Lombardia
2024-11-09,LOM,5273,2575,2698,5273,ITC,ITC4,3,Lombardia
2024-11-12,LOM,7447,3534,3913,7447,ITC,ITC4,3,Lombardia
2024-11-15,LOM,6337,2930,3407,6337,ITC,ITC4,3,Lombardia
2024-10-23,MAR,476,242,234,476,ITI,ITI3,11,Marche
2024-10-26,MAR,432,224,208,432,ITI,ITI3,11,Marche
2024-11-18,MAR,162,82,80,162,ITI,ITI3,11,Marche
2024-11-21,MAR,571,281,290,571,ITI,ITI3,11,Marche
2024-11-24,MAR,8,4,4,8,ITI,ITI3,11,Marche
2024-11-27,MAR,131,63,68,131,ITI,ITI3,11,Marche
2024-10-11,MOL,5,1,4,5,ITF,ITF2,14,Molise
2024-10-14,MOL,4,1,3,4,ITF,ITF2,14,Molise
2024-11-09,MOL,25,15,10,25,ITF,ITF2,14,Molise
2024-11-12,MOL,12,9,3,12,ITF,ITF2,14,Molise
2024-11-15,MOL,43,19,24,43,ITF,ITF2,14,Molise
2024-11-18,MOL,17,6,11,17,ITF,ITF2,14,Molise
2024-10-16,PAB,367,206,161,367,ITH,ITH1,4,Provincia Autonoma Bolzano / Bozen
2024-10-15,ABR,103,54,49,103,ITF,ITF1,13,Abruzzo
2024-11-07,ABR,271,139,132,271,ITF,ITF1,13,Abruzzo
2024-10-09,BAS,7,5,2,7,ITF,ITF5,17,Basilicata
2024-11-04,BAS,6,3,3,6,ITF,ITF5,17,Basilicata
2024-11-07,BAS,18,7,11,18,ITF,ITF5,17,Basilicata
2024-11-13,BAS,41,22,19,41,ITF,ITF5,17,Basilicata
2024-10-02,CAL,4,1,3,4,ITF,ITF6,18,Calabria
2024-10-10,CAM,16,10,6,16,ITF,ITF3,15,Campania
2024-10-16,CAM,31,16,15,31,ITF,ITF3,15,Campania
2024-11-11,CAM,152,87,65,152,ITF,ITF3,15,Campania
2024-11-14,CAM,99,63,36,99,ITF,ITF3,15,Campania
2024-11-17,CAM,2,2,0,2,ITF,ITF3,15,Campania
2024-11-20,CAM,145,83,62,145,ITF,ITF3,15,Campania
2024-10-07,EMR,383,162,221,383,ITH,ITH5,8,Emilia-Romagna
2024-10-10,EMR,1212,595,617,1212,ITH,ITH5,8,Emilia-Romagna
2024-10-13,EMR,50,17,33,50,ITH,ITH5,8,Emilia-Romagna
2024-10-16,EMR,2729,1304,1425,2729,ITH,ITH5,8,Emilia-Romagna
2024-11-08,EMR,4471,2132,2339,4471,ITH,ITH5,8,Emilia-Romagna
2024-11-11,EMR,2363,1127,1236,2363,ITH,ITH5,8,Emilia-Romagna
2024-11-14,EMR,3789,1787,2002,3789,ITH,ITH5,8,Emilia-Romagna
2024-10-21,FVG,233,126,107,233,ITH,ITH4,6,Friuli-Venezia Giulia
2024-10-24,FVG,394,199,195,394,ITH,ITH4,6,Friuli-Venezia Giulia
2024-11-19,FVG,753,344,409,753,ITH,ITH4,6,Friuli-Venezia Giulia
2024-11-22,FVG,910,407,503,910,ITH,ITH4,6,Friuli-Venezia Giulia
2024-11-25,FVG,451,222,229,451,ITH,ITH4,6,Friuli-Venezia Giulia
2024-11-28,FVG,591,266,325,591,ITH,ITH4,6,Friuli-Venezia Giulia
2024-09-26,LAZ,7,5,2,7,ITI,ITI4,12,Lazio
2024-10-19,LAZ,538,269,269,538,ITI,ITI4,12,Lazio
2024-10-22,LAZ,1062,545,517,1062,ITI,ITI4,12,Lazio
2024-10-25,LAZ,1101,543,558,1101,ITI,ITI4,12,Lazio
2024-10-28,LAZ,541,261,280,541,ITI,ITI4,12,Lazio
2024-11-20,LAZ,1293,633,660,1293,ITI,ITI4,12,Lazio
2024-11-23,LAZ,355,180,175,355,ITI,ITI4,12,Lazio
2024-11-26,LAZ,928,392,536,928,ITI,ITI4,12,Lazio
2024-09-28,LIG,1,0,1,1,ITC,ITC3,7,Liguria
2024-10-01,LIG,19,10,9,19,ITC,ITC3,7,Liguria
2024-10-04,LIG,45,22,23,45,ITC,ITC3,7,Liguria
2024-10-07,LIG,57,29,28,57,ITC,ITC3,7,Liguria
2024-10-30,LIG,526,270,256,526,ITC,ITC3,7,Liguria
2024-11-02,LIG,4,1,3,4,ITC,ITC3,7,Liguria
2024-11-05,LIG,1057,528,529,1057,ITC,ITC3,7,Liguria
2024-11-28,LIG,370,168,202,370,ITC,ITC3,7,Liguria
2024-09-21,LOM,28,14,14,28,ITC,ITC4,3,Lombardia
2024-09-24,LOM,47,24,23,47,ITC,ITC4,3,Lombardia
2024-09-27,LOM,92,49,43,92,ITC,ITC4,3,Lombardia
2024-10-20,LOM,939,470,469,939,ITC,ITC4,3,Lombardia
2024-10-23,LOM,8941,4335,4606,8941,ITC,ITC4,3,Lombardia
2024-10-26,LOM,6230,3101,3129,6230,ITC,ITC4,3,Lombardia
2024-10-29,LOM,8337,3997,4340,8337,ITC,ITC4,3,Lombardia
2024-11-18,LOM,5186,2440,2746,5186,ITC,ITC4,3,Lombardia
2024-11-21,LOM,4869,2267,2602,4869,ITC,ITC4,3,Lombardia
2024-11-24,LOM,373,179,194,373,ITC,ITC4,3,Lombardia
2024-11-27,LOM,3768,1711,2057,3768,ITC,ITC4,3,Lombardia
2024-10-16,MAR,99,54,45,99,ITI,ITI3,11,Marche
2024-10-19,MAR,78,42,36,78,ITI,ITI3,11,Marche
2024-10-22,MAR,312,157,155,312,ITI,ITI3,11,Marche
2024-11-14,MAR,658,322,336,658,ITI,ITI3,11,Marche
2024-11-20,MAR,565,266,299,565,ITI,ITI3,11,Marche
2024-11-23,MAR,43,22,21,43,ITI,ITI3,11,Marche
2024-11-08,MOL,20,12,8,20,ITF,ITF2,14,Molise
2024-11-11,MOL,6,5,1,6,ITF,ITF2,14,Molise
2024-11-14,MOL,5,4,1,5,ITF,ITF2,14,Molise
2024-11-05,PAB,47,22,25,47,ITH,ITH1,4,Provincia Autonoma Bolzano / Bozen
2024-11-08,PAB,329,162,167,329,ITH,ITH1,4,Provincia Autonoma Bolzano / Bozen
2024-11-11,PAB,229,108,121,229,ITH,ITH1,4,Provincia Autonoma Bolzano / Bozen
2024-11-14,PAB,334,150,184,334,ITH,ITH1,4,Provincia Autonoma Bolzano / Bozen
2024-10-08,PAT,15,9,6,15,ITH,ITH2,4,Provincia Autonoma Trento
2024-10-14,ABR,70,44,26,70,ITF,ITF1,13,Abruzzo
2024-10-17,ABR,194,115,79,194,ITF,ITF1,13,Abruzzo
2024-10-20,ABR,1,1,0,1,ITF,ITF1,13,Abruzzo
2024-10-23,ABR,85,37,48,85,ITF,ITF1,13,Abruzzo
2024-11-12,BAS,32,16,16,32,ITF,ITF5,17,Basilicata
2024-11-15,BAS,36,26,10,36,ITF,ITF5,17,Basilicata
2024-11-18,BAS,10,6,4,10,ITF,ITF5,17,Basilicata
2024-10-18,CAM,56,27,29,56,ITF,ITF3,15,Campania
2024-10-21,CAM,49,30,19,49,ITF,ITF3,15,Campania
2024-10-24,CAM,47,25,22,47,ITF,ITF3,15,Campania
2024-11-19,CAM,140,77,63,140,ITF,ITF3,15,Campania
2024-11-22,CAM,117,54,63,117,ITF,ITF3,15,Campania
2024-11-25,CAM,161,78,83,161,ITF,ITF3,15,Campania
2024-10-15,EMR,2576,1243,1333,2576,ITH,ITH5,8,Emilia-Romagna
2024-10-18,EMR,2558,1292,1266,2558,ITH,ITH5,8,Emilia-Romagna
2024-10-21,EMR,2112,999,1113,2112,ITH,ITH5,8,Emilia-Romagna
2024-10-24,EMR,4480,2158,2322,4480,ITH,ITH5,8,Emilia-Romagna
2024-11-16,EMR,1547,720,827,1547,ITH,ITH5,8,Emilia-Romagna
2024-11-19,EMR,2965,1405,1560,2965,ITH,ITH5,8,Emilia-Romagna
2024-11-22,EMR,2839,1331,1508,2839,ITH,ITH5,8,Emilia-Romagna
2024-09-20,FVG,19,9,10,19,ITH,ITH4,6,Friuli-Venezia Giulia
2024-10-16,FVG,133,58,75,133,ITH,ITH4,6,Friuli-Venezia Giulia
2024-10-19,FVG,56,23,33,56,ITH,ITH4,6,Friuli-Venezia Giulia
2024-11-11,FVG,665,303,362,665,ITH,ITH4,6,Friuli-Venezia Giulia
2024-11-14,FVG,898,423,475,898,ITH,ITH4,6,Friuli-Venezia Giulia
2024-11-17,FVG,13,4,9,13,ITH,ITH4,6,Friuli-Venezia Giulia
2024-11-20,FVG,547,267,280,547,ITH,ITH4,6,Friuli-Venezia Giulia
2024-09-21,LAZ,1,0,1,1,ITI,ITI4,12,Lazio
2024-10-11,LAZ,290,157,133,290,ITI,ITI4,12,Lazio
2024-10-14,LAZ,332,170,162,332,ITI,ITI4,12,Lazio
2024-10-17,LAZ,605,290,315,605,ITI,ITI4,12,Lazio
2024-10-20,LAZ,40,16,24,40,ITI,ITI4,12,Lazio
2024-11-12,LAZ,1351,645,706,1351,ITI,ITI4,12,Lazio
2024-11-15,LAZ,1351,673,678,1351,ITI,ITI4,12,Lazio
2024-11-18,LAZ,827,401,426,827,ITI,ITI4,12,Lazio
2024-10-09,LIG,78,41,37,78,ITC,ITC3,7,Liguria
2024-10-12,LIG,10,6,4,10,ITC,ITC3,7,Liguria
2024-10-15,LIG,349,191,158,349,ITC,ITC3,7,Liguria
2024-11-04,LIG,154,69,85,154,ITC,ITC3,7,Liguria
2024-11-07,LIG,776,374,402,776,ITC,ITC3,7,Liguria
2024-11-13,LIG,542,265,277,542,ITC,ITC3,7,Liguria
2024-09-19,LOM,2,0,2,2,ITC,ITC4,3,Lombardia
2024-10-12,LOM,1473,720,753,1473,ITC,ITC4,3,Lombardia
2024-10-15,LOM,6382,3112,3270,6382,ITC,ITC4,3,Lombardia
2024-10-18,LOM,6388,3147,3241,6388,ITC,ITC4,3,Lombardia
2024-10-21,LOM,8304,4126,4178,8304,ITC,ITC4,3,Lombardia
2024-11-10,LOM,698,336,362,698,ITC,ITC4,3,Lombardia
2024-11-13,LOM,6878,3294,3584,6878,ITC,ITC4,3,Lombardia
2024-11-16,LOM,4370,2110,2260,4370,ITC,ITC4,3,Lombardia
2024-11-19,LOM,5760,2642,3118,5760,ITC,ITC4,3,Lombardia
2024-10-21,MAR,112,62,50,112,ITI,ITI3,11,Marche
2024-10-24,MAR,542,268,274,542,ITI,ITI3,11,Marche
2024-10-27,MAR,3,1,2,3,ITI,ITI3,11,Marche
2024-10-30,MAR,384,186,198,384,ITI,ITI3,11,Marche
2024-11-22,MAR,352,170,182,352,ITI,ITI3,11,Marche
2024-11-25,MAR,170,86,84,170,ITI,ITI3,11,Marche
2024-11-28,MAR,140,66,74,140,ITI,ITI3,11,Marche
2024-10-24,MOL,17,8,9,17,ITF,ITF2,14,Molise
2024-11-13,MOL,3,1,2,3,ITF,ITF2,14,Molise
2024-11-16,MOL,17,10,7,17,ITF,ITF2,14,Molise
2024-11-19,MOL,7,5,2,7,ITF,ITF2,14,Molise
2024-11-22,MOL,4,4,0,4,ITF,ITF2,14,Molise
2024-10-15,PAB,356,191,165,356,ITH,ITH1,4,Provincia Autonoma Bolzano / Bozen
2024-10-18,PAB,239,115,124,239,ITH,ITH1,4,Provincia Autonoma Bolzano / Bozen
2024-10-21,PAB,205,115,90,205,ITH,ITH1,4,Provincia Autonoma Bolzano / Bozen
2024-11-13,PAB,378,192,186,378,ITH,ITH1,4,Provincia Autonoma Bolzano / Bozen
2024-11-19,PAB,379,163,216,379,ITH,ITH1,4,Provincia Autonoma Bolzano / Bozen
2024-10-22,ABR,128,67,61,128,ITF,ITF1,13,Abruzzo
2024-10-25,ABR,133,69,64,133,ITF,ITF1,13,Abruzzo
2024-10-28,ABR,126,62,64,126,ITF,ITF1,13,Abruzzo
2024-10-31,ABR,152,77,75,152,ITF,ITF1,13,Abruzzo
2024-09-27,CAM,5,3,2,5,ITF,ITF3,15,Campania
2024-09-30,CAM,6,4,2,6,ITF,ITF3,15,Campania
2024-10-03,CAM,6,5,1,6,ITF,ITF3,15,Campania
2024-10-29,CAM,99,54,45,99,ITF,ITF3,15,Campania
2024-11-04,CAM,92,50,42,92,ITF,ITF3,15,Campania
2024-11-27,CAM,111,56,55,111,ITF,ITF3,15,Campania
2024-09-24,EMR,2,1,1,2,ITH,ITH5,8,Emilia-Romagna
2024-09-27,EMR,49,24,25,49,ITH,ITH5,8,Emilia-Romagna
2024-09-30,EMR,7,2,5,7,ITH,ITH5,8,Emilia-Romagna
2024-10-23,EMR,4215,2006,2209,4215,ITH,ITH5,8,Emilia-Romagna
2024-10-26,EMR,1623,788,835,1623,ITH,ITH5,8,Emilia-Romagna
2024-10-29,EMR,4724,2235,2489,4724,ITH,ITH5,8,Emilia-Romagna
2024-11-01,EMR,211,97,114,211,ITH,ITH5,8,Emilia-Romagna
2024-11-21,EMR,2854,1355,1499,2854,ITH,ITH5,8,Emilia-Romagna
2024-11-24,EMR,226,107,119,226,ITH,ITH5,8,Emilia-Romagna
2024-11-27,EMR,2324,1090,1234,2324,ITH,ITH5,8,Emilia-Romagna
2024-10-08,FVG,24,7,17,24,ITH,ITH4,6,Friuli-Venezia Giulia
2024-10-11,FVG,1,1,0,1,ITH,ITH4,6,Friuli-Venezia Giulia
2024-10-14,FVG,99,45,54,99,ITH,ITH4,6,Friuli-Venezia Giulia
2024-11-03,FVG,1,1,0,1,ITH,ITH4,6,Friuli-Venezia Giulia
2024-11-06,FVG,807,382,425,807,ITH,ITH4,6,Friuli-Venezia Giulia
2024-11-09,FVG,345,178,167,345,ITH,ITH4,6,Friuli-Venezia Giulia
2024-11-12,FVG,932,409,523,932,ITH,ITH4,6,Friuli-Venezia Giulia
2024-10-03,LAZ,28,18,10,28,ITI,ITI4,12,Lazio
2024-10-09,LAZ,175,83,92,175,ITI,ITI4,12,Lazio
2024-10-12,LAZ,136,70,66,136,ITI,ITI4,12,Lazio
2024-11-04,LAZ,1025,450,575,1025,ITI,ITI4,12,Lazio
2024-11-07,LAZ,1568,728,840,1568,ITI,ITI4,12,Lazio
2024-11-10,LAZ,49,20,29,49,ITI,ITI4,12,Lazio
2024-11-13,LAZ,1617,768,849,1617,ITI,ITI4,12,Lazio
2024-10-14,LIG,178,92,86,178,ITC,ITC3,7,Liguria
2024-10-17,LIG,382,209,173,382,ITC,ITC3,7,Liguria
2024-11-12,LIG,704,357,347,704,ITC,ITC3,7,Liguria
2024-11-15,LIG,464,217,247,464,ITC,ITC3,7,Liguria
2024-11-18,LIG,246,134,112,246,ITC,ITC3,7,Liguria
2024-11-21,LIG,708,342,366,708,ITC,ITC3,7,Liguria
2024-10-04,LOM,660,319,341,660,ITC,ITC4,3,Lombardia
2024-10-07,LOM,1022,501,521,1022,ITC,ITC4,3,Lombardia
2024-10-10,LOM,1814,838,976,1814,ITC,ITC4,3,Lombardia
2024-10-13,LOM,186,92,94,186,ITC,ITC4,3,Lombardia
2024-11-02,LOM,2040,984,1056,2040,ITC,ITC4,3,Lombardia
2024-11-05,LOM,8678,4190,4488,8678,ITC,ITC4,3,Lombardia
2024-11-08,LOM,7664,3661,4003,7664,ITC,ITC4,3,Lombardia
2024-11-11,LOM,6492,3112,3380,6492,ITC,ITC4,3,Lombardia
2024-10-03,MAR,7,3,4,7,ITI,ITI3,11,Marche
2024-10-29,MAR,375,193,182,375,ITI,ITI3,11,Marche
2024-11-01,MAR,15,9,6,15,ITI,ITI3,11,Marche
2024-11-04,MAR,222,109,113,222,ITI,ITI3,11,Marche
2024-11-07,MAR,703,322,381,703,ITI,ITI3,11,Marche
2024-10-23,MOL,3,2,1,3,ITF,ITF2,14,Molise
2024-10-29,MOL,17,11,6,17,ITF,ITF2,14,Molise
2024-11-21,MOL,3,2,1,3,ITF,ITF2,14,Molise
2024-11-27,MOL,3,3,0,3,ITF,ITF2,14,Molise
2024-10-20,PAB,1,0,1,1,ITH,ITH1,4,Provincia Autonoma Bolzano / Bozen
2024-10-23,PAB,408,207,201,408,ITH,ITH1,4,Provincia Autonoma Bolzano / Bozen
2024-10-29,PAB,26,12,14,26,ITH,ITH1,4,Provincia Autonoma Bolzano / Bozen
2024-11-21,PAB,266,129,137,266,ITH,ITH1,4,Provincia Autonoma Bolzano / Bozen
2024-11-27,PAB,91,32,59,91,ITH,ITH1,4,Provincia Autonoma Bolzano / Bozen
2024-10-15,PAT,230,133,97,230,ITH,ITH2,4,Provincia Autonoma Trento
2024-10-18,PAT,448,210,238,448,ITH,ITH2,4,Provincia Autonoma Trento
2024-10-21,PAT,228,120,108,228,ITH,ITH2,4,Provincia Autonoma Trento
2024-11-13,PAT,375,180,195,375,ITH,ITH2,4,Provincia Autonoma Trento
2024-11-16,PAT,57,24,33,57,ITH,ITH2,4,Provincia Autonoma Trento
2024-10-08,ABR,8,2,6,8,ITF,ITF1,13,Abruzzo
2024-10-11,ABR,40,25,15,40,ITF,ITF1,13,Abruzzo
2024-11-03,ABR,22,10,12,22,ITF,ITF1,13,Abruzzo
2024-11-06,ABR,214,110,104,214,ITF,ITF1,13,Abruzzo
2024-11-09,ABR,8,5,3,8,ITF,ITF1,13,Abruzzo
2024-10-31,BAS,1,1,0,1,ITF,ITF5,17,Basilicata
2024-11-06,BAS,5,4,1,5,ITF,ITF5,17,Basilicata
2024-11-09,BAS,20,11,9,20,ITF,ITF5,17,Basilicata
2024-09-18,CAM,2,0,2,2,ITF,ITF3,15,Campania
2024-10-14,CAM,34,22,12,34,ITF,ITF3,15,Campania
2024-10-17,CAM,63,34,29,63,ITF,ITF3,15,Campania
2024-10-23,CAM,58,35,23,58,ITF,ITF3,15,Campania
2024-11-15,CAM,98,57,41,98,ITF,ITF3,15,Campania
2024-11-18,CAM,132,64,68,132,ITF,ITF3,15,Campania
2024-11-21,CAM,132,82,50,132,ITF,ITF3,15,Campania
2024-11-24,CAM,3,2,1,3,ITF,ITF3,15,Campania
2024-10-11,EMR,1147,526,621,1147,ITH,ITH5,8,Emilia-Romagna
2024-10-14,EMR,1463,680,783,1463,ITH,ITH5,8,Emilia-Romagna
2024-10-17,EMR,3146,1511,1635,3146,ITH,ITH5,8,Emilia-Romagna
2024-10-20,EMR,216,104,112,216,ITH,ITH5,8,Emilia-Romagna
2024-11-12,EMR,3835,1855,1980,3835,ITH,ITH5,8,Emilia-Romagna
2024-11-15,EMR,3020,1369,1651,3020,ITH,ITH5,8,Emilia-Romagna
2024-11-18,EMR,1958,920,1038,1958,ITH,ITH5,8,Emilia-Romagna
2024-10-17,FVG,146,76,70,146,ITH,ITH4,6,Friuli-Venezia Giulia
2024-10-23,FVG,425,212,213,425,ITH,ITH4,6,Friuli-Venezia Giulia
2024-11-15,FVG,766,392,374,766,ITH,ITH4,6,Friuli-Venezia Giulia
2024-11-18,FVG,483,232,251,483,ITH,ITH4,6,Friuli-Venezia Giulia
2024-11-21,FVG,762,371,391,762,ITH,ITH4,6,Friuli-Venezia Giulia
2024-11-24,FVG,5,3,2,5,ITH,ITH4,6,Friuli-Venezia Giulia
2024-09-27,LAZ,6,2,4,6,ITI,ITI4,12,Lazio
2024-09-30,LAZ,23,15,8,23,ITI,ITI4,12,Lazio
2024-10-23,LAZ,1436,725,711,1436,ITI,ITI4,12,Lazio
2024-10-26,LAZ,559,273,286,559,ITI,ITI4,12,Lazio
2024-10-29,LAZ,1443,726,717,1443,ITI,ITI4,12,Lazio
2024-11-01,LAZ,20,8,12,20,ITI,ITI4,12,Lazio
2024-11-21,LAZ,1298,607,691,1298,ITI,ITI4,12,Lazio
2024-11-24,LAZ,50,24,26,50,ITI,ITI4,12,Lazio
2024-11-27,LAZ,1221,573,648,1221,ITI,ITI4,12,Lazio
2024-09-24,LIG,8,4,4,8,ITC,ITC3,7,Liguria
2024-09-27,LIG,16,11,5,16,ITC,ITC3,7,Liguria
2024-09-30,LIG,42,24,18,42,ITC,ITC3,7,Liguria
2024-10-03,LIG,35,21,14,35,ITC,ITC3,7,Liguria
2024-10-23,LIG,484,251,233,484,ITC,ITC3,7,Liguria
2024-10-26,LIG,68,33,35,68,ITC,ITC3,7,Liguria
2024-10-29,LIG,646,324,322,646,ITC,ITC3,7,Liguria
2024-11-24,LIG,4,0,4,4,ITC,ITC3,7,Liguria
2024-11-27,LIG,521,241,280,521,ITC,ITC3,7,Liguria
2024-09-20,LOM,22,11,11,22,ITC,ITC4,3,Lombardia
2024-09-23,LOM,11,5,6,11,ITC,ITC4,3,Lombardia
2024-10-16,LOM,6901,3371,3530,6901,ITC,ITC4,3,Lombardia
2024-10-19,LOM,4575,2328,2247,4575,ITC,ITC4,3,Lombardia
2024-10-22,LOM,9635,4622,5013,9635,ITC,ITC4,3,Lombardia
2024-10-25,LOM,8409,4027,4382,8409,ITC,ITC4,3,Lombardia
2024-11-14,LOM,6948,3186,3762,6948,ITC,ITC4,3,Lombardia
2024-11-17,LOM,497,233,264,497,ITC,ITC4,3,Lombardia
2024-11-20,LOM,5542,2462,3080,5542,ITC,ITC4,3,Lombardia
2024-11-23,LOM,2884,1386,1498,2884,ITC,ITC4,3,Lombardia
2024-10-15,MAR,40,19,21,40,ITI,ITI3,11,Marche
2024-10-18,MAR,201,97,104,201,ITI,ITI3,11,Marche
2024-11-10,MAR,33,12,21,33,ITI,ITI3,11,Marche
2024-11-13,MAR,572,281,291,572,ITI,ITI3,11,Marche
2024-11-16,MAR,116,61,55,116,ITI,ITI3,11,Marche
2024-11-19,MAR,507,224,283,507,ITI,ITI3,11,Marche
2024-10-03,MOL,10,6,4,10,ITF,ITF2,14,Molise
2024-11-04,MOL,19,7,12,19,ITF,ITF2,14,Molise
2024-11-07,MOL,5,3,2,5,ITF,ITF2,14,Molise
2024-10-14,PAB,5,4,1,5,ITH,ITH1,4,Provincia Autonoma Bolzano / Bozen
2024-10-07,ABR,7,3,4,7,ITF,ITF1,13,Abruzzo
2024-10-10,ABR,47,33,14,47,ITF,ITF1,13,Abruzzo
2024-10-30,ABR,134,79,55,134,ITF,ITF1,13,Abruzzo
2024-11-02,ABR,16,8,8,16,ITF,ITF1,13,Abruzzo
2024-11-05,ABR,255,138,117,255,ITF,ITF1,13,Abruzzo
2024-11-08,ABR,158,78,80,158,ITF,ITF1,13,Abruzzo
2024-10-30,BAS,15,7,8,15,ITF,ITF5,17,Basilicata
2024-10-05,CAM,2,1,1,2,ITF,ITF3,15,Campania
2024-10-08,CAM,16,11,5,16,ITF,ITF3,15,Campania
2024-10-11,CAM,25,15,10,25,ITF,ITF3,15,Campania
2024-11-03,CAM,5,2,3,5,ITF,ITF3,15,Campania
2024-11-06,CAM,82,47,35,82,ITF,ITF3,15,Campania
2024-11-09,CAM,61,33,28,61,ITF,ITF3,15,Campania
2024-11-12,CAM,81,46,35,81,ITF,ITF3,15,Campania
2024-09-29,EMR,1,1,0,1,ITH,ITH5,8,Emilia-Romagna
2024-10-02,EMR,10,5,5,10,ITH,ITH5,8,Emilia-Romagna
2024-10-08,EMR,988,500,488,988,ITH,ITH5,8,Emilia-Romagna
2024-10-31,EMR,2944,1367,1577,2944,ITH,ITH5,8,Emilia-Romagna
2024-11-03,EMR,268,130,138,268,ITH,ITH5,8,Emilia-Romagna
2024-11-06,EMR,4778,2263,2515,4778,ITH,ITH5,8,Emilia-Romagna
2024-11-09,EMR,2077,1016,1061,2077,ITH,ITH5,8,Emilia-Romagna
2024-09-27,FVG,21,10,11,21,ITH,ITH4,6,Friuli-Venezia Giulia
2024-09-30,FVG,20,11,9,20,ITH,ITH4,6,Friuli-Venezia Giulia
2024-10-03,FVG,1,1,0,1,ITH,ITH4,6,Friuli-Venezia Giulia
2024-10-26,FVG,209,109,100,209,ITH,ITH4,6,Friuli-Venezia Giulia
2024-10-29,FVG,345,157,188,345,ITH,ITH4,6,Friuli-Venezia Giulia
2024-11-01,FVG,5,2,3,5,ITH,ITH4,6,Friuli-Venezia Giulia
2024-11-04,FVG,335,149,186,335,ITH,ITH4,6,Friuli-Venezia Giulia
2024-11-27,FVG,607,282,325,607,ITH,ITH4,6,Friuli-Venezia Giulia
2024-10-01,LAZ,8,3,5,8,ITI,ITI4,12,Lazio
2024-10-04,LAZ,58,34,24,58,ITI,ITI4,12,Lazio
2024-10-27,LAZ,54,24,30,54,ITI,ITI4,12,Lazio
2024-10-30,LAZ,329,124,205,329,ITI,ITI4,12,Lazio
2024-11-02,LAZ,109,52,57,109,ITI,ITI4,12,Lazio
2024-11-05,LAZ,1507,703,804,1507,ITI,ITI4,12,Lazio
2024-11-25,LAZ,751,349,402,751,ITI,ITI4,12,Lazio
2024-11-28,LAZ,448,202,246,448,ITI,ITI4,12,Lazio
2024-09-23,LIG,5,4,1,5,ITC,ITC3,7,Liguria
2024-09-26,LIG,4,1,3,4,ITC,ITC3,7,Liguria
2024-10-22,LIG,565,283,282,565,ITC,ITC3,7,Liguria
2024-10-25,LIG,282,136,146,282,ITC,ITC3,7,Liguria
2024-10-28,LIG,382,194,188,382,ITC,ITC3,7,Liguria
2024-11-20,LIG,532,256,276,532,ITC,ITC3,7,Liguria
2024-11-23,LIG,74,32,42,74,ITC,ITC3,7,Liguria
2024-11-26,LIG,952,469,483,952,ITC,ITC3,7,Liguria
2024-09-26,LOM,73,41,32,73,ITC,ITC4,3,Lombardia
2024-09-29,LOM,12,9,3,12,ITC,ITC4,3,Lombardia
2024-10-02,LOM,314,157,157,314,ITC,ITC4,3,Lombardia
2024-10-05,LOM,3921,2072,1849,3921,ITC,ITC4,3,Lombardia
2024-10-28,LOM,7320,3441,3879,7320,ITC,ITC4,3,Lombardia
2024-10-31,LOM,7272,3439,3833,7272,ITC,ITC4,3,Lombardia
2024-11-03,LOM,224,114,110,224,ITC,ITC4,3,Lombardia
2024-11-26,LOM,3956,1832,2124,3956,ITC,ITC4,3,Lombardia
2024-10-17,MAR,137,64,73,137,ITI,ITI3,11,Marche
2024-11-06,MAR,572,265,307,572,ITI,ITI3,11,Marche
2024-11-09,MAR,308,156,152,308,ITI,ITI3,11,Marche
2024-11-12,MAR,297,145,152,297,ITI,ITI3,11,Marche
2024-11-15,MAR,236,127,109,236,ITI,ITI3,11,Marche
2024-10-31,MOL,25,13,12,25,ITF,ITF2,14,Molise
2024-11-06,MOL,10,4,6,10,ITF,ITF2,14,Molise
2024-10-28,PAB,191,80,111,191,ITH,ITH1,4,Provincia Autonoma Bolzano / Bozen
2024-10-31,PAB,433,217,216,433,ITH,ITH1,4,Provincia Autonoma Bolzano / Bozen
2024-11-06,PAB,456,231,225,456,ITH,ITH1,4,Provincia Autonoma Bolzano / Bozen
2024-11-26,PAB,228,109,119,228,ITH,ITH1,4,Provincia Autonoma Bolzano / Bozen
2024-10-07,PAT,33,15,18,33,ITH,ITH2,4,Provincia Autonoma Trento
2024-10-10,PAT,8,4,4,8,ITH,ITH2,4,Provincia Autonoma Trento
2024-11-05,PAT,114,55,59,114,ITH,ITH2,4,Provincia Autonoma Trento
2024-10-28,PAT,219,99,120,219,ITH,ITH2,4,Provincia Autonoma Trento
2024-10-31,PAT,240,112,128,240,ITH,ITH2,4,Provincia Autonoma Trento
2024-11-06,PAT,483,236,247,483,ITH,ITH2,4,Provincia Autonoma Trento
2024-10-09,PIE,27,18,9,27,ITC,ITC1,1,Piemonte
2024-10-12,PIE,43,20,23,43,ITC,ITC1,1,Piemonte
2024-10-15,PIE,278,153,125,278,ITC,ITC1,1,Piemonte
2024-10-18,PIE,747,390,357,747,ITC,ITC1,1,Piemonte
2024-11-10,PIE,40,20,20,40,ITC,ITC1,1,Piemonte
2024-11-13,PIE,1303,603,700,1303,ITC,ITC1,1,Piemonte
2024-11-16,PIE,354,170,184,354,ITC,ITC1,1,Piemonte
2024-09-26,PUG,2,1,1,2,ITF,ITF4,16,Puglia
2024-10-02,PUG,39,16,23,39,ITF,ITF4,16,Puglia
2024-10-05,PUG,29,24,5,29,ITF,ITF4,16,Puglia
2024-10-28,PUG,350,185,165,350,ITF,ITF4,16,Puglia
2024-10-31,PUG,460,249,211,460,ITF,ITF4,16,Puglia
2024-11-26,PUG,614,318,296,614,ITF,ITF4,16,Puglia
2024-10-16,SAR,13,9,4,13,ITG,ITG2,20,Sardegna
2024-10-22,SAR,142,60,82,142,ITG,ITG2,20,Sardegna
2024-11-11,SAR,328,165,163,328,ITG,ITG2,20,Sardegna
2024-11-14,SAR,233,119,114,233,ITG,ITG2,20,Sardegna
2024-11-20,SAR,207,107,100,207,ITG,ITG2,20,Sardegna
2024-10-08,SIC,4,3,1,4,ITG,ITG1,19,Sicilia
2024-10-31,SIC,4,2,2,4,ITG,ITG1,19,Sicilia
2024-11-06,SIC,13,7,6,13,ITG,ITG1,19,Sicilia
2024-10-04,TOS,30,11,19,30,ITI,ITI1,9,Toscana
2024-10-07,TOS,142,69,73,142,ITI,ITI1,9,Toscana
2024-10-10,TOS,562,255,307,562,ITI,ITI1,9,Toscana
2024-10-13,TOS,47,16,31,47,ITI,ITI1,9,Toscana
2024-11-02,TOS,176,86,90,176,ITI,ITI1,9,Toscana
2024-11-05,TOS,2242,1012,1230,2242,ITI,ITI1,9,Toscana
2024-11-08,TOS,2734,1318,1416,2734,ITI,ITI1,9,Toscana
2024-11-11,TOS,1657,799,858,1657,ITI,ITI1,9,Toscana
2024-10-23,UMB,5,2,3,5,ITI,ITI2,10,Umbria
2024-10-26,UMB,5,3,2,5,ITI,ITI2,10,Umbria
2024-10-29,UMB,20,12,8,20,ITI,ITI2,10,Umbria
2024-11-27,UMB,58,32,26,58,ITI,ITI2,10,Umbria
2024-10-23,VDA,182,89,93,182,ITC,ITC2,2,Valle d'Aosta / Vallée d'Aoste
2024-11-18,VDA,8,1,7,8,ITC,ITC2,2,Valle d'Aosta / Vallée d'Aoste
2024-11-21,VDA,66,27,39,66,ITC,ITC2,2,Valle d'Aosta / Vallée d'Aoste
2024-11-24,VDA,1,1,0,1,ITC,ITC2,2,Valle d'Aosta / Vallée d'Aoste
2024-11-27,VDA,40,24,16,40,ITC,ITC2,2,Valle d'Aosta / Vallée d'Aoste
2024-10-08,VEN,190,93,97,190,ITH,ITH3,5,Veneto
2024-10-11,VEN,346,186,160,346,ITH,ITH3,5,Veneto
2024-10-14,VEN,436,193,243,436,ITH,ITH3,5,Veneto
2024-11-03,VEN,1,0,1,1,ITH,ITH3,5,Veneto
2024-11-06,VEN,1107,526,581,1107,ITH,ITH3,5,Veneto
2024-11-09,VEN,2591,1330,1261,2591,ITH,ITH3,5,Veneto
2024-11-12,VEN,1004,496,508,1004,ITH,ITH3,5,Veneto
2024-10-22,PAB,423,225,198,423,ITH,ITH1,4,Provincia Autonoma Bolzano / Bozen
2024-10-25,PAB,284,134,150,284,ITH,ITH1,4,Provincia Autonoma Bolzano / Bozen
2024-11-17,PAB,3,1,2,3,ITH,ITH1,4,Provincia Autonoma Bolzano / Bozen
2024-11-20,PAB,344,164,180,344,ITH,ITH1,4,Provincia Autonoma Bolzano / Bozen
2024-10-01,PAT,11,4,7,11,ITH,ITH2,4,Provincia Autonoma Trento
2024-10-04,PAT,4,3,1,4,ITH,ITH2,4,Provincia Autonoma Trento
2024-10-24,PAT,610,232,378,610,ITH,ITH2,4,Provincia Autonoma Trento
2024-10-30,PAT,134,51,83,134,ITH,ITH2,4,Provincia Autonoma Trento
2024-11-25,PAT,146,78,68,146,ITH,ITH2,4,Provincia Autonoma Trento
2024-11-28,PAT,171,85,86,171,ITH,ITH2,4,Provincia Autonoma Trento
2024-09-27,PIE,7,4,3,7,ITC,ITC1,1,Piemonte
2024-09-30,PIE,7,4,3,7,ITC,ITC1,1,Piemonte
2024-10-03,PIE,19,9,10,19,ITC,ITC1,1,Piemonte
2024-10-29,PIE,1590,693,897,1590,ITC,ITC1,1,Piemonte
2024-11-01,PIE,31,11,20,31,ITC,ITC1,1,Piemonte
2024-11-04,PIE,998,481,517,998,ITC,ITC1,1,Piemonte
2024-11-07,PIE,1657,777,880,1657,ITC,ITC1,1,Piemonte
2024-11-27,PIE,980,462,518,980,ITC,ITC1,1,Piemonte
2024-10-01,PUG,12,4,8,12,ITF,ITF4,16,Puglia
2024-10-24,PUG,322,167,155,322,ITF,ITF4,16,Puglia
2024-10-30,PUG,495,261,234,495,ITF,ITF4,16,Puglia
2024-11-22,PUG,719,359,360,719,ITF,ITF4,16,Puglia
2024-11-25,PUG,372,187,185,372,ITF,ITF4,16,Puglia
2024-11-28,PUG,340,160,180,340,ITF,ITF4,16,Puglia
2024-09-26,SAR,3,2,1,3,ITG,ITG2,20,Sardegna
2024-10-02,SAR,9,5,4,9,ITG,ITG2,20,Sardegna
2024-10-25,SAR,82,39,43,82,ITG,ITG2,20,Sardegna
2024-10-28,SAR,110,51,59,110,ITG,ITG2,20,Sardegna
2024-10-31,SAR,121,62,59,121,ITG,ITG2,20,Sardegna
2024-11-26,SAR,149,74,75,149,ITG,ITG2,20,Sardegna
2024-10-03,SIC,3,2,1,3,ITG,ITG1,19,Sicilia
2024-10-09,SIC,4,4,0,4,ITG,ITG1,19,Sicilia
2024-11-04,SIC,10,5,5,10,ITG,ITG1,19,Sicilia
2024-11-07,SIC,9,4,5,9,ITG,ITG1,19,Sicilia
2024-11-10,SIC,1,0,1,1,ITG,ITG1,19,Sicilia
2024-10-08,TOS,189,75,114,189,ITI,ITI1,9,Toscana
2024-10-11,TOS,652,288,364,652,ITI,ITI1,9,Toscana
2024-10-14,TOS,871,406,465,871,ITI,ITI1,9,Toscana
2024-10-17,TOS,1863,902,961,1863,ITI,ITI1,9,Toscana
2024-11-06,TOS,2729,1233,1496,2729,ITI,ITI1,9,Toscana
2024-11-09,TOS,865,411,454,865,ITI,ITI1,9,Toscana
2024-11-12,TOS,2019,930,1089,2019,ITI,ITI1,9,Toscana
2024-11-15,TOS,2247,1060,1187,2247,ITI,ITI1,9,Toscana
2024-10-30,UMB,15,6,9,15,ITI,ITI2,10,Umbria
2024-11-02,UMB,6,2,4,6,ITI,ITI2,10,Umbria
2024-11-05,UMB,29,13,16,29,ITI,ITI2,10,Umbria
2024-11-28,UMB,38,18,20,38,ITI,ITI2,10,Umbria
2024-10-08,VDA,30,13,17,30,ITC,ITC2,2,Valle d'Aosta / Vallée d'Aoste
2024-10-11,VDA,76,39,37,76,ITC,ITC2,2,Valle d'Aosta / Vallée d'Aoste
2024-10-14,VDA,64,29,35,64,ITC,ITC2,2,Valle d'Aosta / Vallée d'Aoste
2024-10-17,VDA,91,38,53,91,ITC,ITC2,2,Valle d'Aosta / Vallée d'Aoste
2024-11-06,VDA,155,72,83,155,ITC,ITC2,2,Valle d'Aosta / Vallée d'Aoste
2024-11-09,VDA,71,35,36,71,ITC,ITC2,2,Valle d'Aosta / Vallée d'Aoste
2024-11-12,VDA,69,41,28,69,ITC,ITC2,2,Valle d'Aosta / Vallée d'Aoste
2024-11-15,VDA,80,40,40,80,ITC,ITC2,2,Valle d'Aosta / Vallée d'Aoste
2024-10-17,VEN,534,272,262,534,ITH,ITH3,5,Veneto
2024-10-20,VEN,18,9,9,18,ITH,ITH3,5,Veneto
2024-10-23,VEN,843,393,450,843,ITH,ITH3,5,Veneto
2024-11-15,VEN,955,429,526,955,ITH,ITH3,5,Veneto
2024-11-18,VEN,545,246,299,545,ITH,ITH3,5,Veneto
2024-11-21,VEN,1017,465,552,1017,ITH,ITH3,5,Veneto
2024-11-24,VEN,11,5,6,11,ITH,ITH3,5,Veneto
2024-09-30,ABR,1,0,1,1,ITF,ITF1,13,Abruzzo
2024-10-03,ABR,2,1,1,2,ITF,ITF1,13,Abruzzo
2024-10-26,ABR,6,2,4,6,ITF,ITF1,13,Abruzzo
2024-10-29,ABR,150,71,79,150,ITF,ITF1,13,Abruzzo
2024-11-01,ABR,11,5,6,11,ITF,ITF1,13,Abruzzo
2024-11-04,ABR,209,117,92,209,ITF,ITF1,13,Abruzzo
2024-10-23,BAS,16,8,8,16,ITF,ITF5,17,Basilicata
2024-10-09,CAM,23,12,11,23,ITF,ITF3,15,Campania
2024-10-15,CAM,53,30,23,53,ITF,ITF3,15,Campania
2024-11-07,CAM,138,76,62,138,ITF,ITF3,15,Campania
2024-11-13,CAM,132,69,63,132,ITF,ITF3,15,Campania
2024-11-16,CAM,52,26,26,52,ITF,ITF3,15,Campania
2024-10-03,EMR,67,35,32,67,ITH,ITH5,8,Emilia-Romagna
2024-10-09,EMR,913,444,469,913,ITH,ITH5,8,Emilia-Romagna
2024-10-12,EMR,505,243,262,505,ITH,ITH5,8,Emilia-Romagna
2024-11-04,EMR,2228,1025,1203,2228,ITH,ITH5,8,Emilia-Romagna
2024-11-07,EMR,5093,2465,2628,5093,ITH,ITH5,8,Emilia-Romagna
2024-11-10,EMR,399,187,212,399,ITH,ITH5,8,Emilia-Romagna
2024-11-13,EMR,4276,2064,2212,4276,ITH,ITH5,8,Emilia-Romagna
2024-10-22,FVG,248,122,126,248,ITH,ITH4,6,Friuli-Venezia Giulia
2024-10-25,FVG,421,221,200,421,ITH,ITH4,6,Friuli-Venezia Giulia
2024-10-28,FVG,305,142,163,305,ITH,ITH4,6,Friuli-Venezia Giulia
2024-10-31,FVG,476,231,245,476,ITH,ITH4,6,Friuli-Venezia Giulia
2024-11-23,FVG,409,195,214,409,ITH,ITH4,6,Friuli-Venezia Giulia
2024-11-26,FVG,397,177,220,397,ITH,ITH4,6,Friuli-Venezia Giulia
2024-10-02,LAZ,60,24,36,60,ITI,ITI4,12,Lazio
2024-10-05,LAZ,3,1,2,3,ITI,ITI4,12,Lazio
2024-10-08,LAZ,209,110,99,209,ITI,ITI4,12,Lazio
2024-10-31,LAZ,1001,487,514,1001,ITI,ITI4,12,Lazio
2024-11-03,LAZ,8,2,6,8,ITI,ITI4,12,Lazio
2024-11-06,LAZ,1698,846,852,1698,ITI,ITI4,12,Lazio
2024-11-09,LAZ,679,325,354,679,ITI,ITI4,12,Lazio
2024-09-25,LIG,22,13,9,22,ITC,ITC3,7,Liguria
2024-10-18,LIG,261,138,123,261,ITC,ITC3,7,Liguria
2024-10-21,LIG,263,116,147,263,ITC,ITC3,7,Liguria
2024-10-24,LIG,681,342,339,681,ITC,ITC3,7,Liguria
2024-11-16,LIG,79,44,35,79,ITC,ITC3,7,Liguria
2024-11-19,LIG,653,306,347,653,ITC,ITC3,7,Liguria
2024-11-22,LIG,347,173,174,347,ITC,ITC3,7,Liguria
2024-11-25,LIG,324,157,167,324,ITC,ITC3,7,Liguria
2024-09-25,LOM,61,28,33,61,ITC,ITC4,3,Lombardia
2024-09-28,LOM,84,44,40,84,ITC,ITC4,3,Lombardia
2024-10-01,LOM,388,218,170,388,ITC,ITC4,3,Lombardia
2024-10-24,LOM,8974,4348,4626,8974,ITC,ITC4,3,Lombardia
2024-10-27,LOM,587,286,301,587,ITC,ITC4,3,Lombardia
2024-10-30,LOM,7878,3732,4146,7878,ITC,ITC4,3,Lombardia
2024-11-22,LOM,4875,2257,2618,4875,ITC,ITC4,3,Lombardia
2024-11-25,LOM,3800,1799,2001,3800,ITC,ITC4,3,Lombardia
2024-10-07,MAR,6,2,4,6,ITI,ITI3,11,Marche
2024-11-02,MAR,193,92,101,193,ITI,ITI3,11,Marche
2024-11-05,MAR,685,340,345,685,ITI,ITI3,11,Marche
2024-11-08,MAR,678,344,334,678,ITI,ITI3,11,Marche
2024-11-11,MAR,378,176,202,378,ITI,ITI3,11,Marche
2024-10-04,MOL,4,3,1,4,ITF,ITF2,14,Molise
2024-10-30,MOL,11,7,4,11,ITF,ITF2,14,Molise
2024-11-05,MOL,4,2,2,4,ITF,ITF2,14,Molise
2024-11-25,MOL,5,3,2,5,ITF,ITF2,14,Molise
2024-11-28,MOL,1,0,1,1,ITF,ITF2,14,Molise
2024-11-01,PAB,1,0,1,1,ITH,ITH1,4,Provincia Autonoma Bolzano / Bozen
2024-11-04,PAB,207,105,102,207,ITH,ITH1,4,Provincia Autonoma Bolzano / Bozen
2024-11-07,PAB,37,15,22,37,ITH,ITH1,4,Provincia Autonoma Bolzano / Bozen
2024-10-11,PAT,74,36,38,74,ITH,ITH2,4,Provincia Autonoma Trento
2024-10-14,PAT,34,19,15,34,ITH,ITH2,4,Provincia Autonoma Trento
2024-10-17,PAT,157,85,72,157,ITH,ITH2,4,Provincia Autonoma Trento
2024-11-09,PAT,99,45,54,99,ITH,ITH2,4,Provincia Autonoma Trento
2024-11-12,PAT,398,185,213,398,ITH,ITH2,4,Provincia Autonoma Trento
2024-11-15,PAT,197,91,106,197,ITH,ITH2,4,Provincia Autonoma Trento
2024-09-27,PAT,17,8,9,17,ITH,ITH2,4,Provincia Autonoma Trento
2024-10-23,PAT,489,220,269,489,ITH,ITH2,4,Provincia Autonoma Trento
2024-10-29,PAT,306,163,143,306,ITH,ITH2,4,Provincia Autonoma Trento
2024-11-21,PAT,300,139,161,300,ITH,ITH2,4,Provincia Autonoma Trento
2024-11-27,PAT,326,149,177,326,ITH,ITH2,4,Provincia Autonoma Trento
2024-10-01,PIE,5,3,2,5,ITC,ITC1,1,Piemonte
2024-10-04,PIE,23,9,14,23,ITC,ITC1,1,Piemonte
2024-10-07,PIE,48,29,19,48,ITC,ITC1,1,Piemonte
2024-10-10,PIE,66,36,30,66,ITC,ITC1,1,Piemonte
2024-11-02,PIE,155,71,84,155,ITC,ITC1,1,Piemonte
2024-11-05,PIE,1368,602,766,1368,ITC,ITC1,1,Piemonte
2024-11-08,PIE,1906,899,1007,1906,ITC,ITC1,1,Piemonte
2024-10-20,PUG,1,0,1,1,ITF,ITF4,16,Puglia
2024-10-23,PUG,361,192,169,361,ITF,ITF4,16,Puglia
2024-10-26,PUG,45,26,19,45,ITF,ITF4,16,Puglia
2024-11-18,PUG,439,202,237,439,ITF,ITF4,16,Puglia
2024-11-21,PUG,508,286,222,508,ITF,ITF4,16,Puglia
2024-11-24,PUG,5,3,2,5,ITF,ITF4,16,Puglia
2024-11-27,PUG,479,245,234,479,ITF,ITF4,16,Puglia
2024-10-21,SAR,66,35,31,66,ITG,ITG2,20,Sardegna
2024-10-24,SAR,92,50,42,92,ITG,ITG2,20,Sardegna
2024-11-19,SAR,205,113,92,205,ITG,ITG2,20,Sardegna
2024-11-22,SAR,135,62,73,135,ITG,ITG2,20,Sardegna
2024-11-25,SAR,109,49,60,109,ITG,ITG2,20,Sardegna
2024-11-28,SAR,119,65,54,119,ITG,ITG2,20,Sardegna
2024-10-07,SIC,11,10,1,11,ITG,ITG1,19,Sicilia
2024-10-10,SIC,11,5,6,11,ITG,ITG1,19,Sicilia
2024-11-05,SIC,17,11,6,17,ITG,ITG1,19,Sicilia
2024-11-08,SIC,40,27,13,40,ITG,ITG1,19,Sicilia
2024-11-11,SIC,6,3,3,6,ITG,ITG1,19,Sicilia
2024-11-14,SIC,25,18,7,25,ITG,ITG1,19,Sicilia
2024-09-19,TOS,6,2,4,6,ITI,ITI1,9,Toscana
2024-10-12,TOS,231,97,134,231,ITI,ITI1,9,Toscana
2024-10-15,TOS,1086,481,605,1086,ITI,ITI1,9,Toscana
2024-10-18,TOS,1782,858,924,1782,ITI,ITI1,9,Toscana
2024-10-21,TOS,1435,669,766,1435,ITI,ITI1,9,Toscana
2024-11-10,TOS,22,16,6,22,ITI,ITI1,9,Toscana
2024-11-13,TOS,2436,1150,1286,2436,ITI,ITI1,9,Toscana
2024-11-16,TOS,755,332,423,755,ITI,ITI1,9,Toscana
2024-11-19,TOS,1550,719,831,1550,ITI,ITI1,9,Toscana
2024-10-31,UMB,37,21,16,37,ITI,ITI2,10,Umbria
2024-11-06,UMB,17,8,9,17,ITI,ITI2,10,Umbria
2024-11-09,UMB,4,2,2,4,ITI,ITI2,10,Umbria
2024-10-12,VDA,24,15,9,24,ITC,ITC2,2,Valle d'Aosta / Vallée d'Aoste
2024-10-15,VDA,42,23,19,42,ITC,ITC2,2,Valle d'Aosta / Vallée d'Aoste
2024-10-18,VDA,103,52,51,103,ITC,ITC2,2,Valle d'Aosta / Vallée d'Aoste
2024-10-21,VDA,80,37,43,80,ITC,ITC2,2,Valle d'Aosta / Vallée d'Aoste
2024-11-13,VDA,116,63,53,116,ITC,ITC2,2,Valle d'Aosta / Vallée d'Aoste
2024-11-16,VDA,22,10,12,22,ITC,ITC2,2,Valle d'Aosta / Vallée d'Aoste
2024-11-19,VDA,34,10,24,34,ITC,ITC2,2,Valle d'Aosta / Vallée d'Aoste
2024-10-13,VEN,1,0,1,1,ITH,ITH3,5,Veneto
2024-10-16,VEN,439,215,224,439,ITH,ITH3,5,Veneto
2024-10-19,VEN,406,219,187,406,ITH,ITH3,5,Veneto
2024-11-11,VEN,550,279,271,550,ITH,ITH3,5,Veneto
2024-11-14,VEN,892,453,439,892,ITH,ITH3,5,Veneto
2024-11-17,VEN,3,1,2,3,ITH,ITH3,5,Veneto
2024-11-20,VEN,816,390,426,816,ITH,ITH3,5,Veneto
2024-10-17,PAB,387,201,186,387,ITH,ITH1,4,Provincia Autonoma Bolzano / Bozen
2024-11-09,PAB,1,1,0,1,ITH,ITH1,4,Provincia Autonoma Bolzano / Bozen
2024-11-12,PAB,394,185,209,394,ITH,ITH1,4,Provincia Autonoma Bolzano / Bozen
2024-11-15,PAB,228,91,137,228,ITH,ITH1,4,Provincia Autonoma Bolzano / Bozen
2024-11-18,PAB,214,98,116,214,ITH,ITH1,4,Provincia Autonoma Bolzano / Bozen
2024-10-03,PAT,21,13,8,21,ITH,ITH2,4,Provincia Autonoma Trento
2024-10-09,PAT,40,20,20,40,ITH,ITH2,4,Provincia Autonoma Trento
2024-11-04,PAT,241,117,124,241,ITH,ITH2,4,Provincia Autonoma Trento
2024-11-07,PAT,70,24,46,70,ITH,ITH2,4,Provincia Autonoma Trento
2024-11-10,PAT,8,4,4,8,ITH,ITH2,4,Provincia Autonoma Trento
2024-10-11,PIE,165,73,92,165,ITC,ITC1,1,Piemonte
2024-10-14,PIE,209,109,100,209,ITC,ITC1,1,Piemonte
2024-11-06,PIE,1318,570,748,1318,ITC,ITC1,1,Piemonte
2024-11-09,PIE,611,292,319,611,ITC,ITC1,1,Piemonte
2024-11-12,PIE,1407,644,763,1407,ITC,ITC1,1,Piemonte
2024-09-30,PUG,6,4,2,6,ITF,ITF4,16,Puglia
2024-10-03,PUG,10,7,3,10,ITF,ITF4,16,Puglia
2024-10-09,PUG,57,40,17,57,ITF,ITF4,16,Puglia
2024-10-29,PUG,581,311,270,581,ITF,ITF4,16,Puglia
2024-11-01,PUG,1,0,1,1,ITF,ITF4,16,Puglia
2024-11-04,PUG,302,161,141,302,ITF,ITF4,16,Puglia
2024-11-07,PUG,573,283,290,573,ITF,ITF4,16,Puglia
2024-10-17,SAR,78,31,47,78,ITG,ITG2,20,Sardegna
2024-10-23,SAR,87,46,41,87,ITG,ITG2,20,Sardegna
2024-11-15,SAR,173,84,89,173,ITG,ITG2,20,Sardegna
2024-11-18,SAR,184,84,100,184,ITG,ITG2,20,Sardegna
2024-11-21,SAR,179,93,86,179,ITG,ITG2,20,Sardegna
2024-10-01,SIC,1,0,1,1,ITG,ITG1,19,Sicilia
2024-10-30,SIC,2,1,1,2,ITG,ITG1,19,Sicilia
2024-11-02,SIC,13,9,4,13,ITG,ITG1,19,Sicilia
2024-11-25,SIC,22,9,13,22,ITG,ITG1,19,Sicilia
2024-09-30,TOS,4,1,3,4,ITI,ITI1,9,Toscana
2024-10-03,TOS,59,12,47,59,ITI,ITI1,9,Toscana
2024-10-09,TOS,241,110,131,241,ITI,ITI1,9,Toscana
2024-10-29,TOS,2422,1113,1309,2422,ITI,ITI1,9,Toscana
2024-11-01,TOS,58,25,33,58,ITI,ITI1,9,Toscana
2024-11-04,TOS,1688,804,884,1688,ITI,ITI1,9,Toscana
2024-11-07,TOS,3022,1413,1609,3022,ITI,ITI1,9,Toscana
2024-10-19,UMB,3,0,3,3,ITI,ITI2,10,Umbria
2024-10-22,UMB,15,8,7,15,ITI,ITI2,10,Umbria
2024-10-25,UMB,26,12,14,26,ITI,ITI2,10,Umbria
2024-10-28,UMB,7,3,4,7,ITI,ITI2,10,Umbria
2024-11-20,UMB,22,11,11,22,ITI,ITI2,10,Umbria
2024-11-23,UMB,1,1,0,1,ITI,ITI2,10,Umbria
2024-11-26,UMB,17,12,5,17,ITI,ITI2,10,Umbria
2024-10-16,VDA,201,100,101,201,ITC,ITC2,2,Valle d'Aosta / Vallée d'Aoste
2024-10-19,VDA,28,12,16,28,ITC,ITC2,2,Valle d'Aosta / Vallée d'Aoste
2024-10-22,VDA,79,36,43,79,ITC,ITC2,2,Valle d'Aosta / Vallée d'Aoste
2024-10-25,VDA,75,31,44,75,ITC,ITC2,2,Valle d'Aosta / Vallée d'Aoste
2024-11-14,VDA,106,45,61,106,ITC,ITC2,2,Valle d'Aosta / Vallée d'Aoste
2024-11-20,VDA,98,40,58,98,ITC,ITC2,2,Valle d'Aosta / Vallée d'Aoste
2024-10-09,VEN,254,130,124,254,ITH,ITH3,5,Veneto
2024-10-12,VEN,122,60,62,122,ITH,ITH3,5,Veneto
2024-10-15,VEN,590,276,314,590,ITH,ITH3,5,Veneto
2024-11-07,VEN,1081,517,564,1081,ITH,ITH3,5,Veneto
2024-11-10,VEN,10,6,4,10,ITH,ITH3,5,Veneto
2024-11-13,VEN,1213,569,644,1213,ITH,ITH3,5,Veneto
2024-11-16,VEN,651,329,322,651,ITH,ITH3,5,Veneto
2024-11-19,PAT,217,97,120,217,ITH,ITH2,4,Provincia Autonoma Trento
2024-11-22,PAT,190,96,94,190,ITH,ITH2,4,Provincia Autonoma Trento
2024-10-25,PIE,1709,841,868,1709,ITC,ITC1,1,Piemonte
2024-10-28,PIE,889,430,459,889,ITC,ITC1,1,Piemonte
2024-10-31,PIE,1687,768,919,1687,ITC,ITC1,1,Piemonte
2024-11-03,PIE,70,31,39,70,ITC,ITC1,1,Piemonte
2024-11-23,PIE,517,273,244,517,ITC,ITC1,1,Piemonte
2024-11-26,PIE,1034,506,528,1034,ITC,ITC1,1,Piemonte
2024-09-19,PUG,7,3,4,7,ITF,ITF4,16,Puglia
2024-10-12,PUG,34,15,19,34,ITF,ITF4,16,Puglia
2024-10-15,PUG,246,128,118,246,ITF,ITF4,16,Puglia
2024-10-18,PUG,264,136,128,264,ITF,ITF4,16,Puglia
2024-10-21,PUG,260,133,127,260,ITF,ITF4,16,Puglia
2024-11-10,PUG,33,16,17,33,ITF,ITF4,16,Puglia
2024-11-13,PUG,652,338,314,652,ITF,ITF4,16,Puglia
2024-11-16,PUG,308,172,136,308,ITF,ITF4,16,Puglia
2024-11-19,PUG,760,380,380,760,ITF,ITF4,16,Puglia
2024-09-27,SAR,4,3,1,4,ITG,ITG2,20,Sardegna
2024-09-30,SAR,10,7,3,10,ITG,ITG2,20,Sardegna
2024-10-03,SAR,3,1,2,3,ITG,ITG2,20,Sardegna
2024-10-29,SAR,136,77,59,136,ITG,ITG2,20,Sardegna
2024-11-04,SAR,134,65,69,134,ITG,ITG2,20,Sardegna
2024-11-27,SAR,119,58,61,119,ITG,ITG2,20,Sardegna
2024-10-15,SIC,14,9,5,14,ITG,ITG1,19,Sicilia
2024-10-18,SIC,14,8,6,14,ITG,ITG1,19,Sicilia
2024-11-13,SIC,22,13,9,22,ITG,ITG1,19,Sicilia
2024-11-16,SIC,3,0,3,3,ITG,ITG1,19,Sicilia
2024-11-19,SIC,44,25,19,44,ITG,ITG1,19,Sicilia
2024-11-22,SIC,43,19,24,43,ITG,ITG1,19,Sicilia
2024-09-21,TOS,8,3,5,8,ITI,ITI1,9,Toscana
2024-09-27,TOS,1,0,1,1,ITI,ITI1,9,Toscana
2024-10-20,TOS,40,16,24,40,ITI,ITI1,9,Toscana
2024-10-23,TOS,2096,1014,1082,2096,ITI,ITI1,9,Toscana
2024-10-26,TOS,681,311,370,681,ITI,ITI1,9,Toscana
2024-11-18,TOS,1532,734,798,1532,ITI,ITI1,9,Toscana
2024-11-21,TOS,2102,923,1179,2102,ITI,ITI1,9,Toscana
2024-11-24,TOS,43,12,31,43,ITI,ITI1,9,Toscana
2024-11-27,TOS,1517,706,811,1517,ITI,ITI1,9,Toscana
2024-10-16,UMB,7,3,4,7,ITI,ITI2,10,Umbria
2024-11-08,UMB,35,18,17,35,ITI,ITI2,10,Umbria
2024-11-11,UMB,16,5,11,16,ITI,ITI2,10,Umbria
2024-11-14,UMB,43,27,16,43,ITI,ITI2,10,Umbria
2024-10-10,VDA,27,11,16,27,ITC,ITC2,2,Valle d'Aosta / Vallée d'Aoste
2024-11-02,VDA,6,2,4,6,ITC,ITC2,2,Valle d'Aosta / Vallée d'Aoste
2024-11-05,VDA,56,25,31,56,ITC,ITC2,2,Valle d'Aosta / Vallée d'Aoste
2024-11-08,VDA,125,65,60,125,ITC,ITC2,2,Valle d'Aosta / Vallée d'Aoste
2024-11-11,VDA,57,31,26,57,ITC,ITC2,2,Valle d'Aosta / Vallée d'Aoste
2024-10-18,VEN,766,391,375,766,ITH,ITH3,5,Veneto
2024-10-21,VEN,525,267,258,525,ITH,ITH3,5,Veneto
2024-10-24,VEN,937,414,523,937,ITH,ITH3,5,Veneto
2024-10-27,VEN,11,6,5,11,ITH,ITH3,5,Veneto
2024-11-19,VEN,1035,492,543,1035,ITH,ITH3,5,Veneto
2024-11-22,VEN,1023,470,553,1023,ITH,ITH3,5,Veneto
2024-11-25,VEN,406,191,215,406,ITH,ITH3,5,Veneto
2024-11-28,VEN,640,300,340,640,ITH,ITH3,5,Veneto
2024-10-18,ABR,57,36,21,57,ITF,ITF1,13,Abruzzo
2024-10-21,ABR,82,47,35,82,ITF,ITF1,13,Abruzzo
2024-10-24,ABR,107,58,49,107,ITF,ITF1,13,Abruzzo
2024-10-27,ABR,25,14,11,25,ITF,ITF1,13,Abruzzo
2024-11-16,BAS,24,13,11,24,ITF,ITF5,17,Basilicata
2024-10-01,CAM,4,3,1,4,ITF,ITF3,15,Campania
2024-10-04,CAM,8,4,4,8,ITF,ITF3,15,Campania
2024-10-07,CAM,17,11,6,17,ITF,ITF3,15,Campania
2024-10-30,CAM,93,55,38,93,ITF,ITF3,15,Campania
2024-11-02,CAM,16,11,5,16,ITF,ITF3,15,Campania
2024-11-05,CAM,95,59,36,95,ITF,ITF3,15,Campania
2024-11-08,CAM,110,64,46,110,ITF,ITF3,15,Campania
2024-11-28,CAM,125,67,58,125,ITF,ITF3,15,Campania
2024-10-01,EMR,12,6,6,12,ITH,ITH5,8,Emilia-Romagna
2024-10-04,EMR,75,22,53,75,ITH,ITH5,8,Emilia-Romagna
2024-10-27,EMR,310,136,174,310,ITH,ITH5,8,Emilia-Romagna
2024-10-30,EMR,4657,2198,2459,4657,ITH,ITH5,8,Emilia-Romagna
2024-11-02,EMR,426,212,214,426,ITH,ITH5,8,Emilia-Romagna
2024-11-05,EMR,3899,1848,2051,3899,ITH,ITH5,8,Emilia-Romagna
2024-11-25,EMR,1532,699,833,1532,ITH,ITH5,8,Emilia-Romagna
2024-11-28,EMR,1999,980,1019,1999,ITH,ITH5,8,Emilia-Romagna
2024-10-04,FVG,49,20,29,49,ITH,ITH4,6,Friuli-Venezia Giulia
2024-10-07,FVG,3,0,3,3,ITH,ITH4,6,Friuli-Venezia Giulia
2024-10-30,FVG,537,249,288,537,ITH,ITH4,6,Friuli-Venezia Giulia
2024-11-02,FVG,44,21,23,44,ITH,ITH4,6,Friuli-Venezia Giulia
2024-11-05,FVG,738,344,394,738,ITH,ITH4,6,Friuli-Venezia Giulia
2024-11-08,FVG,839,428,411,839,ITH,ITH4,6,Friuli-Venezia Giulia
2024-10-07,LAZ,107,52,55,107,ITI,ITI4,12,Lazio
2024-10-10,LAZ,215,100,115,215,ITI,ITI4,12,Lazio
2024-10-13,LAZ,11,6,5,11,ITI,ITI4,12,Lazio
2024-10-16,LAZ,551,276,275,551,ITI,ITI4,12,Lazio
2024-11-08,LAZ,1447,692,755,1447,ITI,ITI4,12,Lazio
2024-11-11,LAZ,1005,479,526,1005,ITI,ITI4,12,Lazio
2024-11-14,LAZ,1419,674,745,1419,ITI,ITI4,12,Lazio
2024-11-17,LAZ,41,21,20,41,ITI,ITI4,12,Lazio
2024-10-10,LIG,38,16,22,38,ITC,ITC3,7,Liguria
2024-10-16,LIG,364,192,172,364,ITC,ITC3,7,Liguria
2024-10-19,LIG,79,37,42,79,ITC,ITC3,7,Liguria
2024-11-08,LIG,421,197,224,421,ITC,ITC3,7,Liguria
2024-11-11,LIG,361,176,185,361,ITC,ITC3,7,Liguria
2024-11-14,LIG,746,327,419,746,ITC,ITC3,7,Liguria
2024-11-17,LIG,1,0,1,1,ITC,ITC3,7,Liguria
2024-09-30,LOM,108,60,48,108,ITC,ITC4,3,Lombardia
2024-10-03,LOM,454,226,228,454,ITC,ITC4,3,Lombardia
2024-10-06,LOM,2169,1106,1063,2169,ITC,ITC4,3,Lombardia
2024-10-09,LOM,1812,853,959,1812,ITC,ITC4,3,Lombardia
2024-11-01,LOM,420,192,228,420,ITC,ITC4,3,Lombardia
2024-11-04,LOM,6605,3147,3458,6605,ITC,ITC4,3,Lombardia
2024-11-07,LOM,8640,4004,4636,8640,ITC,ITC4,3,Lombardia
2024-10-25,MAR,515,260,255,515,ITI,ITI3,11,Marche
2024-10-28,MAR,317,164,153,317,ITI,ITI3,11,Marche
2024-10-31,MAR,236,123,113,236,ITI,ITI3,11,Marche
2024-11-03,MAR,1,1,0,1,ITI,ITI3,11,Marche
2024-11-26,MAR,131,60,71,131,ITI,ITI3,11,Marche
2024-10-25,MOL,39,19,20,39,ITF,ITF2,14,Molise
2024-10-28,MOL,29,12,17,29,ITF,ITF2,14,Molise
2024-11-23,MOL,12,6,6,12,ITF,ITF2,14,Molise
2024-11-26,MOL,3,1,2,3,ITF,ITF2,14,Molise
2024-10-24,PAB,583,304,279,583,ITH,ITH1,4,Provincia Autonoma Bolzano / Bozen
2024-10-30,PAB,12,4,8,12,ITH,ITH1,4,Provincia Autonoma Bolzano / Bozen
2024-11-02,PAB,6,3,3,6,ITH,ITH1,4,Provincia Autonoma Bolzano / Bozen
2024-11-22,PAB,224,107,117,224,ITH,ITH1,4,Provincia Autonoma Bolzano / Bozen
2024-11-25,PAB,127,60,67,127,ITH,ITH1,4,Provincia Autonoma Bolzano / Bozen
2024-11-28,PAB,111,52,59,111,ITH,ITH1,4,Provincia Autonoma Bolzano / Bozen
2024-10-16,PAT,305,165,140,305,ITH,ITH2,4,Provincia Autonoma Trento
2024-10-19,PAT,35,17,18,35,ITH,ITH2,4,Provincia Autonoma Trento
2024-10-22,PAT,372,159,213,372,ITH,ITH2,4,Provincia Autonoma Trento
2024-11-18,PAT,62,30,32,62,ITH,ITH2,4,Provincia Autonoma Trento
2024-10-16,PIE,321,181,140,321,ITC,ITC1,1,Piemonte
2024-10-19,PIE,262,118,144,262,ITC,ITC1,1,Piemonte
2024-10-22,PIE,937,432,505,937,ITC,ITC1,1,Piemonte
2024-11-11,PIE,1047,490,557,1047,ITC,ITC1,1,Piemonte
2024-11-14,PIE,1690,773,917,1690,ITC,ITC1,1,Piemonte
2024-11-17,PIE,17,6,11,17,ITC,ITC1,1,Piemonte
2024-11-20,PIE,1163,508,655,1163,ITC,ITC1,1,Piemonte
2024-10-08,PUG,28,19,9,28,ITF,ITF4,16,Puglia
2024-10-11,PUG,115,58,57,115,ITF,ITF4,16,Puglia
2024-10-14,PUG,134,73,61,134,ITF,ITF4,16,Puglia
2024-10-17,PUG,292,158,134,292,ITF,ITF4,16,Puglia
2024-11-06,PUG,685,379,306,685,ITF,ITF4,16,Puglia
2024-11-09,PUG,103,51,52,103,ITF,ITF4,16,Puglia
2024-11-12,PUG,774,407,367,774,ITF,ITF4,16,Puglia
2024-11-15,PUG,674,321,353,674,ITF,ITF4,16,Puglia
2024-10-09,SAR,18,10,8,18,ITG,ITG2,20,Sardegna
2024-10-15,SAR,50,18,32,50,ITG,ITG2,20,Sardegna
2024-10-18,SAR,75,37,38,75,ITG,ITG2,20,Sardegna
2024-11-07,SAR,397,198,199,397,ITG,ITG2,20,Sardegna
2024-11-13,SAR,321,179,142,321,ITG,ITG2,20,Sardegna
2024-11-16,SAR,2,1,1,2,ITG,ITG2,20,Sardegna
2024-10-16,SIC,6,4,2,6,ITG,ITG1,19,Sicilia
2024-10-22,SIC,21,11,10,21,ITG,ITG1,19,Sicilia
2024-10-25,SIC,26,12,14,26,ITG,ITG1,19,Sicilia
2024-11-20,SIC,20,11,9,20,ITG,ITG1,19,Sicilia
2024-11-23,SIC,9,6,3,9,ITG,ITG1,19,Sicilia
2024-11-26,SIC,58,31,27,58,ITG,ITG1,19,Sicilia
2024-09-25,TOS,3,2,1,3,ITI,ITI1,9,Toscana
2024-10-01,TOS,43,12,31,43,ITI,ITI1,9,Toscana
2024-10-24,TOS,2662,1234,1428,2662,ITI,ITI1,9,Toscana
2024-10-27,TOS,68,27,41,68,ITI,ITI1,9,Toscana
2024-10-30,TOS,2652,1214,1438,2652,ITI,ITI1,9,Toscana
2024-11-22,TOS,1898,898,1000,1898,ITI,ITI1,9,Toscana
2024-11-25,TOS,1330,638,692,1330,ITI,ITI1,9,Toscana
2024-11-28,TOS,1352,618,734,1352,ITI,ITI1,9,Toscana
2024-10-14,UMB,3,0,3,3,ITI,ITI2,10,Umbria
2024-10-17,UMB,8,5,3,8,ITI,ITI2,10,Umbria
2024-11-12,UMB,13,6,7,13,ITI,ITI2,10,Umbria
2024-11-15,UMB,32,15,17,32,ITI,ITI2,10,Umbria
2024-11-18,UMB,8,5,3,8,ITI,ITI2,10,Umbria
2024-11-21,UMB,14,6,8,14,ITI,ITI2,10,Umbria
2024-10-24,VDA,114,59,55,114,ITC,ITC2,2,Valle d'Aosta / Vallée d'Aoste
2024-10-30,VDA,160,76,84,160,ITC,ITC2,2,Valle d'Aosta / Vallée d'Aoste
2024-11-22,VDA,54,29,25,54,ITC,ITC2,2,Valle d'Aosta / Vallée d'Aoste
2024-11-25,VDA,15,6,9,15,ITC,ITC2,2,Valle d'Aosta / Vallée d'Aoste
2024-11-28,VDA,21,12,9,21,ITC,ITC2,2,Valle d'Aosta / Vallée d'Aoste
2024-10-04,VEN,29,9,20,29,ITH,ITH3,5,Veneto
2024-10-07,VEN,102,49,53,102,ITH,ITH3,5,Veneto
2024-10-10,VEN,399,173,226,399,ITH,ITH3,5,Veneto
2024-10-30,VEN,1083,453,630,1083,ITH,ITH3,5,Veneto
2024-11-02,VEN,148,70,78,148,ITH,ITH3,5,Veneto
2024-11-05,VEN,1047,498,549,1047,ITH,ITH3,5,Veneto
2024-11-08,VEN,971,446,525,971,ITH,ITH3,5,Veneto
2024-11-08,PAT,494,242,252,494,ITH,ITH2,4,Provincia Autonoma Trento
2024-11-11,PAT,197,92,105,197,ITH,ITH2,4,Provincia Autonoma Trento
2024-11-14,PAT,440,205,235,440,ITH,ITH2,4,Provincia Autonoma Trento
2024-10-17,PIE,482,236,246,482,ITC,ITC1,1,Piemonte
2024-10-20,PIE,6,2,4,6,ITC,ITC1,1,Piemonte
2024-10-23,PIE,1204,554,650,1204,ITC,ITC1,1,Piemonte
2024-10-26,PIE,611,289,322,611,ITC,ITC1,1,Piemonte
2024-11-15,PIE,1738,793,945,1738,ITC,ITC1,1,Piemonte
2024-11-18,PIE,1066,491,575,1066,ITC,ITC1,1,Piemonte
2024-11-21,PIE,1204,593,611,1204,ITC,ITC1,1,Piemonte
2024-11-24,PIE,33,14,19,33,ITC,ITC1,1,Piemonte
2024-10-04,PUG,19,11,8,19,ITF,ITF4,16,Puglia
2024-10-07,PUG,13,11,2,13,ITF,ITF4,16,Puglia
2024-10-10,PUG,93,60,33,93,ITF,ITF4,16,Puglia
2024-11-02,PUG,27,11,16,27,ITF,ITF4,16,Puglia
2024-11-05,PUG,661,356,305,661,ITF,ITF4,16,Puglia
2024-11-08,PUG,650,325,325,650,ITF,ITF4,16,Puglia
2024-11-11,PUG,475,219,256,475,ITF,ITF4,16,Puglia
2024-10-08,SAR,16,8,8,16,ITG,ITG2,20,Sardegna
2024-10-11,SAR,19,9,10,19,ITG,ITG2,20,Sardegna
2024-10-14,SAR,37,23,14,37,ITG,ITG2,20,Sardegna
2024-11-03,SAR,13,6,7,13,ITG,ITG2,20,Sardegna
2024-11-06,SAR,392,186,206,392,ITG,ITG2,20,Sardegna
2024-11-12,SAR,391,188,203,391,ITG,ITG2,20,Sardegna
2024-09-30,SIC,4,1,3,4,ITG,ITG1,19,Sicilia
2024-10-29,SIC,31,17,14,31,ITG,ITG1,19,Sicilia
2024-11-21,SIC,16,10,6,16,ITG,ITG1,19,Sicilia
2024-11-27,SIC,19,9,10,19,ITG,ITG1,19,Sicilia
2024-10-02,TOS,30,8,22,30,ITI,ITI1,9,Toscana
2024-10-05,TOS,4,3,1,4,ITI,ITI1,9,Toscana
2024-10-25,TOS,2481,1149,1332,2481,ITI,ITI1,9,Toscana
2024-10-28,TOS,1875,878,997,1875,ITI,ITI1,9,Toscana
2024-10-31,TOS,2183,992,1191,2183,ITI,ITI1,9,Toscana
2024-11-03,TOS,2,0,2,2,ITI,ITI1,9,Toscana
2024-11-26,TOS,1348,625,723,1348,ITI,ITI1,9,Toscana
2024-10-15,UMB,3,2,1,3,ITI,ITI2,10,Umbria
2024-10-18,UMB,9,6,3,9,ITI,ITI2,10,Umbria
2024-10-24,UMB,49,23,26,49,ITI,ITI2,10,Umbria
2024-11-16,UMB,7,4,3,7,ITI,ITI2,10,Umbria
2024-11-19,UMB,26,12,14,26,ITI,ITI2,10,Umbria
2024-11-22,UMB,12,6,6,12,ITI,ITI2,10,Umbria
2024-11-25,UMB,8,6,2,8,ITI,ITI2,10,Umbria
2024-10-05,VDA,1,0,1,1,ITC,ITC2,2,Valle d'Aosta / Vallée d'Aoste
2024-10-28,VDA,47,22,25,47,ITC,ITC2,2,Valle d'Aosta / Vallée d'Aoste
2024-10-31,VDA,58,24,34,58,ITC,ITC2,2,Valle d'Aosta / Vallée d'Aoste
2024-11-03,VDA,4,1,3,4,ITC,ITC2,2,Valle d'Aosta / Vallée d'Aoste
2024-11-26,VDA,7,1,6,7,ITC,ITC2,2,Valle d'Aosta / Vallée d'Aoste
2024-10-03,VEN,4,0,4,4,ITH,ITH3,5,Veneto
2024-10-26,VEN,2650,1366,1284,2650,ITH,ITH3,5,Veneto
2024-10-29,VEN,963,464,499,963,ITH,ITH3,5,Veneto
2024-11-01,VEN,14,4,10,14,ITH,ITH3,5,Veneto
2024-11-04,VEN,663,292,371,663,ITH,ITH3,5,Veneto
2024-11-27,VEN,715,348,367,715,ITH,ITH3,5,Veneto
2024-10-25,PAT,401,200,201,401,ITH,ITH2,4,Provincia Autonoma Trento
2024-11-17,PAT,1,0,1,1,ITH,ITH2,4,Provincia Autonoma Trento
2024-11-20,PAT,335,156,179,335,ITH,ITH2,4,Provincia Autonoma Trento
2024-11-23,PAT,25,10,15,25,ITH,ITH2,4,Provincia Autonoma Trento
2024-11-26,PAT,176,75,101,176,ITH,ITH2,4,Provincia Autonoma Trento
2024-10-21,PIE,566,267,299,566,ITC,ITC1,1,Piemonte
2024-10-24,PIE,1128,573,555,1128,ITC,ITC1,1,Piemonte
2024-10-27,PIE,14,6,8,14,ITC,ITC1,1,Piemonte
2024-10-30,PIE,1239,562,677,1239,ITC,ITC1,1,Piemonte
2024-11-19,PIE,1265,586,679,1265,ITC,ITC1,1,Piemonte
2024-11-22,PIE,1426,681,745,1426,ITC,ITC1,1,Piemonte
2024-11-25,PIE,842,373,469,842,ITC,ITC1,1,Piemonte
2024-11-28,PIE,809,370,439,809,ITC,ITC1,1,Piemonte
2024-09-20,PUG,6,3,3,6,ITF,ITF4,16,Puglia
2024-09-23,PUG,5,1,4,5,ITF,ITF4,16,Puglia
2024-10-16,PUG,245,137,108,245,ITF,ITF4,16,Puglia
2024-10-19,PUG,33,12,21,33,ITF,ITF4,16,Puglia
2024-10-22,PUG,345,180,165,345,ITF,ITF4,16,Puglia
2024-10-25,PUG,317,168,149,317,ITF,ITF4,16,Puglia
2024-11-14,PUG,697,356,341,697,ITF,ITF4,16,Puglia
2024-11-17,PUG,25,13,12,25,ITF,ITF4,16,Puglia
2024-11-20,PUG,640,328,312,640,ITF,ITF4,16,Puglia
2024-11-23,PUG,68,36,32,68,ITF,ITF4,16,Puglia
2024-10-01,SAR,7,4,3,7,ITG,ITG2,20,Sardegna
2024-10-04,SAR,9,5,4,9,ITG,ITG2,20,Sardegna
2024-10-07,SAR,21,9,12,21,ITG,ITG2,20,Sardegna
2024-10-10,SAR,28,16,12,28,ITG,ITG2,20,Sardegna
2024-10-30,SAR,148,68,80,148,ITG,ITG2,20,Sardegna
2024-11-05,SAR,212,114,98,212,ITG,ITG2,20,Sardegna
2024-11-08,SAR,253,140,113,253,ITG,ITG2,20,Sardegna
2024-10-11,SIC,10,6,4,10,ITG,ITG1,19,Sicilia
2024-10-14,SIC,13,5,8,13,ITG,ITG1,19,Sicilia
2024-11-09,SIC,6,5,1,6,ITG,ITG1,19,Sicilia
2024-11-12,SIC,36,21,15,36,ITG,ITG1,19,Sicilia
2024-11-15,SIC,49,29,20,49,ITG,ITG1,19,Sicilia
2024-11-18,SIC,19,11,8,19,ITG,ITG1,19,Sicilia
2024-09-20,TOS,4,3,1,4,ITI,ITI1,9,Toscana
2024-10-16,TOS,1261,566,695,1261,ITI,ITI1,9,Toscana
2024-10-19,TOS,526,249,277,526,ITI,ITI1,9,Toscana
2024-10-22,TOS,1886,879,1007,1886,ITI,ITI1,9,Toscana
2024-11-14,TOS,2840,1308,1532,2840,ITI,ITI1,9,Toscana
2024-11-17,TOS,19,11,8,19,ITI,ITI1,9,Toscana
2024-11-20,TOS,1965,934,1031,1965,ITI,ITI1,9,Toscana
2024-11-23,TOS,466,206,260,466,ITI,ITI1,9,Toscana
2024-11-04,UMB,44,25,19,44,ITI,ITI2,10,Umbria
2024-11-07,UMB,49,29,20,49,ITI,ITI2,10,Umbria
2024-11-13,UMB,59,29,30,59,ITI,ITI2,10,Umbria
2024-10-09,VDA,41,23,18,41,ITC,ITC2,2,Valle d'Aosta / Vallée d'Aoste
2024-10-29,VDA,111,53,58,111,ITC,ITC2,2,Valle d'Aosta / Vallée d'Aoste
2024-11-04,VDA,77,39,38,77,ITC,ITC2,2,Valle d'Aosta / Vallée d'Aoste
2024-11-07,VDA,114,64,50,114,ITC,ITC2,2,Valle d'Aosta / Vallée d'Aoste
2024-10-02,VEN,15,10,5,15,ITH,ITH3,5,Veneto
2024-10-22,VEN,694,299,395,694,ITH,ITH3,5,Veneto
2024-10-25,VEN,1011,486,525,1011,ITH,ITH3,5,Veneto
2024-10-28,VEN,771,351,420,771,ITH,ITH3,5,Veneto
2024-10-31,VEN,1110,477,633,1110,ITH,ITH3,5,Veneto
2024-11-23,VEN,231,106,125,231,ITH,ITH3,5,Veneto
2024-11-26,VEN,636,287,349,636,ITH,ITH3,5,Veneto
