data,area,totale,m,f,d,N1,N2,ISTAT,reg
2023-11-25,FVG,668,350,318,668,ITH,ITH4,6,Friuli-Venezia Giulia
2023-12-05,PAT,581,265,316,581,ITH,ITH2,4,Provincia Autonoma Trento
2024-01-27,LAZ,98,40,58,98,ITI,ITI4,12,Lazio
2023-11-15,SAR,585,306,279,585,ITG,ITG2,20,Sardegna
2024-01-08,SIC,346,183,163,346,ITG,ITG1,19,Sicilia
2024-01-09,SAR,834,433,401,834,ITG,ITG2,20,Sardegna
2023-11-13,BAS,20,11,9,20,ITF,ITF5,17,Basilicata
2023-12-21,BAS,459,263,196,459,ITF,ITF5,17,Basilicata
2024-01-24,MAR,119,57,62,119,ITI,ITI3,11,Marche
2024-01-02,FVG,431,222,209,431,ITH,ITH4,6,Friuli-Venezia Giulia
2023-12-07,PIE,3449,1642,1807,3449,ITC,ITC1,1,Piemonte
2023-12-11,VDA,19,10,9,19,ITC,ITC2,2,Valle d'Aosta / Vallée d'Aoste
2023-12-15,VDA,123,61,62,123,ITC,ITC2,2,Valle d'Aosta / Vallée d'Aoste
2023-12-07,UMB,523,268,255,523,ITI,ITI2,10,Umbria
2023-11-08,PIE,3151,1535,1616,3151,ITC,ITC1,1,Piemonte
2023-10-10,LIG,61,16,45,61,ITC,ITC3,7,Liguria
2024-01-03,SIC,484,266,218,484,ITG,ITG1,19,Sicilia
2024-01-24,LOM,974,405,569,974,ITC,ITC4,3,Lombardia
2024-01-04,ABR,249,114,135,249,ITF,ITF1,13,Abruzzo
2023-12-04,LIG,836,393,443,836,ITC,ITC3,7,Liguria
2023-12-16,TOS,1200,600,600,1200,ITI,ITI1,9,Toscana
2023-11-17,CAM,480,263,217,480,ITF,ITF3,15,Campania
2023-11-22,BAS,49,25,24,49,ITF,ITF5,17,Basilicata
2024-02-13,FVG,72,36,36,72,ITH,ITH4,6,Friuli-Venezia Giulia
2023-10-04,SAR,24,10,14,24,ITG,ITG2,20,Sardegna
2023-12-29,MAR,977,515,462,977,ITI,ITI3,11,Marche
2023-12-19,UMB,538,279,259,538,ITI,ITI2,10,Umbria
2023-11-22,ABR,260,149,111,260,ITF,ITF1,13,Abruzzo
2024-02-09,EMR,117,60,57,117,ITH,ITH5,8,Emilia-Romagna
2023-10-21,EMR,1057,514,543,1057,ITH,ITH5,8,Emilia-Romagna
2023-12-28,CAM,932,508,424,932,ITF,ITF3,15,Campania
2024-01-17,CAL,146,63,83,146,ITF,ITF6,18,Calabria
2024-01-16,SIC,260,135,125,260,ITG,ITG1,19,Sicilia
2024-01-11,PAB,40,15,25,40,ITH,ITH1,4,Provincia Autonoma Bolzano / Bozen
2023-11-30,BAS,137,81,56,137,ITF,ITF5,17,Basilicata
2023-12-02,VEN,1898,955,943,1898,ITH,ITH3,5,Veneto
2023-11-17,LOM,9100,4197,4903,9100,ITC,ITC4,3,Lombardia
2024-02-07,EMR,163,81,82,163,ITH,ITH5,8,Emilia-Romagna
2024-01-17,LIG,629,294,335,629,ITC,ITC3,7,Liguria
2024-02-12,SIC,30,17,13,30,ITG,ITG1,19,Sicilia
2023-11-27,EMR,3664,1724,1940,3664,ITH,ITH5,8,Emilia-Romagna
2023-12-04,PIE,2030,943,1087,2030,ITC,ITC1,1,Piemonte
2023-11-29,MOL,145,83,62,145,ITF,ITF2,14,Molise
2023-11-15,VEN,3121,1446,1675,3121,ITH,ITH3,5,Veneto
2023-11-30,SIC,318,169,149,318,ITG,ITG1,19,Sicilia
2023-10-15,TOS,15,9,6,15,ITI,ITI1,9,Toscana
2024-01-09,VEN,1518,760,758,1518,ITH,ITH3,5,Veneto
2024-01-12,FVG,595,254,341,595,ITH,ITH4,6,Friuli-Venezia Giulia
2023-10-25,LOM,9673,4641,5032,9673,ITC,ITC4,3,Lombardia
2024-01-23,PUG,259,126,133,259,ITF,ITF4,16,Puglia
2023-12-26,BAS,6,3,3,6,ITF,ITF5,17,Basilicata
2024-01-11,UMB,292,127,165,292,ITI,ITI2,10,Umbria
2023-10-20,VDA,149,71,78,149,ITC,ITC2,2,Valle d'Aosta / Vallée d'Aoste
2023-11-06,SIC,55,28,27,55,ITG,ITG1,19,Sicilia
2023-12-29,VDA,5,5,0,5,ITC,ITC2,2,Valle d'Aosta / Vallée d'Aoste
2023-11-27,VDA,69,34,35,69,ITC,ITC2,2,Valle d'Aosta / Vallée d'Aoste
2024-01-11,SAR,647,325,322,647,ITG,ITG2,20,Sardegna
2024-01-11,VEN,1250,639,611,1250,ITH,ITH3,5,Veneto
2023-12-23,CAM,150,79,71,150,ITF,ITF3,15,Campania
2023-11-02,MOL,32,16,16,32,ITF,ITF2,14,Molise
2024-02-01,LAZ,345,144,201,345,ITI,ITI4,12,Lazio
2023-12-02,FVG,693,342,351,693,ITH,ITH4,6,Friuli-Venezia Giulia
2024-01-19,ABR,152,76,76,152,ITF,ITF1,13,Abruzzo
2023-11-28,VDA,77,40,37,77,ITC,ITC2,2,Valle d'Aosta / Vallée d'Aoste
2023-12-12,EMR,5172,2529,2643,5172,ITH,ITH5,8,Emilia-Romagna
2024-01-12,UMB,323,159,164,323,ITI,ITI2,10,Umbria
2023-11-14,TOS,4797,2169,2628,4797,ITI,ITI1,9,Toscana
2023-12-30,SIC,116,62,54,116,ITG,ITG1,19,Sicilia
2023-09-29,LIG,86,27,59,86,ITC,ITC3,7,Liguria
2023-11-28,MAR,13,3,10,13,ITI,ITI3,11,Marche
2024-02-03,CAL,8,4,4,8,ITF,ITF6,18,Calabria
2024-01-23,MOL,7,1,6,7,ITF,ITF2,14,Molise
2023-11-09,EMR,7833,3782,4051,7833,ITH,ITH5,8,Emilia-Romagna
2023-10-11,PIE,136,70,66,136,ITC,ITC1,1,Piemonte
2024-01-17,CAM,403,213,190,403,ITF,ITF3,15,Campania
2023-12-31,CAM,17,8,9,17,ITF,ITF3,15,Campania
2023-12-18,PIE,2552,1259,1293,2552,ITC,ITC1,1,Piemonte
2023-12-22,PIE,3408,1813,1595,3408,ITC,ITC1,1,Piemonte
2024-01-25,LAZ,844,390,454,844,ITI,ITI4,12,Lazio
2024-02-15,LAZ,106,53,53,106,ITI,ITI4,12,Lazio
2024-02-08,MAR,10,2,8,10,ITI,ITI3,11,Marche
2023-11-01,LAZ,25,11,14,25,ITI,ITI4,12,Lazio
2023-10-15,LAZ,61,26,35,61,ITI,ITI4,12,Lazio
2023-11-16,PAT,660,334,326,660,ITH,ITH2,4,Provincia Autonoma Trento
2024-02-09,LOM,212,92,120,212,ITC,ITC4,3,Lombardia
2023-12-31,PIE,17,8,9,17,ITC,ITC1,1,Piemonte
2023-10-25,LIG,624,294,330,624,ITC,ITC3,7,Liguria
2023-11-24,MOL,37,23,14,37,ITF,ITF2,14,Molise
2023-12-26,LAZ,6,2,4,6,ITI,ITI4,12,Lazio
2023-10-13,PAT,54,24,30,54,ITH,ITH2,4,Provincia Autonoma Trento
2024-01-20,LAZ,1265,594,671,1265,ITI,ITI4,12,Lazio
2024-01-23,PAT,67,27,40,67,ITH,ITH2,4,Provincia Autonoma Trento
2023-11-28,ABR,469,219,250,469,ITF,ITF1,13,Abruzzo
2023-11-06,LAZ,1579,804,775,1579,ITI,ITI4,12,Lazio
2023-10-18,VEN,240,65,175,240,ITH,ITH3,5,Veneto
2023-10-20,MAR,519,270,249,519,ITI,ITI3,11,Marche
2024-01-09,PUG,687,358,329,687,ITF,ITF4,16,Puglia
2023-12-23,LIG,283,156,127,283,ITC,ITC3,7,Liguria
2023-10-25,FVG,690,334,356,690,ITH,ITH4,6,Friuli-Venezia Giulia
2023-10-03,LAZ,56,28,28,56,ITI,ITI4,12,Lazio
2023-10-18,SAR,167,86,81,167,ITG,ITG2,20,Sardegna
2023-10-26,ABR,218,119,99,218,ITF,ITF1,13,Abruzzo
2023-11-26,LAZ,12,4,8,12,ITI,ITI4,12,Lazio
2023-12-27,CAM,830,456,374,830,ITF,ITF3,15,Campania
2023-11-16,PUG,1957,1000,957,1957,ITF,ITF4,16,Puglia
2024-01-29,PIE,208,85,123,208,ITC,ITC1,1,Piemonte
2024-01-09,PAT,204,97,107,204,ITH,ITH2,4,Provincia Autonoma Trento
2024-02-13,PAT,47,14,33,47,ITH,ITH2,4,Provincia Autonoma Trento
2023-12-15,MAR,1067,517,550,1067,ITI,ITI3,11,Marche
2024-01-21,LAZ,746,357,389,746,ITI,ITI4,12,Lazio
2023-12-12,ABR,622,314,308,622,ITF,ITF1,13,Abruzzo
2023-12-07,PAB,272,124,148,272,ITH,ITH1,4,Provincia Autonoma Bolzano / Bozen
2023-12-23,PIE,1104,576,528,1104,ITC,ITC1,1,Piemonte
2023-12-04,MAR,548,271,277,548,ITI,ITI3,11,Marche
2024-01-05,SAR,516,286,230,516,ITG,ITG2,20,Sardegna
2024-01-16,LIG,685,331,354,685,ITC,ITC3,7,Liguria
2023-11-16,PIE,3028,1424,1604,3028,ITC,ITC1,1,Piemonte
2023-12-30,LIG,433,222,211,433,ITC,ITC3,7,Liguria
2024-01-10,PIE,1227,581,646,1227,ITC,ITC1,1,Piemonte
2024-01-12,LOM,3021,1372,1649,3021,ITC,ITC4,3,Lombardia
2023-12-15,EMR,6665,3334,3331,6665,ITH,ITH5,8,Emilia-Romagna
2023-12-21,MAR,1486,800,686,1486,ITI,ITI3,11,Marche
2023-11-04,FVG,159,76,83,159,ITH,ITH4,6,Friuli-Venezia Giulia
2023-12-13,LIG,1852,887,965,1852,ITC,ITC3,7,Liguria
2023-12-05,SIC,535,283,252,535,ITG,ITG1,19,Sicilia
2023-12-06,SAR,679,357,322,679,ITG,ITG2,20,Sardegna
2023-12-04,MOL,168,99,69,168,ITF,ITF2,14,Molise
2023-11-20,EMR,3929,1878,2051,3929,ITH,ITH5,8,Emilia-Romagna
2023-12-18,ABR,551,291,260,551,ITF,ITF1,13,Abruzzo
2023-11-01,LOM,1247,550,697,1247,ITC,ITC4,3,Lombardia
2023-11-12,PIE,55,26,29,55,ITC,ITC1,1,Piemonte
2023-10-09,PIE,85,35,50,85,ITC,ITC1,1,Piemonte
2023-12-05,VEN,4106,2017,2089,4106,ITH,ITH3,5,Veneto
2024-01-26,EMR,454,208,246,454,ITH,ITH5,8,Emilia-Romagna
2023-10-16,VEN,159,73,86,159,ITH,ITH3,5,Veneto
2023-12-16,VDA,72,36,36,72,ITC,ITC2,2,Valle d'Aosta / Vallée d'Aoste
2023-10-27,PAB,352,171,181,352,ITH,ITH1,4,Provincia Autonoma Bolzano / Bozen
2024-01-25,LOM,1034,432,602,1034,ITC,ITC4,3,Lombardia
2024-01-24,PUG,310,136,174,310,ITF,ITF4,16,Puglia
2024-01-08,VEN,946,486,460,946,ITH,ITH3,5,Veneto
2023-11-30,CAM,659,375,284,659,ITF,ITF3,15,Campania
2024-01-23,PIE,495,234,261,495,ITC,ITC1,1,Piemonte
2024-02-01,CAM,63,35,28,63,ITF,ITF3,15,Campania
2024-01-11,CAM,569,318,251,569,ITF,ITF3,15,Campania
2023-12-07,CAM,890,499,391,890,ITF,ITF3,15,Campania
2023-10-12,LAZ,144,77,67,144,ITI,ITI4,12,Lazio
2023-11-23,PAT,578,264,314,578,ITH,ITH2,4,Provincia Autonoma Trento
2023-11-06,LIG,480,239,241,480,ITC,ITC3,7,Liguria
2023-11-15,PIE,2837,1306,1531,2837,ITC,ITC1,1,Piemonte
2023-12-12,PAT,629,286,343,629,ITH,ITH2,4,Provincia Autonoma Trento
2024-02-01,LIG,185,76,109,185,ITC,ITC3,7,Liguria
2023-11-25,CAL,29,12,17,29,ITF,ITF6,18,Calabria
2024-01-09,UMB,211,103,108,211,ITI,ITI2,10,Umbria
2024-01-15,LIG,266,124,142,266,ITC,ITC3,7,Liguria
2023-10-30,EMR,3334,1532,1802,3334,ITH,ITH5,8,Emilia-Romagna
2023-12-02,LOM,6136,3043,3093,6136,ITC,ITC4,3,Lombardia
2023-12-19,LOM,10748,5278,5470,10748,ITC,ITC4,3,Lombardia
2024-01-10,TOS,982,466,516,982,ITI,ITI1,9,Toscana
2023-11-07,FVG,1268,604,664,1268,ITH,ITH4,6,Friuli-Venezia Giulia
2023-12-21,ABR,626,351,275,626,ITF,ITF1,13,Abruzzo
2023-12-09,CAM,304,172,132,304,ITF,ITF3,15,Campania
2024-02-10,LOM,78,32,46,78,ITC,ITC4,3,Lombardia
2023-11-11,CAM,95,58,37,95,ITF,ITF3,15,Campania
2023-11-13,CAL,93,49,44,93,ITF,ITF6,18,Calabria
2023-12-14,SAR,1111,590,521,1111,ITG,ITG2,20,Sardegna
2023-10-20,PIE,831,421,410,831,ITC,ITC1,1,Piemonte
2023-10-30,TOS,2473,1165,1308,2473,ITI,ITI1,9,Toscana
2023-12-17,LOM,1004,489,515,1004,ITC,ITC4,3,Lombardia
2023-11-12,ABR,28,15,13,28,ITF,ITF1,13,Abruzzo
2024-02-15,LIG,37,15,22,37,ITC,ITC3,7,Liguria
2023-12-01,UMB,915,445,470,915,ITI,ITI2,10,Umbria
2023-10-06,SAR,50,24,26,50,ITG,ITG2,20,Sardegna
2023-12-23,CAL,59,37,22,59,ITF,ITF6,18,Calabria
2023-12-24,BAS,58,28,30,58,ITF,ITF5,17,Basilicata
2023-10-17,PAT,213,69,144,213,ITH,ITH2,4,Provincia Autonoma Trento
2023-12-14,FVG,1405,704,701,1405,ITH,ITH4,6,Friuli-Venezia Giulia
2023-11-15,BAS,29,15,14,29,ITF,ITF5,17,Basilicata
2024-01-18,SIC,268,136,132,268,ITG,ITG1,19,Sicilia
2023-10-17,PUG,262,148,114,262,ITF,ITF4,16,Puglia
2023-12-19,LIG,2199,1070,1129,2199,ITC,ITC3,7,Liguria
2023-12-27,TOS,1740,840,900,1740,ITI,ITI1,9,Toscana
2023-10-27,EMR,4882,2319,2563,4882,ITH,ITH5,8,Emilia-Romagna
2023-10-11,CAM,174,95,79,174,ITF,ITF3,15,Campania
2023-11-11,LOM,6031,2878,3153,6031,ITC,ITC4,3,Lombardia
2024-02-12,LIG,53,23,30,53,ITC,ITC3,7,Liguria
2023-12-20,PUG,2914,1493,1421,2914,ITF,ITF4,16,Puglia
2024-02-15,CAM,19,10,9,19,ITF,ITF3,15,Campania
2023-10-25,CAL,30,16,14,30,ITF,ITF6,18,Calabria
2023-11-07,SIC,99,56,43,99,ITG,ITG1,19,Sicilia
2024-01-18,BAS,34,19,15,34,ITF,ITF5,17,Basilicata
2024-02-06,UMB,16,8,8,16,ITI,ITI2,10,Umbria
2023-11-23,PUG,2028,992,1036,2028,ITF,ITF4,16,Puglia
2023-12-11,VEN,2533,1278,1255,2533,ITH,ITH3,5,Veneto
2023-11-08,ABR,214,99,115,214,ITF,ITF1,13,Abruzzo
2023-12-20,PAT,400,187,213,400,ITH,ITH2,4,Provincia Autonoma Trento
2023-10-25,SIC,42,26,16,42,ITG,ITG1,19,Sicilia
2023-10-31,LOM,4731,2165,2566,4731,ITC,ITC4,3,Lombardia
2023-10-24,MOL,36,12,24,36,ITF,ITF2,14,Molise
2023-10-26,MOL,9,4,5,9,ITF,ITF2,14,Molise
2024-01-03,TOS,1238,577,661,1238,ITI,ITI1,9,Toscana
2023-12-19,CAM,1962,1032,930,1962,ITF,ITF3,15,Campania
2024-01-15,EMR,903,435,468,903,ITH,ITH5,8,Emilia-Romagna
2023-10-31,LIG,1070,481,589,1070,ITC,ITC3,7,Liguria
2024-01-16,CAM,117,67,50,117,ITF,ITF3,15,Campania
2023-11-13,SIC,103,63,40,103,ITG,ITG1,19,Sicilia
2023-12-21,VDA,15,10,5,15,ITC,ITC2,2,Valle d'Aosta / Vallée d'Aoste
2023-11-14,LOM,10413,4730,5683,10413,ITC,ITC4,3,Lombardia
2023-11-22,MAR,62,25,37,62,ITI,ITI3,11,Marche
2023-11-18,CAM,83,40,43,83,ITF,ITF3,15,Campania
2024-02-06,LAZ,208,85,123,208,ITI,ITI4,12,Lazio
2023-10-18,LAZ,494,255,239,494,ITI,ITI4,12,Lazio
2023-10-09,ABR,8,4,4,8,ITF,ITF1,13,Abruzzo
2024-01-01,BAS,6,3,3,6,ITF,ITF5,17,Basilicata
2023-12-17,ABR,185,94,91,185,ITF,ITF1,13,Abruzzo
2024-01-21,LOM,27,14,13,27,ITC,ITC4,3,Lombardia
2023-11-30,LIG,1495,729,766,1495,ITC,ITC3,7,Liguria
2023-10-28,PIE,880,440,440,880,ITC,ITC1,1,Piemonte
2023-11-21,MAR,672,323,349,672,ITI,ITI3,11,Marche
2023-11-25,SIC,15,9,6,15,ITG,ITG1,19,Sicilia
2023-12-06,VDA,121,62,59,121,ITC,ITC2,2,Valle d'Aosta / Vallée d'Aoste
2024-01-16,PAB,19,11,8,19,ITH,ITH1,4,Provincia Autonoma Bolzano / Bozen
2023-10-19,CAL,23,12,11,23,ITF,ITF6,18,Calabria
2024-01-24,PAT,46,17,29,46,ITH,ITH2,4,Provincia Autonoma Trento
2023-12-08,TOS,21,7,14,21,ITI,ITI1,9,Toscana
2024-02-12,UMB,8,4,4,8,ITI,ITI2,10,Umbria
2023-10-14,LAZ,13,8,5,13,ITI,ITI4,12,Lazio
2023-11-30,MAR,38,22,16,38,ITI,ITI3,11,Marche
2024-02-06,LIG,186,79,107,186,ITC,ITC3,7,Liguria
2023-12-20,PIE,3079,1516,1563,3079,ITC,ITC1,1,Piemonte
2024-01-20,LIG,77,31,46,77,ITC,ITC3,7,Liguria
2023-11-13,MAR,475,229,246,475,ITI,ITI3,11,Marche
2023-12-09,CAL,44,26,18,44,ITF,ITF6,18,Calabria
2023-10-19,ABR,125,76,49,125,ITF,ITF1,13,Abruzzo
2024-01-12,PUG,1055,530,525,1055,ITF,ITF4,16,Puglia
2024-01-04,SIC,522,285,237,522,ITG,ITG1,19,Sicilia
2023-12-31,VEN,131,60,71,131,ITH,ITH3,5,Veneto
2023-12-24,PIE,11,4,7,11,ITC,ITC1,1,Piemonte
2023-11-04,CAM,89,50,39,89,ITF,ITF3,15,Campania
2024-02-04,EMR,4,1,3,4,ITH,ITH5,8,Emilia-Romagna
2023-11-01,VEN,12,4,8,12,ITH,ITH3,5,Veneto
2023-11-25,MAR,38,13,25,38,ITI,ITI3,11,Marche
2023-12-13,BAS,343,195,148,343,ITF,ITF5,17,Basilicata
2024-01-12,MOL,28,15,13,28,ITF,ITF2,14,Molise
2024-02-13,CAM,25,10,15,25,ITF,ITF3,15,Campania
2024-02-01,MAR,23,11,12,23,ITI,ITI3,11,Marche
2023-12-02,VDA,6,3,3,6,ITC,ITC2,2,Valle d'Aosta / Vallée d'Aoste
2023-10-13,CAM,128,61,67,128,ITF,ITF3,15,Campania
2023-12-18,VEN,3489,1746,1743,3489,ITH,ITH3,5,Veneto
2024-02-14,PUG,31,16,15,31,ITF,ITF4,16,Puglia
2023-11-09,CAL,121,64,57,121,ITF,ITF6,18,Calabria
2023-11-11,EMR,3421,1666,1755,3421,ITH,ITH5,8,Emilia-Romagna
2024-02-07,PUG,69,29,40,69,ITF,ITF4,16,Puglia
2023-10-05,FVG,29,11,18,29,ITH,ITH4,6,Friuli-Venezia Giulia
2023-12-13,ABR,561,294,267,561,ITF,ITF1,13,Abruzzo
2023-11-27,VEN,2521,1206,1315,2521,ITH,ITH3,5,Veneto
2024-01-22,PIE,301,145,156,301,ITC,ITC1,1,Piemonte
2023-10-26,FVG,855,425,430,855,ITH,ITH4,6,Friuli-Venezia Giulia
2024-01-24,BAS,37,15,22,37,ITF,ITF5,17,Basilicata
2024-02-15,MAR,13,5,8,13,ITI,ITI3,11,Marche
2023-12-04,LAZ,2876,1365,1511,2876,ITI,ITI4,12,Lazio
2023-12-01,EMR,5562,2622,2940,5562,ITH,ITH5,8,Emilia-Romagna
2024-01-26,LOM,1081,487,594,1081,ITC,ITC4,3,Lombardia
2024-02-05,EMR,79,32,47,79,ITH,ITH5,8,Emilia-Romagna
2024-02-09,SAR,92,44,48,92,ITG,ITG2,20,Sardegna
2024-02-08,PIE,91,36,55,91,ITC,ITC1,1,Piemonte
2024-02-12,PIE,58,30,28,58,ITC,ITC1,1,Piemonte
2024-02-14,PAT,35,17,18,35,ITH,ITH2,4,Provincia Autonoma Trento
2023-11-21,LAZ,2411,1202,1209,2411,ITI,ITI4,12,Lazio
2023-11-08,LOM,11488,5265,6223,11488,ITC,ITC4,3,Lombardia
2024-01-19,PUG,636,304,332,636,ITF,ITF4,16,Puglia
2024-01-24,PIE,554,268,286,554,ITC,ITC1,1,Piemonte
2023-12-12,PUG,2923,1473,1450,2923,ITF,ITF4,16,Puglia
2023-12-08,LAZ,330,168,162,330,ITI,ITI4,12,Lazio
2024-01-11,EMR,1349,647,702,1349,ITH,ITH5,8,Emilia-Romagna
2023-11-02,PIE,1548,750,798,1548,ITC,ITC1,1,Piemonte
2023-12-01,PAB,270,135,135,270,ITH,ITH1,4,Provincia Autonoma Bolzano / Bozen
2024-02-07,SAR,143,65,78,143,ITG,ITG2,20,Sardegna
2023-10-31,VDA,154,76,78,154,ITC,ITC2,2,Valle d'Aosta / Vallée d'Aoste
2023-11-22,LAZ,2403,1157,1246,2403,ITI,ITI4,12,Lazio
2023-11-13,TOS,3861,1803,2058,3861,ITI,ITI1,9,Toscana
2023-10-31,CAM,125,57,68,125,ITF,ITF3,15,Campania
2023-10-21,VEN,49,21,28,49,ITH,ITH3,5,Veneto
2023-11-05,UMB,137,72,65,137,ITI,ITI2,10,Umbria
2024-01-19,PAT,52,23,29,52,ITH,ITH2,4,Provincia Autonoma Trento
2023-11-14,VDA,105,49,56,105,ITC,ITC2,2,Valle d'Aosta / Vallée d'Aoste
2023-12-31,SIC,6,2,4,6,ITG,ITG1,19,Sicilia
2024-01-09,EMR,1344,654,690,1344,ITH,ITH5,8,Emilia-Romagna
2023-12-18,LOM,10387,5134,5253,10387,ITC,ITC4,3,Lombardia
2024-01-20,ABR,19,9,10,19,ITF,ITF1,13,Abruzzo
2024-02-09,UMB,35,14,21,35,ITI,ITI2,10,Umbria
2024-02-09,SIC,41,24,17,41,ITG,ITG1,19,Sicilia
2023-10-31,MAR,607,296,311,607,ITI,ITI3,11,Marche
2023-10-21,SIC,7,3,4,7,ITG,ITG1,19,Sicilia
2023-12-13,VDA,104,41,63,104,ITC,ITC2,2,Valle d'Aosta / Vallée d'Aoste
2024-02-11,LOM,36,6,30,36,ITC,ITC4,3,Lombardia
2023-11-03,SIC,70,39,31,70,ITG,ITG1,19,Sicilia
2023-10-25,MAR,532,266,266,532,ITI,ITI3,11,Marche
2023-11-13,SAR,354,183,171,354,ITG,ITG2,20,Sardegna
2023-12-22,UMB,1002,511,491,1002,ITI,ITI2,10,Umbria
2023-12-19,MAR,1024,513,511,1024,ITI,ITI3,11,Marche
2023-12-03,SIC,157,80,77,157,ITG,ITG1,19,Sicilia
2023-11-03,PAT,357,173,184,357,ITH,ITH2,4,Provincia Autonoma Trento
2023-11-09,SAR,304,161,143,304,ITG,ITG2,20,Sardegna
2024-01-05,PUG,829,399,430,829,ITF,ITF4,16,Puglia
2024-01-22,BAS,62,31,31,62,ITF,ITF5,17,Basilicata
2023-10-06,VDA,18,10,8,18,ITC,ITC2,2,Valle d'Aosta / Vallée d'Aoste
2023-10-21,PUG,221,101,120,221,ITF,ITF4,16,Puglia
2023-11-21,VEN,3132,1524,1608,3132,ITH,ITH3,5,Veneto
2023-12-12,VEN,3452,1669,1783,3452,ITH,ITH3,5,Veneto
2023-11-03,PUG,1629,841,788,1629,ITF,ITF4,16,Puglia
2023-12-13,PIE,3173,1483,1690,3173,ITC,ITC1,1,Piemonte
2024-01-04,FVG,436,210,226,436,ITH,ITH4,6,Friuli-Venezia Giulia
2023-10-17,VEN,164,61,103,164,ITH,ITH3,5,Veneto
2024-01-25,CAM,206,112,94,206,ITF,ITF3,15,Campania
2024-01-26,CAM,218,119,99,218,ITF,ITF3,15,Campania
2024-01-02,SIC,214,117,97,214,ITG,ITG1,19,Sicilia
2023-11-23,MAR,55,23,32,55,ITI,ITI3,11,Marche
2024-01-22,ABR,60,30,30,60,ITF,ITF1,13,Abruzzo
2023-11-24,BAS,63,33,30,63,ITF,ITF5,17,Basilicata
2023-12-01,TOS,5714,2650,3064,5714,ITI,ITI1,9,Toscana
2023-12-12,SIC,681,367,314,681,ITG,ITG1,19,Sicilia
2023-11-29,CAL,192,115,77,192,ITF,ITF6,18,Calabria
2023-12-27,BAS,167,85,82,167,ITF,ITF5,17,Basilicata
2024-01-31,CAL,33,23,10,33,ITF,ITF6,18,Calabria
2024-02-08,LAZ,165,66,99,165,ITI,ITI4,12,Lazio
2023-11-22,TOS,6319,2922,3397,6319,ITI,ITI1,9,Toscana
2024-01-18,TOS,874,410,464,874,ITI,ITI1,9,Toscana
2023-10-12,PIE,105,50,55,105,ITC,ITC1,1,Piemonte
2023-10-11,SAR,89,42,47,89,ITG,ITG2,20,Sardegna
2024-02-14,SIC,29,13,16,29,ITG,ITG1,19,Sicilia
2023-11-05,TOS,192,100,92,192,ITI,ITI1,9,Toscana
2023-10-01,LOM,2772,1464,1308,2772,ITC,ITC4,3,Lombardia
2023-12-16,PUG,627,315,312,627,ITF,ITF4,16,Puglia
2024-01-02,CAL,117,73,44,117,ITF,ITF6,18,Calabria
2023-12-02,CAM,159,91,68,159,ITF,ITF3,15,Campania
2023-10-18,PAB,625,301,324,625,ITH,ITH1,4,Provincia Autonoma Bolzano / Bozen
2023-11-23,SIC,259,143,116,259,ITG,ITG1,19,Sicilia
2023-11-26,PIE,56,27,29,56,ITC,ITC1,1,Piemonte
2023-11-20,BAS,5,1,4,5,ITF,ITF5,17,Basilicata
2023-11-28,EMR,5716,2711,3005,5716,ITH,ITH5,8,Emilia-Romagna
2023-10-30,PIE,1176,571,605,1176,ITC,ITC1,1,Piemonte
2023-11-22,PUG,1598,816,782,1598,ITF,ITF4,16,Puglia
2023-11-24,EMR,5515,2662,2853,5515,ITH,ITH5,8,Emilia-Romagna
2024-01-12,PAT,149,77,72,149,ITH,ITH2,4,Provincia Autonoma Trento
2023-11-04,TOS,1964,944,1020,1964,ITI,ITI1,9,Toscana
2024-01-06,PIE,438,215,223,438,ITC,ITC1,1,Piemonte
2023-11-20,PIE,2011,894,1117,2011,ITC,ITC1,1,Piemonte
2024-01-29,CAL,51,29,22,51,ITF,ITF6,18,Calabria
2023-11-05,LOM,789,383,406,789,ITC,ITC4,3,Lombardia
2024-01-17,VEN,625,295,330,625,ITH,ITH3,5,Veneto
2023-12-22,CAL,438,251,187,438,ITF,ITF6,18,Calabria
2024-01-25,PAT,48,27,21,48,ITH,ITH2,4,Provincia Autonoma Trento
2023-12-16,CAM,663,361,302,663,ITF,ITF3,15,Campania
2024-01-14,UMB,47,25,22,47,ITI,ITI2,10,Umbria
2023-10-06,ABR,3,2,1,3,ITF,ITF1,13,Abruzzo
2024-02-06,MAR,21,12,9,21,ITI,ITI3,11,Marche
2024-01-21,SIC,4,1,3,4,ITG,ITG1,19,Sicilia
2023-12-20,FVG,1293,666,627,1293,ITH,ITH4,6,Friuli-Venezia Giulia
2023-11-08,UMB,667,332,335,667,ITI,ITI2,10,Umbria
2023-12-11,PIE,2239,1078,1161,2239,ITC,ITC1,1,Piemonte
2023-11-03,CAM,351,199,152,351,ITF,ITF3,15,Campania
2023-11-17,PAB,271,134,137,271,ITH,ITH1,4,Provincia Autonoma Bolzano / Bozen
2023-10-13,TOS,683,342,341,683,ITI,ITI1,9,Toscana
2024-01-01,PIE,15,5,10,15,ITC,ITC1,1,Piemonte
2024-01-25,PUG,345,160,185,345,ITF,ITF4,16,Puglia
2023-11-27,SIC,165,76,89,165,ITG,ITG1,19,Sicilia
2023-11-01,PUG,33,15,18,33,ITF,ITF4,16,Puglia
2023-12-10,VEN,741,409,332,741,ITH,ITH3,5,Veneto
2024-01-16,BAS,61,32,29,61,ITF,ITF5,17,Basilicata
2024-02-14,CAM,30,19,11,30,ITF,ITF3,15,Campania
2023-12-13,CAL,474,270,204,474,ITF,ITF6,18,Calabria
2023-12-21,LOM,9167,4527,4640,9167,ITC,ITC4,3,Lombardia
2024-01-23,UMB,143,80,63,143,ITI,ITI2,10,Umbria
2023-11-09,FVG,1406,611,795,1406,ITH,ITH4,6,Friuli-Venezia Giulia
2023-11-22,PAT,393,186,207,393,ITH,ITH2,4,Provincia Autonoma Trento
2023-12-09,MOL,10,3,7,10,ITF,ITF2,14,Molise
2023-11-28,VEN,4171,2031,2140,4171,ITH,ITH3,5,Veneto
2023-12-28,TOS,2173,1072,1101,2173,ITI,ITI1,9,Toscana
2023-12-06,LOM,10959,5201,5758,10959,ITC,ITC4,3,Lombardia
2023-10-23,VEN,334,146,188,334,ITH,ITH3,5,Veneto
2023-12-29,EMR,1652,779,873,1652,ITH,ITH5,8,Emilia-Romagna
2023-11-08,PAB,544,289,255,544,ITH,ITH1,4,Provincia Autonoma Bolzano / Bozen
2023-11-02,SIC,85,46,39,85,ITG,ITG1,19,Sicilia
2024-01-06,BAS,5,3,2,5,ITF,ITF5,17,Basilicata
2024-01-17,PAB,52,27,25,52,ITH,ITH1,4,Provincia Autonoma Bolzano / Bozen
2024-01-05,LAZ,1806,899,907,1806,ITI,ITI4,12,Lazio
2024-01-27,SAR,96,52,44,96,ITG,ITG2,20,Sardegna
2023-12-10,EMR,190,84,106,190,ITH,ITH5,8,Emilia-Romagna
2023-12-30,VEN,1336,670,666,1336,ITH,ITH3,5,Veneto
2023-12-08,PUG,18,10,8,18,ITF,ITF4,16,Puglia
2023-10-31,EMR,4604,2137,2467,4604,ITH,ITH5,8,Emilia-Romagna
2023-12-29,SIC,655,361,294,655,ITG,ITG1,19,Sicilia
2023-12-15,SIC,1230,649,581,1230,ITG,ITG1,19,Sicilia
2024-01-12,VEN,1960,959,1001,1960,ITH,ITH3,5,Veneto
2024-01-08,TOS,664,311,353,664,ITI,ITI1,9,Toscana
2023-10-10,PAB,438,248,190,438,ITH,ITH1,4,Provincia Autonoma Bolzano / Bozen
2023-11-19,PAB,1,0,1,1,ITH,ITH1,4,Provincia Autonoma Bolzano / Bozen
2023-12-09,BAS,50,29,21,50,ITF,ITF5,17,Basilicata
2023-10-19,SAR,119,71,48,119,ITG,ITG2,20,Sardegna
2024-02-09,FVG,97,44,53,97,ITH,ITH4,6,Friuli-Venezia Giulia
2023-12-14,UMB,760,379,381,760,ITI,ITI2,10,Umbria
2023-10-16,MAR,142,81,61,142,ITI,ITI3,11,Marche
2023-12-11,BAS,147,83,64,147,ITF,ITF5,17,Basilicata
2023-11-11,PAT,21,11,10,21,ITH,ITH2,4,Provincia Autonoma Trento
2023-10-28,ABR,43,23,20,43,ITF,ITF1,13,Abruzzo
2024-01-03,LAZ,2491,1157,1334,2491,ITI,ITI4,12,Lazio
2023-11-17,VEN,3240,1498,1742,3240,ITH,ITH3,5,Veneto
2024-02-05,MAR,7,5,2,7,ITI,ITI3,11,Marche
2023-12-29,VEN,1367,675,692,1367,ITH,ITH3,5,Veneto
2023-11-12,CAL,6,0,6,6,ITF,ITF6,18,Calabria
2023-12-12,MOL,182,99,83,182,ITF,ITF2,14,Molise
2024-02-10,SIC,12,6,6,12,ITG,ITG1,19,Sicilia
2024-01-09,VDA,7,2,5,7,ITC,ITC2,2,Valle d'Aosta / Vallée d'Aoste
2023-11-27,MAR,31,13,18,31,ITI,ITI3,11,Marche
2023-12-02,SIC,95,53,42,95,ITG,ITG1,19,Sicilia
2024-01-27,LOM,304,131,173,304,ITC,ITC4,3,Lombardia
2023-10-23,EMR,2289,1132,1157,2289,ITH,ITH5,8,Emilia-Romagna
2024-01-08,LAZ,1511,751,760,1511,ITI,ITI4,12,Lazio
2024-01-09,MAR,287,144,143,287,ITI,ITI3,11,Marche
2024-01-14,ABR,22,15,7,22,ITF,ITF1,13,Abruzzo
2023-10-29,MAR,27,15,12,27,ITI,ITI3,11,Marche
2023-11-11,PUG,437,234,203,437,ITF,ITF4,16,Puglia
2023-11-30,EMR,6013,2926,3087,6013,ITH,ITH5,8,Emilia-Romagna
2023-10-16,TOS,730,315,415,730,ITI,ITI1,9,Toscana
2023-12-11,ABR,474,238,236,474,ITF,ITF1,13,Abruzzo
2023-12-01,CAM,716,381,335,716,ITF,ITF3,15,Campania
2023-11-16,ABR,359,171,188,359,ITF,ITF1,13,Abruzzo
2023-12-28,PAT,64,29,35,64,ITH,ITH2,4,Provincia Autonoma Trento
2024-01-12,EMR,1306,637,669,1306,ITH,ITH5,8,Emilia-Romagna
2024-02-03,LAZ,63,29,34,63,ITI,ITI4,12,Lazio
2024-02-15,EMR,89,35,54,89,ITH,ITH5,8,Emilia-Romagna
2023-11-15,FVG,1125,535,590,1125,ITH,ITH4,6,Friuli-Venezia Giulia
2023-10-13,PUG,204,111,93,204,ITF,ITF4,16,Puglia
2024-01-13,MAR,107,48,59,107,ITI,ITI3,11,Marche
2023-11-28,SIC,346,206,140,346,ITG,ITG1,19,Sicilia
2024-02-13,PUG,64,34,30,64,ITF,ITF4,16,Puglia
2023-12-19,SIC,976,520,456,976,ITG,ITG1,19,Sicilia
2024-02-08,PUG,88,47,41,88,ITF,ITF4,16,Puglia
2023-10-31,VEN,1440,619,821,1440,ITH,ITH3,5,Veneto
2023-12-27,PUG,1033,538,495,1033,ITF,ITF4,16,Puglia
2023-12-07,CAL,333,208,125,333,ITF,ITF6,18,Calabria
2023-12-28,PUG,1280,687,593,1280,ITF,ITF4,16,Puglia
2024-01-26,TOS,404,164,240,404,ITI,ITI1,9,Toscana
2023-10-12,FVG,53,33,20,53,ITH,ITH4,6,Friuli-Venezia Giulia
2023-11-15,ABR,231,118,113,231,ITF,ITF1,13,Abruzzo
2024-01-23,ABR,109,58,51,109,ITF,ITF1,13,Abruzzo
2023-10-09,LIG,32,10,22,32,ITC,ITC3,7,Liguria
2023-10-18,LIG,274,105,169,274,ITC,ITC3,7,Liguria
2024-01-17,EMR,1031,498,533,1031,ITH,ITH5,8,Emilia-Romagna
2023-10-26,SAR,205,101,104,205,ITG,ITG2,20,Sardegna
2023-10-31,SIC,85,52,33,85,ITG,ITG1,19,Sicilia
2023-12-27,PAT,146,74,72,146,ITH,ITH2,4,Provincia Autonoma Trento
2023-10-27,PIE,2150,1043,1107,2150,ITC,ITC1,1,Piemonte
2023-11-11,VEN,2445,1227,1218,2445,ITH,ITH3,5,Veneto
2023-11-20,TOS,4094,1886,2208,4094,ITI,ITI1,9,Toscana
2023-10-29,SIC,3,2,1,3,ITG,ITG1,19,Sicilia
2023-11-21,ABR,345,193,152,345,ITF,ITF1,13,Abruzzo
2023-11-21,VDA,70,29,41,70,ITC,ITC2,2,Valle d'Aosta / Vallée d'Aoste
2024-01-04,MAR,280,149,131,280,ITI,ITI3,11,Marche
2023-11-18,BAS,25,9,16,25,ITF,ITF5,17,Basilicata
2023-11-25,LOM,222,105,117,222,ITC,ITC4,3,Lombardia
2023-12-07,TOS,5019,2360,2659,5019,ITI,ITI1,9,Toscana
2023-12-29,ABR,332,183,149,332,ITF,ITF1,13,Abruzzo
2023-10-31,LAZ,1485,736,749,1485,ITI,ITI4,12,Lazio
2023-10-18,LOM,5862,2954,2908,5862,ITC,ITC4,3,Lombardia
2024-02-01,SIC,99,46,53,99,ITG,ITG1,19,Sicilia
2023-11-17,CAL,96,46,50,96,ITF,ITF6,18,Calabria
2023-10-13,FVG,40,18,22,40,ITH,ITH4,6,Friuli-Venezia Giulia
2023-12-04,CAM,676,382,294,676,ITF,ITF3,15,Campania
2023-11-17,LIG,689,350,339,689,ITC,ITC3,7,Liguria
2023-12-18,TOS,2882,1378,1504,2882,ITI,ITI1,9,Toscana
2023-10-11,TOS,618,294,324,618,ITI,ITI1,9,Toscana
2023-10-06,LAZ,69,40,29,69,ITI,ITI4,12,Lazio
2023-12-13,LAZ,4987,2379,2608,4987,ITI,ITI4,12,Lazio
2023-11-21,EMR,5953,2844,3109,5953,ITH,ITH5,8,Emilia-Romagna
2023-11-26,SIC,29,17,12,29,ITG,ITG1,19,Sicilia
2024-02-14,EMR,136,61,75,136,ITH,ITH5,8,Emilia-Romagna
2024-01-29,CAM,77,36,41,77,ITF,ITF3,15,Campania
2023-10-10,CAM,64,39,25,64,ITF,ITF3,15,Campania
2023-11-30,LAZ,3632,1814,1818,3632,ITI,ITI4,12,Lazio
2023-11-11,UMB,371,172,199,371,ITI,ITI2,10,Umbria
2023-10-19,LAZ,363,170,193,363,ITI,ITI4,12,Lazio
2023-11-22,VDA,118,54,64,118,ITC,ITC2,2,Valle d'Aosta / Vallée d'Aoste
2024-01-14,PUG,17,9,8,17,ITF,ITF4,16,Puglia
2023-10-30,VDA,102,55,47,102,ITC,ITC2,2,Valle d'Aosta / Vallée d'Aoste
2024-01-24,ABR,46,16,30,46,ITF,ITF1,13,Abruzzo
2023-12-08,ABR,12,5,7,12,ITF,ITF1,13,Abruzzo
2024-01-14,CAL,7,6,1,7,ITF,ITF6,18,Calabria
2024-02-04,PUG,6,3,3,6,ITF,ITF4,16,Puglia
2024-01-26,MOL,2,1,1,2,ITF,ITF2,14,Molise
2024-01-25,BAS,14,7,7,14,ITF,ITF5,17,Basilicata
2024-01-06,UMB,13,3,10,13,ITI,ITI2,10,Umbria
2024-02-05,SIC,6,4,2,6,ITG,ITG1,19,Sicilia
2024-02-10,FVG,2,1,1,2,ITH,ITH4,6,Friuli-Venezia Giulia
2023-10-28,SIC,10,3,7,10,ITG,ITG1,19,Sicilia
2023-12-26,SIC,6,3,3,6,ITG,ITG1,19,Sicilia
2024-01-21,TOS,1,0,1,1,ITI,ITI1,9,Toscana
2024-01-14,PAT,1,1,0,1,ITH,ITH2,4,Provincia Autonoma Trento
2023-11-08,TOS,6456,2954,3502,6456,ITI,ITI1,9,Toscana
2024-02-05,CAM,44,23,21,44,ITF,ITF3,15,Campania
2023-12-12,TOS,4121,1972,2149,4121,ITI,ITI1,9,Toscana
2023-11-07,EMR,6406,2957,3449,6406,ITH,ITH5,8,Emilia-Romagna
2024-02-13,PIE,43,23,20,43,ITC,ITC1,1,Piemonte
2023-11-25,CAM,180,92,88,180,ITF,ITF3,15,Campania
2023-11-22,PAB,513,252,261,513,ITH,ITH1,4,Provincia Autonoma Bolzano / Bozen
2024-02-08,SAR,157,85,72,157,ITG,ITG2,20,Sardegna
2023-10-13,PIE,203,113,90,203,ITC,ITC1,1,Piemonte
2023-10-05,CAM,40,24,16,40,ITF,ITF3,15,Campania
2023-11-09,MOL,78,25,53,78,ITF,ITF2,14,Molise
2024-02-02,PAT,20,9,11,20,ITH,ITH2,4,Provincia Autonoma Trento
2024-02-02,ABR,11,6,5,11,ITF,ITF1,13,Abruzzo
2023-10-26,TOS,4669,2176,2493,4669,ITI,ITI1,9,Toscana
2023-12-05,CAL,430,231,199,430,ITF,ITF6,18,Calabria
2024-01-12,LIG,672,329,343,672,ITC,ITC3,7,Liguria
2024-02-02,PUG,111,52,59,111,ITF,ITF4,16,Puglia
2023-11-18,VEN,1894,916,978,1894,ITH,ITH3,5,Veneto
2023-12-05,PUG,2203,1119,1084,2203,ITF,ITF4,16,Puglia
2024-02-05,FVG,87,40,47,87,ITH,ITH4,6,Friuli-Venezia Giulia
2024-02-06,LOM,339,137,202,339,ITC,ITC4,3,Lombardia
2024-01-02,CAM,439,230,209,439,ITF,ITF3,15,Campania
2024-01-10,CAM,675,363,312,675,ITF,ITF3,15,Campania
2023-10-27,TOS,4086,1927,2159,4086,ITI,ITI1,9,Toscana
2023-12-30,MAR,88,38,50,88,ITI,ITI3,11,Marche
2023-10-29,EMR,330,170,160,330,ITH,ITH5,8,Emilia-Romagna
2024-01-24,CAL,104,53,51,104,ITF,ITF6,18,Calabria
2023-12-26,VEN,284,153,131,284,ITH,ITH3,5,Veneto
2024-01-10,FVG,301,139,162,301,ITH,ITH4,6,Friuli-Venezia Giulia
2023-10-25,PIE,1800,816,984,1800,ITC,ITC1,1,Piemonte
2023-11-29,BAS,128,71,57,128,ITF,ITF5,17,Basilicata
2024-01-04,LOM,3125,1475,1650,3125,ITC,ITC4,3,Lombardia
2024-01-03,FVG,475,220,255,475,ITH,ITH4,6,Friuli-Venezia Giulia
2024-01-19,TOS,683,314,369,683,ITI,ITI1,9,Toscana
2024-01-03,CAL,260,153,107,260,ITF,ITF6,18,Calabria
2024-02-06,ABR,15,5,10,15,ITF,ITF1,13,Abruzzo
2023-11-27,PUG,1277,660,617,1277,ITF,ITF4,16,Puglia
2023-12-23,LAZ,4043,2178,1865,4043,ITI,ITI4,12,Lazio
2023-10-20,PAB,302,152,150,302,ITH,ITH1,4,Provincia Autonoma Bolzano / Bozen
2024-01-24,VEN,425,213,212,425,ITH,ITH3,5,Veneto
2024-02-08,VEN,106,37,69,106,ITH,ITH3,5,Veneto
2024-01-25,SAR,389,190,199,389,ITG,ITG2,20,Sardegna
2024-02-12,LOM,225,92,133,225,ITC,ITC4,3,Lombardia
2023-12-15,FVG,1021,486,535,1021,ITH,ITH4,6,Friuli-Venezia Giulia
2024-01-11,SIC,551,270,281,551,ITG,ITG1,19,Sicilia
2023-11-27,PAT,70,22,48,70,ITH,ITH2,4,Provincia Autonoma Trento
2023-10-18,PUG,452,246,206,452,ITF,ITF4,16,Puglia
2023-11-21,PAB,561,281,280,561,ITH,ITH1,4,Provincia Autonoma Bolzano / Bozen
2023-10-28,LIG,102,40,62,102,ITC,ITC3,7,Liguria
2024-02-05,CAL,15,9,6,15,ITF,ITF6,18,Calabria
2024-02-09,PAB,4,1,3,4,ITH,ITH1,4,Provincia Autonoma Bolzano / Bozen
2023-12-11,MAR,650,317,333,650,ITI,ITI3,11,Marche
2023-11-04,VEN,1776,886,890,1776,ITH,ITH3,5,Veneto
2023-11-24,LAZ,2223,1074,1149,2223,ITI,ITI4,12,Lazio
2024-01-02,LOM,2124,1012,1112,2124,ITC,ITC4,3,Lombardia
2023-12-01,SIC,384,203,181,384,ITG,ITG1,19,Sicilia
2023-12-27,MOL,138,75,63,138,ITF,ITF2,14,Molise
2024-01-25,VEN,404,172,232,404,ITH,ITH3,5,Veneto
2023-12-17,FVG,19,9,10,19,ITH,ITH4,6,Friuli-Venezia Giulia
2023-12-16,SIC,331,180,151,331,ITG,ITG1,19,Sicilia
2023-11-28,TOS,4521,2087,2434,4521,ITI,ITI1,9,Toscana
2023-11-15,MOL,97,57,40,97,ITF,ITF2,14,Molise
2023-11-19,FVG,46,19,27,46,ITH,ITH4,6,Friuli-Venezia Giulia
2024-02-14,LIG,99,50,49,99,ITC,ITC3,7,Liguria
2023-11-04,UMB,175,82,93,175,ITI,ITI2,10,Umbria
2023-12-26,EMR,80,41,39,80,ITH,ITH5,8,Emilia-Romagna
2023-10-07,PIE,47,24,23,47,ITC,ITC1,1,Piemonte
2024-01-23,LAZ,920,423,497,920,ITI,ITI4,12,Lazio
2024-01-04,VEN,1054,515,539,1054,ITH,ITH3,5,Veneto
2023-11-16,LAZ,2635,1292,1343,2635,ITI,ITI4,12,Lazio
2024-01-12,SIC,467,235,232,467,ITG,ITG1,19,Sicilia
2024-01-10,UMB,807,408,399,807,ITI,ITI2,10,Umbria
2023-12-20,UMB,939,494,445,939,ITI,ITI2,10,Umbria
2023-10-27,MAR,910,478,432,910,ITI,ITI3,11,Marche
2023-12-22,SIC,889,498,391,889,ITG,ITG1,19,Sicilia
2024-01-29,SIC,92,43,49,92,ITG,ITG1,19,Sicilia
2024-01-06,LAZ,1120,565,555,1120,ITI,ITI4,12,Lazio
2023-10-19,PAT,318,146,172,318,ITH,ITH2,4,Provincia Autonoma Trento
2023-11-03,LAZ,1721,864,857,1721,ITI,ITI4,12,Lazio
2023-12-28,EMR,1906,922,984,1906,ITH,ITH5,8,Emilia-Romagna
2024-01-19,LAZ,1428,677,751,1428,ITI,ITI4,12,Lazio
2024-02-02,LOM,200,78,122,200,ITC,ITC4,3,Lombardia
2023-10-05,PIE,14,9,5,14,ITC,ITC1,1,Piemonte
2024-01-24,MOL,11,5,6,11,ITF,ITF2,14,Molise
2024-02-15,PAT,5,1,4,5,ITH,ITH2,4,Provincia Autonoma Trento
2023-11-14,ABR,298,146,152,298,ITF,ITF1,13,Abruzzo
2023-11-14,PAT,454,226,228,454,ITH,ITH2,4,Provincia Autonoma Trento
2023-11-07,UMB,492,233,259,492,ITI,ITI2,10,Umbria
2024-01-11,MAR,323,163,160,323,ITI,ITI3,11,Marche
2024-01-30,VEN,178,92,86,178,ITH,ITH3,5,Veneto
2024-02-15,PUG,13,7,6,13,ITF,ITF4,16,Puglia
2023-11-13,LIG,394,190,204,394,ITC,ITC3,7,Liguria
2023-10-21,LAZ,442,217,225,442,ITI,ITI4,12,Lazio
2023-11-18,LIG,257,127,130,257,ITC,ITC3,7,Liguria
2023-11-05,MAR,28,11,17,28,ITI,ITI3,11,Marche
2024-01-30,SAR,218,104,114,218,ITG,ITG2,20,Sardegna
2024-02-05,UMB,7,5,2,7,ITI,ITI2,10,Umbria
2023-10-19,PUG,487,261,226,487,ITF,ITF4,16,Puglia
2024-01-04,PAB,6,2,4,6,ITH,ITH1,4,Provincia Autonoma Bolzano / Bozen
2024-01-14,LAZ,657,309,348,657,ITI,ITI4,12,Lazio
2023-12-29,TOS,2097,1011,1086,2097,ITI,ITI1,9,Toscana
2023-10-14,TOS,358,182,176,358,ITI,ITI1,9,Toscana
2024-01-13,EMR,496,223,273,496,ITH,ITH5,8,Emilia-Romagna
2024-02-06,CAL,13,6,7,13,ITF,ITF6,18,Calabria
2023-11-25,MOL,116,61,55,116,ITF,ITF2,14,Molise
2024-01-23,MAR,166,78,88,166,ITI,ITI3,11,Marche
2023-10-27,LAZ,1388,702,686,1388,ITI,ITI4,12,Lazio
2023-11-16,MAR,859,429,430,859,ITI,ITI3,11,Marche
2023-12-02,PIE,1198,604,594,1198,ITC,ITC1,1,Piemonte
2024-01-18,CAM,180,105,75,180,ITF,ITF3,15,Campania
2024-02-01,PUG,170,78,92,170,ITF,ITF4,16,Puglia
2023-12-27,SIC,580,286,294,580,ITG,ITG1,19,Sicilia
2024-02-10,PIE,57,29,28,57,ITC,ITC1,1,Piemonte
2024-02-03,EMR,19,8,11,19,ITH,ITH5,8,Emilia-Romagna
2023-11-27,CAL,211,118,93,211,ITF,ITF6,18,Calabria
2024-01-30,LOM,622,250,372,622,ITC,ITC4,3,Lombardia
2023-12-14,VDA,63,30,33,63,ITC,ITC2,2,Valle d'Aosta / Vallée d'Aoste
2024-01-25,EMR,493,219,274,493,ITH,ITH5,8,Emilia-Romagna
2024-02-06,VEN,95,43,52,95,ITH,ITH3,5,Veneto
2023-11-29,SAR,860,435,425,860,ITG,ITG2,20,Sardegna
2023-11-14,PUG,1876,964,912,1876,ITF,ITF4,16,Puglia
2024-01-13,LOM,1220,578,642,1220,ITC,ITC4,3,Lombardia
2023-12-17,PIE,416,227,189,416,ITC,ITC1,1,Piemonte
2023-11-14,BAS,24,10,14,24,ITF,ITF5,17,Basilicata
2023-10-31,PAT,448,243,205,448,ITH,ITH2,4,Provincia Autonoma Trento
2023-10-05,SAR,42,23,19,42,ITG,ITG2,20,Sardegna
2023-10-31,PUG,883,453,430,883,ITF,ITF4,16,Puglia
2023-12-20,LIG,2358,1112,1246,2358,ITC,ITC3,7,Liguria
2024-01-13,VEN,1138,560,578,1138,ITH,ITH3,5,Veneto
2024-01-05,ABR,938,497,441,938,ITF,ITF1,13,Abruzzo
2023-12-27,EMR,1263,600,663,1263,ITH,ITH5,8,Emilia-Romagna
2023-10-09,FVG,48,26,22,48,ITH,ITH4,6,Friuli-Venezia Giulia
2024-01-08,CAM,404,229,175,404,ITF,ITF3,15,Campania
2023-12-21,LIG,1834,929,905,1834,ITC,ITC3,7,Liguria
2023-10-22,LOM,381,190,191,381,ITC,ITC4,3,Lombardia
2023-11-16,VDA,121,59,62,121,ITC,ITC2,2,Valle d'Aosta / Vallée d'Aoste
2023-10-12,LIG,126,48,78,126,ITC,ITC3,7,Liguria
2024-01-07,TOS,11,4,7,11,ITI,ITI1,9,Toscana
2024-01-22,TOS,288,129,159,288,ITI,ITI1,9,Toscana
2023-11-09,LIG,1058,530,528,1058,ITC,ITC3,7,Liguria
2024-01-26,SAR,197,87,110,197,ITG,ITG2,20,Sardegna
2023-10-26,LAZ,852,422,430,852,ITI,ITI4,12,Lazio
2023-10-09,LOM,380,153,227,380,ITC,ITC4,3,Lombardia
2024-02-14,LAZ,127,52,75,127,ITI,ITI4,12,Lazio
2024-01-26,VEN,430,205,225,430,ITH,ITH3,5,Veneto
2023-10-16,CAM,172,98,74,172,ITF,ITF3,15,Campania
2023-11-04,SIC,18,12,6,18,ITG,ITG1,19,Sicilia
2023-11-23,FVG,1262,586,676,1262,ITH,ITH4,6,Friuli-Venezia Giulia
2023-12-15,PUG,3743,1843,1900,3743,ITF,ITF4,16,Puglia
2023-11-06,FVG,950,421,529,950,ITH,ITH4,6,Friuli-Venezia Giulia
2023-11-15,MAR,779,384,395,779,ITI,ITI3,11,Marche
2024-02-06,EMR,135,62,73,135,ITH,ITH5,8,Emilia-Romagna
2023-11-18,UMB,235,120,115,235,ITI,ITI2,10,Umbria
2023-11-07,PAB,552,279,273,552,ITH,ITH1,4,Provincia Autonoma Bolzano / Bozen
2023-12-24,SIC,6,4,2,6,ITG,ITG1,19,Sicilia
2024-01-18,CAL,81,45,36,81,ITF,ITF6,18,Calabria
2024-01-12,LAZ,2014,949,1065,2014,ITI,ITI4,12,Lazio
2023-10-17,PAB,494,251,243,494,ITH,ITH1,4,Provincia Autonoma Bolzano / Bozen
2023-10-17,LIG,350,149,201,350,ITC,ITC3,7,Liguria
2023-11-29,VEN,4689,2229,2460,4689,ITH,ITH3,5,Veneto
2023-11-28,PUG,1908,976,932,1908,ITF,ITF4,16,Puglia
2023-10-22,VEN,6,4,2,6,ITH,ITH3,5,Veneto
2024-02-11,UMB,2,0,2,2,ITI,ITI2,10,Umbria
2023-12-20,PAB,494,273,221,494,ITH,ITH1,4,Provincia Autonoma Bolzano / Bozen
2024-01-03,UMB,218,108,110,218,ITI,ITI2,10,Umbria
2023-11-29,LOM,10758,5108,5650,10758,ITC,ITC4,3,Lombardia
2024-01-01,SIC,3,2,1,3,ITG,ITG1,19,Sicilia
2023-10-11,FVG,72,36,36,72,ITH,ITH4,6,Friuli-Venezia Giulia
2023-12-14,MAR,1116,556,560,1116,ITI,ITI3,11,Marche
2023-11-28,PAT,465,212,253,465,ITH,ITH2,4,Provincia Autonoma Trento
2023-11-15,SIC,210,114,96,210,ITG,ITG1,19,Sicilia
2024-01-09,ABR,196,106,90,196,ITF,ITF1,13,Abruzzo
2024-02-07,CAM,46,22,24,46,ITF,ITF3,15,Campania
2024-02-02,EMR,144,67,77,144,ITH,ITH5,8,Emilia-Romagna
2024-01-18,FVG,277,137,140,277,ITH,ITH4,6,Friuli-Venezia Giulia
2023-11-15,LAZ,2461,1222,1239,2461,ITI,ITI4,12,Lazio
2024-01-02,MOL,48,26,22,48,ITF,ITF2,14,Molise
2023-10-16,LOM,4578,2410,2168,4578,ITC,ITC4,3,Lombardia
2023-12-29,PUG,1372,708,664,1372,ITF,ITF4,16,Puglia
2023-11-06,PUG,1257,655,602,1257,ITF,ITF4,16,Puglia
2023-12-13,EMR,6014,2958,3056,6014,ITH,ITH5,8,Emilia-Romagna
2023-12-21,SAR,942,462,480,942,ITG,ITG2,20,Sardegna
2023-11-26,EMR,340,170,170,340,ITH,ITH5,8,Emilia-Romagna
2023-12-11,LIG,1783,883,900,1783,ITC,ITC3,7,Liguria
2023-12-07,SIC,476,264,212,476,ITG,ITG1,19,Sicilia
2024-01-24,SAR,244,133,111,244,ITG,ITG2,20,Sardegna
2024-01-20,EMR,127,69,58,127,ITH,ITH5,8,Emilia-Romagna
2023-12-03,LOM,658,321,337,658,ITC,ITC4,3,Lombardia
2023-10-16,FVG,121,64,57,121,ITH,ITH4,6,Friuli-Venezia Giulia
2023-10-11,LAZ,160,90,70,160,ITI,ITI4,12,Lazio
2023-12-21,EMR,4858,2423,2435,4858,ITH,ITH5,8,Emilia-Romagna
2023-11-03,LIG,692,353,339,692,ITC,ITC3,7,Liguria
2024-01-04,PIE,1138,539,599,1138,ITC,ITC1,1,Piemonte
2023-11-24,SIC,228,119,109,228,ITG,ITG1,19,Sicilia
2024-01-04,UMB,328,166,162,328,ITI,ITI2,10,Umbria
2023-12-06,MAR,63,31,32,63,ITI,ITI3,11,Marche
2023-11-11,PAB,36,17,19,36,ITH,ITH1,4,Provincia Autonoma Bolzano / Bozen
2024-01-26,BAS,34,21,13,34,ITF,ITF5,17,Basilicata
2023-11-29,ABR,361,179,182,361,ITF,ITF1,13,Abruzzo
2023-11-22,SAR,756,383,373,756,ITG,ITG2,20,Sardegna
2023-11-27,PIE,2333,1064,1269,2333,ITC,ITC1,1,Piemonte
2023-10-30,LIG,411,207,204,411,ITC,ITC3,7,Liguria
2023-12-28,BAS,244,116,128,244,ITF,ITF5,17,Basilicata
2023-11-09,UMB,711,340,371,711,ITI,ITI2,10,Umbria
2024-01-30,BAS,11,6,5,11,ITF,ITF5,17,Basilicata
2023-10-13,PAB,232,121,111,232,ITH,ITH1,4,Provincia Autonoma Bolzano / Bozen
2023-10-02,LAZ,17,7,10,17,ITI,ITI4,12,Lazio
2023-11-18,EMR,2186,1067,1119,2186,ITH,ITH5,8,Emilia-Romagna
2024-01-10,CAL,248,136,112,248,ITF,ITF6,18,Calabria
2023-11-22,UMB,677,335,342,677,ITI,ITI2,10,Umbria
2023-12-10,LAZ,196,89,107,196,ITI,ITI4,12,Lazio
2023-11-17,LAZ,2602,1264,1338,2602,ITI,ITI4,12,Lazio
2023-12-15,CAM,1437,822,615,1437,ITF,ITF3,15,Campania
2023-10-20,LIG,84,33,51,84,ITC,ITC3,7,Liguria
2023-12-18,BAS,284,151,133,284,ITF,ITF5,17,Basilicata
2024-01-03,CAM,518,291,227,518,ITF,ITF3,15,Campania
2024-01-26,ABR,54,27,27,54,ITF,ITF1,13,Abruzzo
2023-12-16,MAR,742,366,376,742,ITI,ITI3,11,Marche
2024-01-30,CAL,64,36,28,64,ITF,ITF6,18,Calabria
2023-12-25,PIE,14,8,6,14,ITC,ITC1,1,Piemonte
2024-01-30,PAT,7,4,3,7,ITH,ITH2,4,Provincia Autonoma Trento
2024-01-30,PUG,282,131,151,282,ITF,ITF4,16,Puglia
2023-11-22,VEN,3809,1735,2074,3809,ITH,ITH3,5,Veneto
2023-10-25,CAM,302,179,123,302,ITF,ITF3,15,Campania
2023-10-29,LOM,640,314,326,640,ITC,ITC4,3,Lombardia
2024-01-08,FVG,286,129,157,286,ITH,ITH4,6,Friuli-Venezia Giulia
2024-01-05,FVG,379,201,178,379,ITH,ITH4,6,Friuli-Venezia Giulia
2024-01-13,PUG,63,32,31,63,ITF,ITF4,16,Puglia
2023-11-26,LOM,1046,516,530,1046,ITC,ITC4,3,Lombardia
2023-12-19,TOS,3342,1628,1714,3342,ITI,ITI1,9,Toscana
2024-02-02,VEN,169,71,98,169,ITH,ITH3,5,Veneto
2023-10-30,PAB,186,84,102,186,ITH,ITH1,4,Provincia Autonoma Bolzano / Bozen
2024-02-05,LOM,315,145,170,315,ITC,ITC4,3,Lombardia
2023-12-08,VEN,1170,577,593,1170,ITH,ITH3,5,Veneto
2024-02-12,EMR,103,55,48,103,ITH,ITH5,8,Emilia-Romagna
2023-10-12,EMR,55,24,31,55,ITH,ITH5,8,Emilia-Romagna
2023-12-20,EMR,5620,2839,2781,5620,ITH,ITH5,8,Emilia-Romagna
2023-12-21,VEN,4470,2282,2188,4470,ITH,ITH3,5,Veneto
2023-11-22,EMR,6185,3027,3158,6185,ITH,ITH5,8,Emilia-Romagna
2024-01-08,LOM,2700,1284,1416,2700,ITC,ITC4,3,Lombardia
2023-12-17,PUG,77,41,36,77,ITF,ITF4,16,Puglia
2023-11-08,VDA,212,106,106,212,ITC,ITC2,2,Valle d'Aosta / Vallée d'Aoste
2023-10-09,PUG,14,7,7,14,ITF,ITF4,16,Puglia
2024-01-13,ABR,28,12,16,28,ITF,ITF1,13,Abruzzo
2024-02-02,CAL,18,12,6,18,ITF,ITF6,18,Calabria
2024-02-13,UMB,4,2,2,4,ITI,ITI2,10,Umbria
2023-12-24,UMB,6,2,4,6,ITI,ITI2,10,Umbria
2024-01-28,LAZ,4,2,2,4,ITI,ITI4,12,Lazio
2023-12-10,VDA,1,0,1,1,ITC,ITC2,2,Valle d'Aosta / Vallée d'Aoste
2024-02-01,PAT,35,12,23,35,ITH,ITH2,4,Provincia Autonoma Trento
2023-12-25,CAM,13,9,4,13,ITF,ITF3,15,Campania
2023-10-29,VEN,36,20,16,36,ITH,ITH3,5,Veneto
2023-12-17,CAL,128,55,73,128,ITF,ITF6,18,Calabria
2024-01-13,PAT,9,5,4,9,ITH,ITH2,4,Provincia Autonoma Trento
2023-11-05,SIC,3,2,1,3,ITG,ITG1,19,Sicilia
2023-12-08,PAB,1,1,0,1,ITH,ITH1,4,Provincia Autonoma Bolzano / Bozen
2023-10-11,MAR,4,2,2,4,ITI,ITI3,11,Marche
2024-02-10,CAM,2,1,1,2,ITF,ITF3,15,Campania
2023-10-07,VEN,1,1,0,1,ITH,ITH3,5,Veneto
2024-01-29,LOM,469,207,262,469,ITC,ITC4,3,Lombardia
2023-11-29,CAM,646,352,294,646,ITF,ITF3,15,Campania
2023-12-13,PAB,212,92,120,212,ITH,ITH1,4,Provincia Autonoma Bolzano / Bozen
2023-12-13,MOL,226,128,98,226,ITF,ITF2,14,Molise
2024-01-15,TOS,391,186,205,391,ITI,ITI1,9,Toscana
2024-02-01,TOS,202,102,100,202,ITI,ITI1,9,Toscana
2023-10-06,LIG,61,21,40,61,ITC,ITC3,7,Liguria
2024-02-08,EMR,105,42,63,105,ITH,ITH5,8,Emilia-Romagna
2023-12-27,SAR,292,150,142,292,ITG,ITG2,20,Sardegna
2023-11-20,UMB,375,185,190,375,ITI,ITI2,10,Umbria
2024-01-08,CAL,108,62,46,108,ITF,ITF6,18,Calabria
2023-12-28,UMB,437,212,225,437,ITI,ITI2,10,Umbria
2023-11-20,SAR,401,207,194,401,ITG,ITG2,20,Sardegna
2024-01-15,LAZ,1817,879,938,1817,ITI,ITI4,12,Lazio
2023-11-30,TOS,7342,3459,3883,7342,ITI,ITI1,9,Toscana
2023-12-09,MAR,193,98,95,193,ITI,ITI3,11,Marche
2023-12-24,EMR,31,17,14,31,ITH,ITH5,8,Emilia-Romagna
2023-10-24,SIC,86,50,36,86,ITG,ITG1,19,Sicilia
2024-02-05,PIE,113,58,55,113,ITC,ITC1,1,Piemonte
2023-12-22,PAB,25,13,12,25,ITH,ITH1,4,Provincia Autonoma Bolzano / Bozen
2023-11-17,MAR,62,32,30,62,ITI,ITI3,11,Marche
2024-02-12,VEN,71,27,44,71,ITH,ITH3,5,Veneto
2024-01-12,MAR,311,157,154,311,ITI,ITI3,11,Marche
2024-02-12,SAR,122,56,66,122,ITG,ITG2,20,Sardegna
2024-01-29,VEN,164,75,89,164,ITH,ITH3,5,Veneto
2024-01-19,MAR,152,82,70,152,ITI,ITI3,11,Marche
2023-12-23,VDA,3,2,1,3,ITC,ITC2,2,Valle d'Aosta / Vallée d'Aoste
2023-11-10,PUG,1936,1017,919,1936,ITF,ITF4,16,Puglia
2023-12-06,LAZ,4927,2332,2595,4927,ITI,ITI4,12,Lazio
2023-11-15,UMB,910,474,436,910,ITI,ITI2,10,Umbria
2023-10-19,TOS,2348,1117,1231,2348,ITI,ITI1,9,Toscana
2024-01-26,UMB,53,24,29,53,ITI,ITI2,10,Umbria
2024-01-04,BAS,205,107,98,205,ITF,ITF5,17,Basilicata
2023-10-18,VDA,149,70,79,149,ITC,ITC2,2,Valle d'Aosta / Vallée d'Aoste
2024-01-04,SAR,1461,703,758,1461,ITG,ITG2,20,Sardegna
2023-11-06,CAL,60,32,28,60,ITF,ITF6,18,Calabria
2023-10-21,TOS,864,437,427,864,ITI,ITI1,9,Toscana
2023-10-22,EMR,105,50,55,105,ITH,ITH5,8,Emilia-Romagna
2024-01-13,CAL,153,88,65,153,ITF,ITF6,18,Calabria
2023-11-23,VDA,89,51,38,89,ITC,ITC2,2,Valle d'Aosta / Vallée d'Aoste
2023-12-01,LIG,1150,589,561,1150,ITC,ITC3,7,Liguria
2023-12-05,BAS,276,142,134,276,ITF,ITF5,17,Basilicata
2023-10-24,PUG,1100,585,515,1100,ITF,ITF4,16,Puglia
2024-02-03,LOM,251,146,105,251,ITC,ITC4,3,Lombardia
2023-10-27,VDA,220,98,122,220,ITC,ITC2,2,Valle d'Aosta / Vallée d'Aoste
2024-01-03,PIE,1220,601,619,1220,ITC,ITC1,1,Piemonte
2023-11-13,UMB,415,201,214,415,ITI,ITI2,10,Umbria
2023-12-29,PAT,2089,1069,1020,2089,ITH,ITH2,4,Provincia Autonoma Trento
2023-11-11,SIC,72,40,32,72,ITG,ITG1,19,Sicilia
2023-12-15,PAT,451,224,227,451,ITH,ITH2,4,Provincia Autonoma Trento
2023-12-12,LAZ,4926,2397,2529,4926,ITI,ITI4,12,Lazio
2024-02-02,SAR,208,104,104,208,ITG,ITG2,20,Sardegna
2023-11-21,MOL,47,29,18,47,ITF,ITF2,14,Molise
2023-12-03,CAM,20,12,8,20,ITF,ITF3,15,Campania
2023-10-24,TOS,2453,1131,1322,2453,ITI,ITI1,9,Toscana
2024-01-30,EMR,297,130,167,297,ITH,ITH5,8,Emilia-Romagna
2023-11-13,PAB,200,77,123,200,ITH,ITH1,4,Provincia Autonoma Bolzano / Bozen
2024-01-05,UMB,152,75,77,152,ITI,ITI2,10,Umbria
2023-12-17,CAM,80,41,39,80,ITF,ITF3,15,Campania
2023-10-25,MOL,74,40,34,74,ITF,ITF2,14,Molise
2024-01-06,SIC,4,2,2,4,ITG,ITG1,19,Sicilia
2023-10-22,ABR,5,3,2,5,ITF,ITF1,13,Abruzzo
2024-02-11,LIG,1,1,0,1,ITC,ITC3,7,Liguria
2023-12-30,FVG,40,21,19,40,ITH,ITH4,6,Friuli-Venezia Giulia
2023-11-12,MOL,16,10,6,16,ITF,ITF2,14,Molise
2023-11-18,PAB,9,2,7,9,ITH,ITH1,4,Provincia Autonoma Bolzano / Bozen
2024-01-21,ABR,2,1,1,2,ITF,ITF1,13,Abruzzo
2024-02-08,MOL,1,0,1,1,ITF,ITF2,14,Molise
2023-12-26,UMB,1,0,1,1,ITI,ITI2,10,Umbria
2024-02-07,CAL,19,9,10,19,ITF,ITF6,18,Calabria
2023-10-03,PUG,10,7,3,10,ITF,ITF4,16,Puglia
2024-02-13,PAB,6,3,3,6,ITH,ITH1,4,Provincia Autonoma Bolzano / Bozen
2023-10-29,UMB,3,1,2,3,ITI,ITI2,10,Umbria
2023-10-03,FVG,6,2,4,6,ITH,ITH4,6,Friuli-Venezia Giulia
2024-02-09,MOL,1,1,0,1,ITF,ITF2,14,Molise
2024-02-04,LAZ,1,1,0,1,ITI,ITI4,12,Lazio
2023-12-31,FVG,1,0,1,1,ITH,ITH4,6,Friuli-Venezia Giulia
2024-02-13,LAZ,108,42,66,108,ITI,ITI4,12,Lazio
2023-12-28,VDA,51,28,23,51,ITC,ITC2,2,Valle d'Aosta / Vallée d'Aoste
2023-11-12,UMB,127,73,54,127,ITI,ITI2,10,Umbria
2024-02-02,LIG,82,47,35,82,ITC,ITC3,7,Liguria
2023-11-19,EMR,325,144,181,325,ITH,ITH5,8,Emilia-Romagna
2024-01-15,PIE,795,379,416,795,ITC,ITC1,1,Piemonte
2023-11-30,PAT,682,345,337,682,ITH,ITH2,4,Provincia Autonoma Trento
2023-11-08,BAS,30,22,8,30,ITF,ITF5,17,Basilicata
2024-01-17,ABR,165,74,91,165,ITF,ITF1,13,Abruzzo
2023-11-29,FVG,1340,634,706,1340,ITH,ITH4,6,Friuli-Venezia Giulia
2023-12-12,PIE,3431,1666,1765,3431,ITC,ITC1,1,Piemonte
2023-11-30,PUG,2295,1106,1189,2295,ITF,ITF4,16,Puglia
2023-11-09,PAB,551,266,285,551,ITH,ITH1,4,Provincia Autonoma Bolzano / Bozen
2023-12-24,LAZ,229,115,114,229,ITI,ITI4,12,Lazio
2023-10-23,LIG,290,145,145,290,ITC,ITC3,7,Liguria
2023-11-19,LOM,494,236,258,494,ITC,ITC4,3,Lombardia
2023-10-12,LOM,563,245,318,563,ITC,ITC4,3,Lombardia
2023-11-23,ABR,437,218,219,437,ITF,ITF1,13,Abruzzo
2023-11-02,VDA,164,72,92,164,ITC,ITC2,2,Valle d'Aosta / Vallée d'Aoste
2023-10-09,SAR,66,32,34,66,ITG,ITG2,20,Sardegna
2023-10-16,PAT,226,76,150,226,ITH,ITH2,4,Provincia Autonoma Trento
2023-10-28,PUG,396,211,185,396,ITF,ITF4,16,Puglia
2023-12-19,LAZ,5873,2749,3124,5873,ITI,ITI4,12,Lazio
2023-11-11,LAZ,998,495,503,998,ITI,ITI4,12,Lazio
2023-11-27,MOL,71,37,34,71,ITF,ITF2,14,Molise
2023-11-07,LOM,10486,4846,5640,10486,ITC,ITC4,3,Lombardia
2023-10-17,EMR,1212,589,623,1212,ITH,ITH5,8,Emilia-Romagna
2023-12-06,LIG,1616,763,853,1616,ITC,ITC3,7,Liguria
2023-10-28,PAT,47,16,31,47,ITH,ITH2,4,Provincia Autonoma Trento
2023-10-29,PUG,62,39,23,62,ITF,ITF4,16,Puglia
2023-12-11,PUG,1894,986,908,1894,ITF,ITF4,16,Puglia
2023-10-17,LOM,4983,2595,2388,4983,ITC,ITC4,3,Lombardia
2023-10-24,CAM,362,204,158,362,ITF,ITF3,15,Campania
2023-11-12,VEN,112,63,49,112,ITH,ITH3,5,Veneto
2023-12-19,BAS,633,317,316,633,ITF,ITF5,17,Basilicata
2024-01-10,PAT,80,41,39,80,ITH,ITH2,4,Provincia Autonoma Trento
2024-01-13,FVG,24,14,10,24,ITH,ITH4,6,Friuli-Venezia Giulia
2023-11-13,EMR,3947,1896,2051,3947,ITH,ITH5,8,Emilia-Romagna
2023-11-16,SIC,260,141,119,260,ITG,ITG1,19,Sicilia
2024-01-26,FVG,158,73,85,158,ITH,ITH4,6,Friuli-Venezia Giulia
2023-12-27,MAR,398,212,186,398,ITI,ITI3,11,Marche
2024-02-07,TOS,149,64,85,149,ITI,ITI1,9,Toscana
2024-02-04,SIC,2,2,0,2,ITG,ITG1,19,Sicilia
2024-01-16,PIE,1078,538,540,1078,ITC,ITC1,1,Piemonte
2024-01-10,PUG,871,446,425,871,ITF,ITF4,16,Puglia
2024-01-22,SIC,127,53,74,127,ITG,ITG1,19,Sicilia
2024-01-07,LAZ,1946,1002,944,1946,ITI,ITI4,12,Lazio
2023-10-24,PIE,1307,628,679,1307,ITC,ITC1,1,Piemonte
2024-01-23,SIC,175,91,84,175,ITG,ITG1,19,Sicilia
2024-02-13,SIC,54,29,25,54,ITG,ITG1,19,Sicilia
2023-12-02,LAZ,2418,1193,1225,2418,ITI,ITI4,12,Lazio
2023-12-27,ABR,246,129,117,246,ITF,ITF1,13,Abruzzo
2023-11-02,ABR,176,98,78,176,ITF,ITF1,13,Abruzzo
2024-01-31,TOS,239,112,127,239,ITI,ITI1,9,Toscana
2023-11-23,EMR,6394,3064,3330,6394,ITH,ITH5,8,Emilia-Romagna
2023-12-04,ABR,411,213,198,411,ITF,ITF1,13,Abruzzo
2023-12-01,PUG,2369,1190,1179,2369,ITF,ITF4,16,Puglia
2023-11-09,TOS,8156,3859,4297,8156,ITI,ITI1,9,Toscana
2023-12-17,TOS,43,16,27,43,ITI,ITI1,9,Toscana
2023-10-10,ABR,74,39,35,74,ITF,ITF1,13,Abruzzo
2023-11-10,VDA,165,76,89,165,ITC,ITC2,2,Valle d'Aosta / Vallée d'Aoste
2024-01-29,BAS,35,20,15,35,ITF,ITF5,17,Basilicata
2024-02-12,CAL,7,3,4,7,ITF,ITF6,18,Calabria
2024-02-01,UMB,33,15,18,33,ITI,ITI2,10,Umbria
2024-02-01,PIE,189,82,107,189,ITC,ITC1,1,Piemonte
2024-02-12,PUG,63,33,30,63,ITF,ITF4,16,Puglia
2023-11-20,MAR,587,312,275,587,ITI,ITI3,11,Marche
2023-12-01,PAT,688,357,331,688,ITH,ITH2,4,Provincia Autonoma Trento
2023-12-09,PIE,695,335,360,695,ITC,ITC1,1,Piemonte
2024-01-19,PIE,989,478,511,989,ITC,ITC1,1,Piemonte
2023-11-10,MOL,61,32,29,61,ITF,ITF2,14,Molise
2023-11-14,PAB,573,276,297,573,ITH,ITH1,4,Provincia Autonoma Bolzano / Bozen
2023-11-14,LIG,1112,536,576,1112,ITC,ITC3,7,Liguria
2023-10-21,CAM,45,24,21,45,ITF,ITF3,15,Campania
2024-01-31,SAR,205,100,105,205,ITG,ITG2,20,Sardegna
2023-12-22,FVG,701,361,340,701,ITH,ITH4,6,Friuli-Venezia Giulia
2023-11-04,PUG,331,168,163,331,ITF,ITF4,16,Puglia
2023-11-23,MOL,44,26,18,44,ITF,ITF2,14,Molise
2024-02-08,PAT,68,15,53,68,ITH,ITH2,4,Provincia Autonoma Trento
2023-10-20,ABR,101,59,42,101,ITF,ITF1,13,Abruzzo
2024-01-15,MOL,34,15,19,34,ITF,ITF2,14,Molise
2024-02-01,MOL,10,9,1,10,ITF,ITF2,14,Molise
2023-10-25,TOS,3529,1688,1841,3529,ITI,ITI1,9,Toscana
2024-02-13,TOS,52,27,25,52,ITI,ITI1,9,Toscana
2023-11-13,FVG,858,412,446,858,ITH,ITH4,6,Friuli-Venezia Giulia
2024-01-15,BAS,38,23,15,38,ITF,ITF5,17,Basilicata
2023-11-10,SIC,82,44,38,82,ITG,ITG1,19,Sicilia
2024-02-09,CAL,13,6,7,13,ITF,ITF6,18,Calabria
2024-02-07,LAZ,158,74,84,158,ITI,ITI4,12,Lazio
2024-01-10,LAZ,2711,1312,1399,2711,ITI,ITI4,12,Lazio
2023-12-18,CAM,1279,699,580,1279,ITF,ITF3,15,Campania
2023-11-12,FVG,12,4,8,12,ITH,ITH4,6,Friuli-Venezia Giulia
2024-01-16,MOL,56,22,34,56,ITF,ITF2,14,Molise
2023-12-19,MOL,115,58,57,115,ITF,ITF2,14,Molise
2023-12-05,MAR,24,11,13,24,ITI,ITI3,11,Marche
2023-10-28,UMB,79,25,54,79,ITI,ITI2,10,Umbria
2024-01-27,ABR,27,18,9,27,ITF,ITF1,13,Abruzzo
2024-01-27,CAL,10,7,3,10,ITF,ITF6,18,Calabria
2024-01-14,PIE,20,7,13,20,ITC,ITC1,1,Piemonte
2023-12-17,LIG,16,5,11,16,ITC,ITC3,7,Liguria
2024-02-11,FVG,1,1,0,1,ITH,ITH4,6,Friuli-Venezia Giulia
2023-12-24,CAL,4,1,3,4,ITF,ITF6,18,Calabria
2023-11-01,CAM,21,10,11,21,ITF,ITF3,15,Campania
2023-10-14,EMR,11,3,8,11,ITH,ITH5,8,Emilia-Romagna
2023-12-23,PAB,1,0,1,1,ITH,ITH1,4,Provincia Autonoma Bolzano / Bozen
2023-10-27,MOL,3,2,1,3,ITF,ITF2,14,Molise
2023-10-15,CAM,12,5,7,12,ITF,ITF3,15,Campania
2023-10-12,CAL,12,5,7,12,ITF,ITF6,18,Calabria
2023-10-11,MOL,6,5,1,6,ITF,ITF2,14,Molise
2023-10-22,SIC,3,2,1,3,ITG,ITG1,19,Sicilia
2024-01-28,EMR,1,0,1,1,ITH,ITH5,8,Emilia-Romagna
2023-11-19,LIG,3,1,2,3,ITC,ITC3,7,Liguria
2023-10-30,LAZ,958,476,482,958,ITI,ITI4,12,Lazio
2023-12-12,FVG,1206,588,618,1206,ITH,ITH4,6,Friuli-Venezia Giulia
2023-10-25,SAR,213,105,108,213,ITG,ITG2,20,Sardegna
2023-10-18,FVG,140,77,63,140,ITH,ITH4,6,Friuli-Venezia Giulia
2023-12-16,LAZ,3119,1532,1587,3119,ITI,ITI4,12,Lazio
2023-10-18,CAM,341,195,146,341,ITF,ITF3,15,Campania
2024-01-25,SIC,263,140,123,263,ITG,ITG1,19,Sicilia
2023-11-03,VDA,196,91,105,196,ITC,ITC2,2,Valle d'Aosta / Vallée d'Aoste
2023-11-13,MOL,86,52,34,86,ITF,ITF2,14,Molise
2024-01-08,ABR,101,50,51,101,ITF,ITF1,13,Abruzzo
2023-10-23,MAR,387,192,195,387,ITI,ITI3,11,Marche
2024-02-14,MAR,7,2,5,7,ITI,ITI3,11,Marche
2023-11-29,PIE,2800,1330,1470,2800,ITC,ITC1,1,Piemonte
2023-12-11,LAZ,3447,1652,1795,3447,ITI,ITI4,12,Lazio
2023-12-13,SIC,633,336,297,633,ITG,ITG1,19,Sicilia
2023-11-29,UMB,790,403,387,790,ITI,ITI2,10,Umbria
2024-01-03,ABR,225,113,112,225,ITF,ITF1,13,Abruzzo
2023-12-18,LIG,1228,564,664,1228,ITC,ITC3,7,Liguria
2023-12-22,MOL,90,50,40,90,ITF,ITF2,14,Molise
2023-10-07,LOM,4,2,2,4,ITC,ITC4,3,Lombardia
2023-10-13,EMR,88,36,52,88,ITH,ITH5,8,Emilia-Romagna
2024-01-02,UMB,92,40,52,92,ITI,ITI2,10,Umbria
2023-11-17,TOS,6688,3165,3523,6688,ITI,ITI1,9,Toscana
2024-01-31,FVG,177,76,101,177,ITH,ITH4,6,Friuli-Venezia Giulia
2023-10-14,MAR,49,21,28,49,ITI,ITI3,11,Marche
2023-11-22,SIC,221,120,101,221,ITG,ITG1,19,Sicilia
2024-01-17,PAT,80,36,44,80,ITH,ITH2,4,Provincia Autonoma Trento
2023-10-25,UMB,39,34,5,39,ITI,ITI2,10,Umbria
2023-11-21,SIC,249,127,122,249,ITG,ITG1,19,Sicilia
2023-10-30,MAR,418,201,217,418,ITI,ITI3,11,Marche
2023-10-28,MAR,739,376,363,739,ITI,ITI3,11,Marche
2024-01-06,MAR,10,6,4,10,ITI,ITI3,11,Marche
2023-12-12,VDA,100,46,54,100,ITC,ITC2,2,Valle d'Aosta / Vallée d'Aoste
2023-10-02,TOS,286,162,124,286,ITI,ITI1,9,Toscana
2024-01-08,BAS,64,31,33,64,ITF,ITF5,17,Basilicata
2023-10-20,SIC,33,20,13,33,ITG,ITG1,19,Sicilia
2024-01-24,UMB,94,48,46,94,ITI,ITI2,10,Umbria
2023-11-12,MAR,78,41,37,78,ITI,ITI3,11,Marche
2024-02-08,SIC,87,44,43,87,ITG,ITG1,19,Sicilia
2024-02-10,VEN,21,8,13,21,ITH,ITH3,5,Veneto
2023-12-28,VEN,2363,1203,1160,2363,ITH,ITH3,5,Veneto
2023-12-23,PUG,231,108,123,231,ITF,ITF4,16,Puglia
2023-11-30,VDA,86,41,45,86,ITC,ITC2,2,Valle d'Aosta / Vallée d'Aoste
2023-12-28,SAR,596,275,321,596,ITG,ITG2,20,Sardegna
2023-12-25,EMR,10,6,4,10,ITH,ITH5,8,Emilia-Romagna
2024-01-26,PIE,633,310,323,633,ITC,ITC1,1,Piemonte
2023-12-07,LIG,1749,860,889,1749,ITC,ITC3,7,Liguria
2023-11-20,PAB,141,63,78,141,ITH,ITH1,4,Provincia Autonoma Bolzano / Bozen
2024-01-07,PUG,21,19,2,21,ITF,ITF4,16,Puglia
2024-01-21,CAM,20,9,11,20,ITF,ITF3,15,Campania
2024-01-31,PAT,3,2,1,3,ITH,ITH2,4,Provincia Autonoma Trento
2024-01-02,VEN,274,132,142,274,ITH,ITH3,5,Veneto
2024-01-10,ABR,176,88,88,176,ITF,ITF1,13,Abruzzo
2023-11-07,MOL,73,41,32,73,ITF,ITF2,14,Molise
2023-11-11,MOL,38,5,33,38,ITF,ITF2,14,Molise
2024-01-05,MOL,33,13,20,33,ITF,ITF2,14,Molise
2024-01-27,SIC,49,22,27,49,ITG,ITG1,19,Sicilia
2023-10-04,LIG,12,4,8,12,ITC,ITC3,7,Liguria
2023-11-14,CAM,469,283,186,469,ITF,ITF3,15,Campania
2023-12-01,LAZ,3533,1739,1794,3533,ITI,ITI4,12,Lazio
2024-01-22,PUG,127,59,68,127,ITF,ITF4,16,Puglia
2023-12-02,PUG,341,185,156,341,ITF,ITF4,16,Puglia
2023-11-25,VEN,2241,1092,1149,2241,ITH,ITH3,5,Veneto
2023-10-28,LAZ,716,348,368,716,ITI,ITI4,12,Lazio
2023-12-15,BAS,470,228,242,470,ITF,ITF5,17,Basilicata
2023-11-27,FVG,855,390,465,855,ITH,ITH4,6,Friuli-Venezia Giulia
2023-12-19,PUG,3242,1673,1569,3242,ITF,ITF4,16,Puglia
2024-01-05,BAS,139,74,65,139,ITF,ITF5,17,Basilicata
2024-01-22,CAL,62,36,26,62,ITF,ITF6,18,Calabria
2024-01-17,TOS,583,258,325,583,ITI,ITI1,9,Toscana
2023-12-11,SIC,440,250,190,440,ITG,ITG1,19,Sicilia
2023-10-16,CAL,17,11,6,17,ITF,ITF6,18,Calabria
2023-12-01,MOL,126,74,52,126,ITF,ITF2,14,Molise
2023-12-13,VEN,4356,2159,2197,4356,ITH,ITH3,5,Veneto
2023-12-27,UMB,1695,917,778,1695,ITI,ITI2,10,Umbria
2023-11-04,LOM,5692,2736,2956,5692,ITC,ITC4,3,Lombardia
2024-01-05,CAM,536,298,238,536,ITF,ITF3,15,Campania
2023-11-10,PAT,589,270,319,589,ITH,ITH2,4,Provincia Autonoma Trento
2023-12-05,FVG,1109,519,590,1109,ITH,ITH4,6,Friuli-Venezia Giulia
2023-11-17,VDA,162,74,88,162,ITC,ITC2,2,Valle d'Aosta / Vallée d'Aoste
2024-02-02,CAM,52,24,28,52,ITF,ITF3,15,Campania
2023-12-28,PIE,2161,1042,1119,2161,ITC,ITC1,1,Piemonte
2024-01-16,LAZ,2149,1000,1149,2149,ITI,ITI4,12,Lazio
2024-01-13,PIE,573,305,268,573,ITC,ITC1,1,Piemonte
2024-01-05,CAL,124,71,53,124,ITF,ITF6,18,Calabria
2023-12-27,VEN,1139,543,596,1139,ITH,ITH3,5,Veneto
2023-10-27,LIG,615,256,359,615,ITC,ITC3,7,Liguria
2023-12-12,MAR,764,383,381,764,ITI,ITI3,11,Marche
2023-11-25,BAS,76,36,40,76,ITF,ITF5,17,Basilicata
2023-10-22,PIE,8,3,5,8,ITC,ITC1,1,Piemonte
2023-11-23,LAZ,2427,1256,1171,2427,ITI,ITI4,12,Lazio
2024-01-31,LAZ,476,205,271,476,ITI,ITI4,12,Lazio
2023-10-31,TOS,2484,1112,1372,2484,ITI,ITI1,9,Toscana
2023-10-16,PUG,283,146,137,283,ITF,ITF4,16,Puglia
2023-10-03,TOS,132,64,68,132,ITI,ITI1,9,Toscana
2023-11-23,TOS,8129,3840,4289,8129,ITI,ITI1,9,Toscana
2024-01-18,PUG,629,300,329,629,ITF,ITF4,16,Puglia
2023-12-14,TOS,7078,3336,3742,7078,ITI,ITI1,9,Toscana
2023-11-06,TOS,3928,1897,2031,3928,ITI,ITI1,9,Toscana
2024-01-25,PIE,584,265,319,584,ITC,ITC1,1,Piemonte
2024-01-29,UMB,29,15,14,29,ITI,ITI2,10,Umbria
2024-01-25,UMB,109,50,59,109,ITI,ITI2,10,Umbria
2024-02-03,CAM,13,7,6,13,ITF,ITF3,15,Campania
2023-12-31,TOS,46,22,24,46,ITI,ITI1,9,Toscana
2023-11-20,MOL,102,59,43,102,ITF,ITF2,14,Molise
2023-12-20,VEN,4199,2022,2177,4199,ITH,ITH3,5,Veneto
2023-12-13,SAR,1178,616,562,1178,ITG,ITG2,20,Sardegna
2023-12-09,LAZ,962,471,491,962,ITI,ITI4,12,Lazio
2023-10-24,LAZ,1018,526,492,1018,ITI,ITI4,12,Lazio
2024-01-30,CAM,105,48,57,105,ITF,ITF3,15,Campania
2024-01-13,CAM,143,70,73,143,ITF,ITF3,15,Campania
2024-01-24,EMR,774,372,402,774,ITH,ITH5,8,Emilia-Romagna
2024-02-13,LOM,173,70,103,173,ITC,ITC4,3,Lombardia
2023-12-11,MOL,179,108,71,179,ITF,ITF2,14,Molise
2023-12-18,UMB,303,145,158,303,ITI,ITI2,10,Umbria
2024-01-20,SAR,224,104,120,224,ITG,ITG2,20,Sardegna
2024-01-18,PAT,71,27,44,71,ITH,ITH2,4,Provincia Autonoma Trento
2023-10-25,ABR,192,93,99,192,ITF,ITF1,13,Abruzzo
2024-01-27,LIG,32,13,19,32,ITC,ITC3,7,Liguria
2024-02-06,PIE,205,79,126,205,ITC,ITC1,1,Piemonte
2024-01-05,LOM,2294,1094,1200,2294,ITC,ITC4,3,Lombardia
2023-12-22,EMR,3697,1912,1785,3697,ITH,ITH5,8,Emilia-Romagna
2023-12-08,EMR,146,59,87,146,ITH,ITH5,8,Emilia-Romagna
2023-11-20,VEN,2424,1211,1213,2424,ITH,ITH3,5,Veneto
2023-11-14,FVG,1443,731,712,1443,ITH,ITH4,6,Friuli-Venezia Giulia
2023-11-15,PAB,575,290,285,575,ITH,ITH1,4,Provincia Autonoma Bolzano / Bozen
2024-01-09,CAL,247,130,117,247,ITF,ITF6,18,Calabria
2023-12-13,UMB,1006,492,514,1006,ITI,ITI2,10,Umbria
2023-11-10,TOS,6814,3221,3593,6814,ITI,ITI1,9,Toscana
2024-01-30,PIE,332,160,172,332,ITC,ITC1,1,Piemonte
2023-11-07,VEN,1973,870,1103,1973,ITH,ITH3,5,Veneto
2023-12-28,LOM,5260,2502,2758,5260,ITC,ITC4,3,Lombardia
2023-10-13,LOM,521,203,318,521,ITC,ITC4,3,Lombardia
2023-11-03,MAR,830,430,400,830,ITI,ITI3,11,Marche
2024-01-29,SAR,227,110,117,227,ITG,ITG2,20,Sardegna
2023-11-04,EMR,2913,1420,1493,2913,ITH,ITH5,8,Emilia-Romagna
2023-12-16,MOL,563,292,271,563,ITF,ITF2,14,Molise
2024-02-15,TOS,66,28,38,66,ITI,ITI1,9,Toscana
2023-12-27,PAB,50,29,21,50,ITH,ITH1,4,Provincia Autonoma Bolzano / Bozen
2023-11-02,PAT,515,259,256,515,ITH,ITH2,4,Provincia Autonoma Trento
2023-12-06,SIC,487,256,231,487,ITG,ITG1,19,Sicilia
2024-01-16,TOS,577,265,312,577,ITI,ITI1,9,Toscana
2023-12-30,TOS,399,210,189,399,ITI,ITI1,9,Toscana
2023-12-20,BAS,551,279,272,551,ITF,ITF5,17,Basilicata
2023-12-20,SAR,1099,552,547,1099,ITG,ITG2,20,Sardegna
2024-01-02,BAS,117,60,57,117,ITF,ITF5,17,Basilicata
2023-12-18,EMR,3567,1784,1783,3567,ITH,ITH5,8,Emilia-Romagna
2024-01-20,VEN,256,117,139,256,ITH,ITH3,5,Veneto
2023-12-21,SIC,1306,702,604,1306,ITG,ITG1,19,Sicilia
2024-01-09,LOM,3248,1498,1750,3248,ITC,ITC4,3,Lombardia
2023-10-16,PIE,189,110,79,189,ITC,ITC1,1,Piemonte
2023-12-18,MOL,238,128,110,238,ITF,ITF2,14,Molise
2023-11-26,VEN,63,30,33,63,ITH,ITH3,5,Veneto
2024-01-15,VDA,5,3,2,5,ITC,ITC2,2,Valle d'Aosta / Vallée d'Aoste
2024-01-23,LIG,467,204,263,467,ITC,ITC3,7,Liguria
2023-12-07,VEN,3287,1597,1690,3287,ITH,ITH3,5,Veneto
2023-12-07,SAR,928,489,439,928,ITG,ITG2,20,Sardegna
2023-12-07,EMR,3650,1723,1927,3650,ITH,ITH5,8,Emilia-Romagna
2023-11-15,LIG,1036,523,513,1036,ITC,ITC3,7,Liguria
2023-11-16,LIG,1047,523,524,1047,ITC,ITC3,7,Liguria
2024-02-03,PIE,62,29,33,62,ITC,ITC1,1,Piemonte
2024-01-29,EMR,279,127,152,279,ITH,ITH5,8,Emilia-Romagna
2023-11-01,LIG,81,9,72,81,ITC,ITC3,7,Liguria
2024-01-16,MAR,206,103,103,206,ITI,ITI3,11,Marche
2023-10-09,TOS,490,257,233,490,ITI,ITI1,9,Toscana
2024-01-15,MAR,166,85,81,166,ITI,ITI3,11,Marche
2024-01-20,UMB,16,7,9,16,ITI,ITI2,10,Umbria
2024-01-05,PIE,1049,512,537,1049,ITC,ITC1,1,Piemonte
2024-02-02,PIE,301,135,166,301,ITC,ITC1,1,Piemonte
2023-11-22,MOL,147,84,63,147,ITF,ITF2,14,Molise
2023-10-20,MOL,35,13,22,35,ITF,ITF2,14,Molise
2024-01-25,MOL,20,7,13,20,ITF,ITF2,14,Molise
2023-10-23,SIC,38,22,16,38,ITG,ITG1,19,Sicilia
2023-11-25,ABR,73,32,41,73,ITF,ITF1,13,Abruzzo
2023-11-07,CAL,114,68,46,114,ITF,ITF6,18,Calabria
2023-12-28,PAB,6,2,4,6,ITH,ITH1,4,Provincia Autonoma Bolzano / Bozen
2023-09-29,VDA,6,2,4,6,ITC,ITC2,2,Valle d'Aosta / Vallée d'Aoste
2023-12-04,VDA,16,7,9,16,ITC,ITC2,2,Valle d'Aosta / Vallée d'Aoste
2024-01-31,MAR,4,1,3,4,ITI,ITI3,11,Marche
2023-11-26,UMB,10,3,7,10,ITI,ITI2,10,Umbria
2024-01-14,MAR,12,6,6,12,ITI,ITI3,11,Marche
2024-01-17,VDA,22,13,9,22,ITC,ITC2,2,Valle d'Aosta / Vallée d'Aoste
2023-11-26,PAB,1,1,0,1,ITH,ITH1,4,Provincia Autonoma Bolzano / Bozen
2024-01-29,PAB,5,2,3,5,ITH,ITH1,4,Provincia Autonoma Bolzano / Bozen
2023-11-12,PAB,2,2,0,2,ITH,ITH1,4,Provincia Autonoma Bolzano / Bozen
2024-01-27,UMB,4,2,2,4,ITI,ITI2,10,Umbria
2024-01-30,PAB,16,12,4,16,ITH,ITH1,4,Provincia Autonoma Bolzano / Bozen
2023-12-23,BAS,88,46,42,88,ITF,ITF5,17,Basilicata
2024-01-30,UMB,11,6,5,11,ITI,ITI2,10,Umbria
2023-10-29,PIE,23,11,12,23,ITC,ITC1,1,Piemonte
2023-11-15,VDA,154,85,69,154,ITC,ITC2,2,Valle d'Aosta / Vallée d'Aoste
2024-01-14,SIC,4,2,2,4,ITG,ITG1,19,Sicilia
2023-12-08,MOL,1,0,1,1,ITF,ITF2,14,Molise
2024-02-12,PAT,6,2,4,6,ITH,ITH2,4,Provincia Autonoma Trento
2023-10-12,VEN,6,1,5,6,ITH,ITH3,5,Veneto
2023-12-31,ABR,1,1,0,1,ITF,ITF1,13,Abruzzo
2023-12-30,CAL,86,45,41,86,ITF,ITF6,18,Calabria
2024-02-06,PUG,120,46,74,120,ITF,ITF4,16,Puglia
2023-12-01,VEN,3779,1867,1912,3779,ITH,ITH3,5,Veneto
2023-10-13,LAZ,248,119,129,248,ITI,ITI4,12,Lazio
2023-12-29,CAM,637,345,292,637,ITF,ITF3,15,Campania
2023-12-30,PUG,162,90,72,162,ITF,ITF4,16,Puglia
2024-01-29,ABR,6,3,3,6,ITF,ITF1,13,Abruzzo
2023-12-04,BAS,88,53,35,88,ITF,ITF5,17,Basilicata
2024-01-03,MOL,73,41,32,73,ITF,ITF2,14,Molise
2023-12-03,PIE,47,24,23,47,ITC,ITC1,1,Piemonte
2023-12-22,ABR,389,210,179,389,ITF,ITF1,13,Abruzzo
2024-01-19,CAM,321,168,153,321,ITF,ITF3,15,Campania
2024-01-08,PAT,165,67,98,165,ITH,ITH2,4,Provincia Autonoma Trento
2023-10-31,FVG,1073,507,566,1073,ITH,ITH4,6,Friuli-Venezia Giulia
2023-10-12,SAR,48,27,21,48,ITG,ITG2,20,Sardegna
2024-02-14,TOS,68,29,39,68,ITI,ITI1,9,Toscana
2023-11-10,LOM,9927,4610,5317,9927,ITC,ITC4,3,Lombardia
2023-12-21,PAB,457,256,201,457,ITH,ITH1,4,Provincia Autonoma Bolzano / Bozen
2024-01-04,CAL,201,121,80,201,ITF,ITF6,18,Calabria
2024-01-01,LAZ,204,108,96,204,ITI,ITI4,12,Lazio
2023-11-23,LOM,9118,4247,4871,9118,ITC,ITC4,3,Lombardia
2024-02-06,FVG,88,51,37,88,ITH,ITH4,6,Friuli-Venezia Giulia
2023-10-26,CAM,402,225,177,402,ITF,ITF3,15,Campania
2023-12-09,TOS,559,274,285,559,ITI,ITI1,9,Toscana
2024-02-05,PUG,56,19,37,56,ITF,ITF4,16,Puglia
2023-12-27,VDA,82,38,44,82,ITC,ITC2,2,Valle d'Aosta / Vallée d'Aoste
2023-10-24,LIG,869,359,510,869,ITC,ITC3,7,Liguria
2023-11-28,CAM,527,272,255,527,ITF,ITF3,15,Campania
2024-01-30,LIG,270,119,151,270,ITC,ITC3,7,Liguria
2023-10-30,MOL,25,12,13,25,ITF,ITF2,14,Molise
2023-10-20,SAR,120,59,61,120,ITG,ITG2,20,Sardegna
2023-11-01,EMR,267,113,154,267,ITH,ITH5,8,Emilia-Romagna
2024-01-08,PUG,492,254,238,492,ITF,ITF4,16,Puglia
2023-10-23,FVG,332,166,166,332,ITH,ITH4,6,Friuli-Venezia Giulia
2023-10-09,PAB,80,39,41,80,ITH,ITH1,4,Provincia Autonoma Bolzano / Bozen
2024-01-04,LIG,493,241,252,493,ITC,ITC3,7,Liguria
2024-01-13,UMB,80,33,47,80,ITI,ITI2,10,Umbria
2023-12-01,SAR,864,436,428,864,ITG,ITG2,20,Sardegna
2023-12-23,ABR,50,31,19,50,ITF,ITF1,13,Abruzzo
2023-12-15,MOL,135,71,64,135,ITF,ITF2,14,Molise
2023-11-18,PIE,1255,638,617,1255,ITC,ITC1,1,Piemonte
2024-01-30,FVG,277,124,153,277,ITH,ITH4,6,Friuli-Venezia Giulia
2023-12-11,CAL,384,206,178,384,ITF,ITF6,18,Calabria
2024-02-15,UMB,7,2,5,7,ITI,ITI2,10,Umbria
2023-12-20,LOM,11302,5478,5824,11302,ITC,ITC4,3,Lombardia
2023-11-02,MAR,625,307,318,625,ITI,ITI3,11,Marche
2023-12-28,ABR,412,207,205,412,ITF,ITF1,13,Abruzzo
2024-02-06,SAR,201,88,113,201,ITG,ITG2,20,Sardegna
2023-12-22,VDA,17,7,10,17,ITC,ITC2,2,Valle d'Aosta / Vallée d'Aoste
2023-11-24,MAR,844,434,410,844,ITI,ITI3,11,Marche
2023-12-20,CAL,677,384,293,677,ITF,ITF6,18,Calabria
2023-12-28,MAR,602,341,261,602,ITI,ITI3,11,Marche
2023-12-06,PAB,414,217,197,414,ITH,ITH1,4,Provincia Autonoma Bolzano / Bozen
2024-01-04,CAM,225,114,111,225,ITF,ITF3,15,Campania
2024-01-18,LOM,1777,792,985,1777,ITC,ITC4,3,Lombardia
2023-12-07,BAS,194,113,81,194,ITF,ITF5,17,Basilicata
2023-11-05,EMR,192,102,90,192,ITH,ITH5,8,Emilia-Romagna
2024-01-09,SIC,372,187,185,372,ITG,ITG1,19,Sicilia
2023-12-26,PIE,99,51,48,99,ITC,ITC1,1,Piemonte
2023-12-06,UMB,1086,530,556,1086,ITI,ITI2,10,Umbria
2024-01-22,LAZ,938,421,517,938,ITI,ITI4,12,Lazio
2023-11-22,CAM,555,302,253,555,ITF,ITF3,15,Campania
2023-11-09,PIE,2967,1422,1545,2967,ITC,ITC1,1,Piemonte
2023-12-21,UMB,1151,564,587,1151,ITI,ITI2,10,Umbria
2023-11-06,PAT,425,207,218,425,ITH,ITH2,4,Provincia Autonoma Trento
2023-12-14,ABR,734,380,354,734,ITF,ITF1,13,Abruzzo
2023-11-04,LAZ,726,371,355,726,ITI,ITI4,12,Lazio
2024-01-17,MAR,150,69,81,150,ITI,ITI3,11,Marche
2023-10-27,SIC,66,38,28,66,ITG,ITG1,19,Sicilia
2024-01-07,SIC,9,7,2,9,ITG,ITG1,19,Sicilia
2024-01-18,VEN,890,420,470,890,ITH,ITH3,5,Veneto
2023-11-13,LOM,8629,4043,4586,8629,ITC,ITC4,3,Lombardia
2024-01-18,SAR,375,188,187,375,ITG,ITG2,20,Sardegna
2024-02-07,PAB,2,0,2,2,ITH,ITH1,4,Provincia Autonoma Bolzano / Bozen
2024-01-10,MOL,56,29,27,56,ITF,ITF2,14,Molise
2023-10-23,PAB,216,99,117,216,ITH,ITH1,4,Provincia Autonoma Bolzano / Bozen
2023-10-10,MAR,5,3,2,5,ITI,ITI3,11,Marche
2024-02-02,PAB,1,0,1,1,ITH,ITH1,4,Provincia Autonoma Bolzano / Bozen
2023-12-30,PAT,6,2,4,6,ITH,ITH2,4,Provincia Autonoma Trento
2024-02-06,PAT,6,2,4,6,ITH,ITH2,4,Provincia Autonoma Trento
2024-02-05,PAT,4,0,4,4,ITH,ITH2,4,Provincia Autonoma Trento
2023-10-03,VEN,1,1,0,1,ITH,ITH3,5,Veneto
2024-01-12,CAL,142,87,55,142,ITF,ITF6,18,Calabria
2023-12-17,MAR,47,25,22,47,ITI,ITI3,11,Marche
2023-12-05,LIG,1822,871,951,1822,ITC,ITC3,7,Liguria
2024-01-14,EMR,52,22,30,52,ITH,ITH5,8,Emilia-Romagna
2023-12-09,LIG,310,156,154,310,ITC,ITC3,7,Liguria
2023-10-13,VDA,77,35,42,77,ITC,ITC2,2,Valle d'Aosta / Vallée d'Aoste
2024-02-07,SIC,64,30,34,64,ITG,ITG1,19,Sicilia
2024-02-05,LAZ,206,84,122,206,ITI,ITI4,12,Lazio
2024-01-04,PAT,96,45,51,96,ITH,ITH2,4,Provincia Autonoma Trento
2024-01-27,EMR,104,42,62,104,ITH,ITH5,8,Emilia-Romagna
2024-01-04,PUG,1073,539,534,1073,ITF,ITF4,16,Puglia
2023-12-12,UMB,879,458,421,879,ITI,ITI2,10,Umbria
2024-02-14,FVG,38,19,19,38,ITH,ITH4,6,Friuli-Venezia Giulia
2024-02-06,TOS,84,33,51,84,ITI,ITI1,9,Toscana
2023-10-21,FVG,102,44,58,102,ITH,ITH4,6,Friuli-Venezia Giulia
2023-12-14,MOL,190,102,88,190,ITF,ITF2,14,Molise
2023-11-26,TOS,124,62,62,124,ITI,ITI1,9,Toscana
2023-10-27,ABR,126,60,66,126,ITF,ITF1,13,Abruzzo
2024-01-19,BAS,68,36,32,68,ITF,ITF5,17,Basilicata
2023-12-05,ABR,589,284,305,589,ITF,ITF1,13,Abruzzo
2023-11-14,VEN,2790,1319,1471,2790,ITH,ITH3,5,Veneto
2023-12-05,LOM,10169,4837,5332,10169,ITC,ITC4,3,Lombardia
2023-12-22,LOM,7762,3779,3983,7762,ITC,ITC4,3,Lombardia
2023-11-08,FVG,1059,512,547,1059,ITH,ITH4,6,Friuli-Venezia Giulia
2023-11-21,BAS,33,18,15,33,ITF,ITF5,17,Basilicata
2024-01-29,LIG,123,46,77,123,ITC,ITC3,7,Liguria
2023-12-18,PAT,483,243,240,483,ITH,ITH2,4,Provincia Autonoma Trento
2023-10-22,TOS,19,7,12,19,ITI,ITI1,9,Toscana
2023-11-30,MOL,121,66,55,121,ITF,ITF2,14,Molise
2023-12-21,TOS,7306,3659,3647,7306,ITI,ITI1,9,Toscana
2023-10-11,PUG,217,111,106,217,ITF,ITF4,16,Puglia
2024-01-17,LOM,1987,913,1074,1987,ITC,ITC4,3,Lombardia
2023-12-20,CAM,1760,944,816,1760,ITF,ITF3,15,Campania
2023-11-04,MAR,394,188,206,394,ITI,ITI3,11,Marche
2023-10-27,PUG,1021,536,485,1021,ITF,ITF4,16,Puglia
2023-11-14,CAL,229,146,83,229,ITF,ITF6,18,Calabria
2023-11-09,SIC,142,76,66,142,ITG,ITG1,19,Sicilia
2023-10-09,LAZ,127,80,47,127,ITI,ITI4,12,Lazio
2023-12-07,FVG,944,458,486,944,ITH,ITH4,6,Friuli-Venezia Giulia
2023-10-17,PIE,384,190,194,384,ITC,ITC1,1,Piemonte
2024-01-06,EMR,36,17,19,36,ITH,ITH5,8,Emilia-Romagna
2023-11-12,LAZ,200,90,110,200,ITI,ITI4,12,Lazio
2023-10-28,MOL,42,12,30,42,ITF,ITF2,14,Molise
2023-11-09,BAS,15,12,3,15,ITF,ITF5,17,Basilicata
2023-10-06,TOS,228,103,125,228,ITI,ITI1,9,Toscana
2023-12-21,LAZ,5073,2438,2635,5073,ITI,ITI4,12,Lazio
2023-11-16,SAR,502,246,256,502,ITG,ITG2,20,Sardegna
2023-11-10,LIG,820,394,426,820,ITC,ITC3,7,Liguria
2024-01-23,SAR,271,137,134,271,ITG,ITG2,20,Sardegna
2023-11-14,SAR,544,275,269,544,ITG,ITG2,20,Sardegna
2023-11-29,PUG,2033,987,1046,2033,ITF,ITF4,16,Puglia
2023-12-14,PAB,132,64,68,132,ITH,ITH1,4,Provincia Autonoma Bolzano / Bozen
2024-02-03,PUG,24,12,12,24,ITF,ITF4,16,Puglia
2024-02-05,MOL,4,2,2,4,ITF,ITF2,14,Molise
2023-11-27,ABR,379,185,194,379,ITF,ITF1,13,Abruzzo
2024-01-29,FVG,148,74,74,148,ITH,ITH4,6,Friuli-Venezia Giulia
2023-10-17,CAM,314,180,134,314,ITF,ITF3,15,Campania
2024-01-15,SIC,198,94,104,198,ITG,ITG1,19,Sicilia
2023-10-27,PAT,428,192,236,428,ITH,ITH2,4,Provincia Autonoma Trento
2023-11-10,CAL,66,31,35,66,ITF,ITF6,18,Calabria
2023-11-01,TOS,129,52,77,129,ITI,ITI1,9,Toscana
2023-11-19,PIE,153,74,79,153,ITC,ITC1,1,Piemonte
2024-01-28,UMB,6,3,3,6,ITI,ITI2,10,Umbria
2023-12-22,LIG,1219,612,607,1219,ITC,ITC3,7,Liguria
2023-10-18,MAR,393,217,176,393,ITI,ITI3,11,Marche
2023-12-17,SIC,37,13,24,37,ITG,ITG1,19,Sicilia
2023-12-04,FVG,881,417,464,881,ITH,ITH4,6,Friuli-Venezia Giulia
2023-11-27,BAS,34,18,16,34,ITF,ITF5,17,Basilicata
2023-11-05,PIE,68,26,42,68,ITC,ITC1,1,Piemonte
2023-11-09,LAZ,2314,1095,1219,2314,ITI,ITI4,12,Lazio
2023-11-13,CAM,335,178,157,335,ITF,ITF3,15,Campania
2023-10-10,LOM,582,257,325,582,ITC,ITC4,3,Lombardia
2023-11-23,LIG,1264,639,625,1264,ITC,ITC3,7,Liguria
2024-01-28,FVG,1,1,0,1,ITH,ITH4,6,Friuli-Venezia Giulia
2023-12-16,UMB,138,62,76,138,ITI,ITI2,10,Umbria
2023-12-10,PUG,98,51,47,98,ITF,ITF4,16,Puglia
2024-01-22,MAR,64,29,35,64,ITI,ITI3,11,Marche
2023-11-18,SIC,33,12,21,33,ITG,ITG1,19,Sicilia
2023-12-28,LIG,1255,617,638,1255,ITC,ITC3,7,Liguria
2023-12-16,VEN,4861,2443,2418,4861,ITH,ITH3,5,Veneto
2023-11-16,VEN,3549,1741,1808,3549,ITH,ITH3,5,Veneto
2023-11-01,PIE,152,76,76,152,ITC,ITC1,1,Piemonte
2023-11-10,CAM,327,186,141,327,ITF,ITF3,15,Campania
2023-11-18,LAZ,1666,813,853,1666,ITI,ITI4,12,Lazio
2023-12-14,CAM,1439,784,655,1439,ITF,ITF3,15,Campania
2024-01-23,VEN,488,231,257,488,ITH,ITH3,5,Veneto
2024-01-30,TOS,343,159,184,343,ITI,ITI1,9,Toscana
2023-12-28,CAL,587,323,264,587,ITF,ITF6,18,Calabria
2023-12-02,MAR,2,1,1,2,ITI,ITI3,11,Marche
2024-01-13,TOS,253,110,143,253,ITI,ITI1,9,Toscana
2023-10-27,SAR,175,81,94,175,ITG,ITG2,20,Sardegna
2023-11-07,LIG,1557,800,757,1557,ITC,ITC3,7,Liguria
2024-01-31,SIC,86,49,37,86,ITG,ITG1,19,Sicilia
2023-11-20,CAL,163,78,85,163,ITF,ITF6,18,Calabria
2023-12-05,VDA,72,37,35,72,ITC,ITC2,2,Valle d'Aosta / Vallée d'Aoste
2023-12-06,TOS,5707,2681,3026,5707,ITI,ITI1,9,Toscana
2023-11-17,EMR,5855,2789,3066,5855,ITH,ITH5,8,Emilia-Romagna
2024-01-26,PUG,333,175,158,333,ITF,ITF4,16,Puglia
2023-11-29,PAT,396,201,195,396,ITH,ITH2,4,Provincia Autonoma Trento
2023-12-22,CAM,459,248,211,459,ITF,ITF3,15,Campania
2024-01-13,LAZ,934,458,476,934,ITI,ITI4,12,Lazio
2023-11-15,CAL,230,138,92,230,ITF,ITF6,18,Calabria
2024-01-25,TOS,561,251,310,561,ITI,ITI1,9,Toscana
2023-12-19,FVG,1282,621,661,1282,ITH,ITH4,6,Friuli-Venezia Giulia
2023-12-17,LAZ,2704,1343,1361,2704,ITI,ITI4,12,Lazio
2023-10-23,LAZ,594,280,314,594,ITI,ITI4,12,Lazio
2023-11-23,PAB,456,188,268,456,ITH,ITH1,4,Provincia Autonoma Bolzano / Bozen
2023-12-27,CAL,274,152,122,274,ITF,ITF6,18,Calabria
2023-11-23,CAM,500,271,229,500,ITF,ITF3,15,Campania
2023-11-08,PAT,620,277,343,620,ITH,ITH2,4,Provincia Autonoma Trento
2023-11-11,MAR,349,178,171,349,ITI,ITI3,11,Marche
2023-11-02,CAM,283,143,140,283,ITF,ITF3,15,Campania
2023-11-02,CAL,42,15,27,42,ITF,ITF6,18,Calabria
2023-10-18,ABR,121,67,54,121,ITF,ITF1,13,Abruzzo
2023-12-27,LOM,5003,2467,2536,5003,ITC,ITC4,3,Lombardia
2023-11-08,PUG,1684,846,838,1684,ITF,ITF4,16,Puglia
2023-11-02,LOM,9607,4612,4995,9607,ITC,ITC4,3,Lombardia
2023-11-07,CAM,344,206,138,344,ITF,ITF3,15,Campania
2023-12-14,LIG,2026,926,1100,2026,ITC,ITC3,7,Liguria
2023-11-05,CAM,7,3,4,7,ITF,ITF3,15,Campania
2023-12-23,LOM,2522,1268,1254,2522,ITC,ITC4,3,Lombardia
2023-11-23,PIE,3213,1484,1729,3213,ITC,ITC1,1,Piemonte
2023-11-13,PIE,1961,901,1060,1961,ITC,ITC1,1,Piemonte
2023-11-15,LOM,10485,4768,5717,10485,ITC,ITC4,3,Lombardia
2023-11-06,MOL,86,46,40,86,ITF,ITF2,14,Molise
2023-10-23,TOS,2231,1044,1187,2231,ITI,ITI1,9,Toscana
2024-01-27,TOS,122,56,66,122,ITI,ITI1,9,Toscana
2023-12-05,EMR,5553,2682,2871,5553,ITH,ITH5,8,Emilia-Romagna
2023-12-18,PUG,2326,1187,1139,2326,ITF,ITF4,16,Puglia
2024-02-09,ABR,3,1,2,3,ITF,ITF1,13,Abruzzo
2023-11-12,SIC,22,14,8,22,ITG,ITG1,19,Sicilia
2023-12-23,FVG,51,27,24,51,ITH,ITH4,6,Friuli-Venezia Giulia
2023-10-30,SIC,30,19,11,30,ITG,ITG1,19,Sicilia
2023-10-25,PAB,615,302,313,615,ITH,ITH1,4,Provincia Autonoma Bolzano / Bozen
2023-11-07,BAS,30,20,10,30,ITF,ITF5,17,Basilicata
2023-12-30,LAZ,1243,655,588,1243,ITI,ITI4,12,Lazio
2024-01-09,CAM,693,386,307,693,ITF,ITF3,15,Campania
2024-01-09,FVG,593,298,295,593,ITH,ITH4,6,Friuli-Venezia Giulia
2024-01-02,ABR,141,67,74,141,ITF,ITF1,13,Abruzzo
2023-12-23,TOS,651,353,298,651,ITI,ITI1,9,Toscana
2023-12-19,PAT,739,341,398,739,ITH,ITH2,4,Provincia Autonoma Trento
2023-10-21,MAR,211,103,108,211,ITI,ITI3,11,Marche
2024-01-22,PAT,72,24,48,72,ITH,ITH2,4,Provincia Autonoma Trento
2024-01-26,PAB,19,8,11,19,ITH,ITH1,4,Provincia Autonoma Bolzano / Bozen
2023-11-25,EMR,1990,984,1006,1990,ITH,ITH5,8,Emilia-Romagna
2023-12-05,PIE,3155,1480,1675,3155,ITC,ITC1,1,Piemonte
2023-11-14,PIE,2888,1341,1547,2888,ITC,ITC1,1,Piemonte
2023-11-02,PUG,1262,645,617,1262,ITF,ITF4,16,Puglia
2023-11-20,LIG,608,300,308,608,ITC,ITC3,7,Liguria
2024-02-07,FVG,41,24,17,41,ITH,ITH4,6,Friuli-Venezia Giulia
2024-01-02,SAR,303,150,153,303,ITG,ITG2,20,Sardegna
2024-01-10,BAS,182,96,86,182,ITF,ITF5,17,Basilicata
2023-12-31,LAZ,422,194,228,422,ITI,ITI4,12,Lazio
2023-10-25,VEN,980,348,632,980,ITH,ITH3,5,Veneto
2024-01-17,PUG,545,268,277,545,ITF,ITF4,16,Puglia
2023-11-24,TOS,6636,3122,3514,6636,ITI,ITI1,9,Toscana
2024-01-02,EMR,884,442,442,884,ITH,ITH5,8,Emilia-Romagna
2023-11-29,PAB,543,250,293,543,ITH,ITH1,4,Provincia Autonoma Bolzano / Bozen
2024-02-09,MAR,11,6,5,11,ITI,ITI3,11,Marche
2023-12-25,LOM,35,17,18,35,ITC,ITC4,3,Lombardia
2023-11-06,VDA,103,51,52,103,ITC,ITC2,2,Valle d'Aosta / Vallée d'Aoste
2024-02-13,SAR,128,69,59,128,ITG,ITG2,20,Sardegna
2024-01-04,EMR,1167,552,615,1167,ITH,ITH5,8,Emilia-Romagna
2023-12-04,PAT,551,259,292,551,ITH,ITH2,4,Provincia Autonoma Trento
2023-10-26,MAR,190,85,105,190,ITI,ITI3,11,Marche
2023-12-16,LIG,871,435,436,871,ITC,ITC3,7,Liguria
2023-12-05,CAM,916,481,435,916,ITF,ITF3,15,Campania
2023-12-02,CAL,92,54,38,92,ITF,ITF6,18,Calabria
2023-12-14,LAZ,4578,2173,2405,4578,ITI,ITI4,12,Lazio
2023-12-04,PUG,1796,965,831,1796,ITF,ITF4,16,Puglia
2023-12-15,ABR,726,381,345,726,ITF,ITF1,13,Abruzzo
2023-10-10,PUG,82,33,49,82,ITF,ITF4,16,Puglia
2023-12-04,TOS,3169,1521,1648,3169,ITI,ITI1,9,Toscana
2023-12-07,MOL,159,78,81,159,ITF,ITF2,14,Molise
2023-10-26,VDA,117,57,60,117,ITC,ITC2,2,Valle d'Aosta / Vallée d'Aoste
2023-10-10,TOS,316,152,164,316,ITI,ITI1,9,Toscana
2024-02-13,EMR,86,41,45,86,ITH,ITH5,8,Emilia-Romagna
2023-10-25,EMR,4316,2053,2263,4316,ITH,ITH5,8,Emilia-Romagna
2024-01-11,LIG,992,481,511,992,ITC,ITC3,7,Liguria
2023-11-27,LOM,415,146,269,415,ITC,ITC4,3,Lombardia
2024-01-16,VDA,11,5,6,11,ITC,ITC2,2,Valle d'Aosta / Vallée d'Aoste
2023-10-13,VEN,101,29,72,101,ITH,ITH3,5,Veneto
2023-12-17,BAS,28,24,4,28,ITF,ITF5,17,Basilicata
2023-11-25,UMB,229,100,129,229,ITI,ITI2,10,Umbria
2023-12-02,ABR,135,67,68,135,ITF,ITF1,13,Abruzzo
2023-10-13,SAR,111,56,55,111,ITG,ITG2,20,Sardegna
2023-12-03,ABR,6,3,3,6,ITF,ITF1,13,Abruzzo
2023-12-20,MOL,271,152,119,271,ITF,ITF2,14,Molise
2024-02-03,VEN,12,6,6,12,ITH,ITH3,5,Veneto
2024-01-19,VDA,2,1,1,2,ITC,ITC2,2,Valle d'Aosta / Vallée d'Aoste
2024-01-03,BAS,182,103,79,182,ITF,ITF5,17,Basilicata
2023-10-18,CAL,12,9,3,12,ITF,ITF6,18,Calabria
2023-10-05,EMR,1,0,1,1,ITH,ITH5,8,Emilia-Romagna
2023-12-18,PAB,112,53,59,112,ITH,ITH1,4,Provincia Autonoma Bolzano / Bozen
2023-12-10,TOS,5,2,3,5,ITI,ITI1,9,Toscana
2023-10-28,VDA,86,42,44,86,ITC,ITC2,2,Valle d'Aosta / Vallée d'Aoste
2024-02-05,ABR,13,2,11,13,ITF,ITF1,13,Abruzzo
2023-12-01,MAR,32,10,22,32,ITI,ITI3,11,Marche
2023-11-25,PAB,5,1,4,5,ITH,ITH1,4,Provincia Autonoma Bolzano / Bozen
2024-02-03,SAR,24,8,16,24,ITG,ITG2,20,Sardegna
2024-01-20,PAB,1,0,1,1,ITH,ITH1,4,Provincia Autonoma Bolzano / Bozen
2024-02-07,ABR,5,1,4,5,ITF,ITF1,13,Abruzzo
2024-02-05,BAS,3,2,1,3,ITF,ITF5,17,Basilicata
2023-12-23,PAT,10,7,3,10,ITH,ITH2,4,Provincia Autonoma Trento
2024-02-13,VEN,27,9,18,27,ITH,ITH3,5,Veneto
2024-01-21,PIE,5,1,4,5,ITC,ITC1,1,Piemonte
2024-02-10,EMR,11,7,4,11,ITH,ITH5,8,Emilia-Romagna
2024-02-14,VDA,1,0,1,1,ITC,ITC2,2,Valle d'Aosta / Vallée d'Aoste
2024-02-10,ABR,2,2,0,2,ITF,ITF1,13,Abruzzo
2023-12-02,PAT,2,0,2,2,ITH,ITH2,4,Provincia Autonoma Trento
2023-10-05,ABR,2,1,1,2,ITF,ITF1,13,Abruzzo
2023-12-08,SIC,1,1,0,1,ITG,ITG1,19,Sicilia
2023-10-15,LIG,1,0,1,1,ITC,ITC3,7,Liguria
2024-02-10,UMB,6,2,4,6,ITI,ITI2,10,Umbria
2023-11-01,SIC,1,0,1,1,ITG,ITG1,19,Sicilia
2023-11-05,PUG,25,15,10,25,ITF,ITF4,16,Puglia
2023-11-25,TOS,1893,897,996,1893,ITI,ITI1,9,Toscana
2024-01-16,CAL,167,94,73,167,ITF,ITF6,18,Calabria
2023-12-19,SAR,843,420,423,843,ITG,ITG2,20,Sardegna
2023-10-17,VDA,63,29,34,63,ITC,ITC2,2,Valle d'Aosta / Vallée d'Aoste
2023-11-17,BAS,12,8,4,12,ITF,ITF5,17,Basilicata
2023-10-28,LOM,6075,3008,3067,6075,ITC,ITC4,3,Lombardia
2024-01-23,CAM,223,114,109,223,ITF,ITF3,15,Campania
2023-11-02,SAR,171,93,78,171,ITG,ITG2,20,Sardegna
2023-11-12,TOS,197,93,104,197,ITI,ITI1,9,Toscana
2024-01-31,UMB,164,81,83,164,ITI,ITI2,10,Umbria
2023-12-12,BAS,350,194,156,350,ITF,ITF5,17,Basilicata
2023-12-29,BAS,188,97,91,188,ITF,ITF5,17,Basilicata
2023-11-07,LAZ,2305,1129,1176,2305,ITI,ITI4,12,Lazio
2023-11-25,LAZ,1821,959,862,1821,ITI,ITI4,12,Lazio
2023-12-23,EMR,413,208,205,413,ITH,ITH5,8,Emilia-Romagna
2023-12-21,PUG,3866,2037,1829,3866,ITF,ITF4,16,Puglia
2024-02-09,TOS,135,53,82,135,ITI,ITI1,9,Toscana
2023-10-27,FVG,916,458,458,916,ITH,ITH4,6,Friuli-Venezia Giulia
2023-11-30,CAL,329,193,136,329,ITF,ITF6,18,Calabria
2024-02-06,SIC,82,35,47,82,ITG,ITG1,19,Sicilia
2023-10-24,ABR,172,93,79,172,ITF,ITF1,13,Abruzzo
2023-10-27,CAL,70,36,34,70,ITF,ITF6,18,Calabria
2024-01-08,LIG,148,67,81,148,ITC,ITC3,7,Liguria
2023-12-14,LOM,11174,5374,5800,11174,ITC,ITC4,3,Lombardia
2023-11-06,VEN,1548,721,827,1548,ITH,ITH3,5,Veneto
2023-12-02,EMR,1661,785,876,1661,ITH,ITH5,8,Emilia-Romagna
2023-12-19,PIE,3587,1794,1793,3587,ITC,ITC1,1,Piemonte
2023-10-19,PAB,802,390,412,802,ITH,ITH1,4,Provincia Autonoma Bolzano / Bozen
2023-11-28,PIE,3045,1375,1670,3045,ITC,ITC1,1,Piemonte
2024-01-22,SAR,308,142,166,308,ITG,ITG2,20,Sardegna
2023-10-24,SAR,191,84,107,191,ITG,ITG2,20,Sardegna
2024-01-22,UMB,53,29,24,53,ITI,ITI2,10,Umbria
2023-11-20,FVG,1105,561,544,1105,ITH,ITH4,6,Friuli-Venezia Giulia
2023-12-29,MOL,90,51,39,90,ITF,ITF2,14,Molise
2023-12-10,ABR,181,94,87,181,ITF,ITF1,13,Abruzzo
2023-12-04,UMB,381,181,200,381,ITI,ITI2,10,Umbria
2023-10-14,ABR,11,5,6,11,ITF,ITF1,13,Abruzzo
2023-10-10,PIE,95,51,44,95,ITC,ITC1,1,Piemonte
2024-02-03,LIG,13,5,8,13,ITC,ITC3,7,Liguria
2023-11-30,PIE,3365,1602,1763,3365,ITC,ITC1,1,Piemonte
2023-10-23,PIE,790,380,410,790,ITC,ITC1,1,Piemonte
2023-12-14,EMR,6457,3172,3285,6457,ITH,ITH5,8,Emilia-Romagna
2023-10-25,LAZ,1010,510,500,1010,ITI,ITI4,12,Lazio
2023-11-29,MAR,55,27,28,55,ITI,ITI3,11,Marche
2023-12-21,PAT,327,151,176,327,ITH,ITH2,4,Provincia Autonoma Trento
2024-01-30,LAZ,480,259,221,480,ITI,ITI4,12,Lazio
2023-12-13,TOS,5150,2427,2723,5150,ITI,ITI1,9,Toscana
2024-01-28,PIE,13,8,5,13,ITC,ITC1,1,Piemonte
2023-10-24,LOM,9093,4471,4622,9093,ITC,ITC4,3,Lombardia
2023-12-29,PIE,2034,934,1100,2034,ITC,ITC1,1,Piemonte
2023-10-21,PIE,339,180,159,339,ITC,ITC1,1,Piemonte
2023-12-14,VEN,4932,2462,2470,4932,ITH,ITH3,5,Veneto
2023-10-18,EMR,1506,722,784,1506,ITH,ITH5,8,Emilia-Romagna
2024-01-14,LOM,140,65,75,140,ITC,ITC4,3,Lombardia
2023-12-04,LOM,9259,4464,4795,9259,ITC,ITC4,3,Lombardia
2024-01-03,LIG,407,198,209,407,ITC,ITC3,7,Liguria
2023-11-12,PUG,51,31,20,51,ITF,ITF4,16,Puglia
2023-11-29,VDA,134,66,68,134,ITC,ITC2,2,Valle d'Aosta / Vallée d'Aoste
2024-02-05,TOS,75,38,37,75,ITI,ITI1,9,Toscana
2023-12-10,BAS,9,5,4,9,ITF,ITF5,17,Basilicata
2024-01-19,VEN,895,442,453,895,ITH,ITH3,5,Veneto
2023-12-04,SAR,756,378,378,756,ITG,ITG2,20,Sardegna
2023-11-30,SAR,936,476,460,936,ITG,ITG2,20,Sardegna
2023-12-18,LAZ,4219,2104,2115,4219,ITI,ITI4,12,Lazio
2024-02-15,PIE,44,19,25,44,ITC,ITC1,1,Piemonte
2023-10-21,CAL,13,9,4,13,ITF,ITF6,18,Calabria
2023-11-24,ABR,476,262,214,476,ITF,ITF1,13,Abruzzo
2024-01-23,LOM,1455,592,863,1455,ITC,ITC4,3,Lombardia
2023-11-08,VEN,2418,1167,1251,2418,ITH,ITH3,5,Veneto
2023-11-24,CAL,140,91,49,140,ITF,ITF6,18,Calabria
2024-01-05,LIG,246,121,125,246,ITC,ITC3,7,Liguria
2023-10-28,CAM,77,42,35,77,ITF,ITF3,15,Campania
2023-11-28,BAS,155,92,63,155,ITF,ITF5,17,Basilicata
2024-01-17,PIE,948,451,497,948,ITC,ITC1,1,Piemonte
2023-10-26,LOM,10031,4773,5258,10031,ITC,ITC4,3,Lombardia
2023-11-23,BAS,46,30,16,46,ITF,ITF5,17,Basilicata
2023-12-06,PUG,2623,1333,1290,2623,ITF,ITF4,16,Puglia
2023-11-29,SIC,283,152,131,283,ITG,ITG1,19,Sicilia
2023-12-06,CAM,1090,600,490,1090,ITF,ITF3,15,Campania
2023-11-16,LOM,10236,4787,5449,10236,ITC,ITC4,3,Lombardia
2023-12-22,TOS,5100,2613,2487,5100,ITI,ITI1,9,Toscana
2024-01-17,BAS,118,61,57,118,ITF,ITF5,17,Basilicata
2023-12-02,MOL,37,20,17,37,ITF,ITF2,14,Molise
2023-12-06,PAT,412,188,224,412,ITH,ITH2,4,Provincia Autonoma Trento
2023-11-18,VDA,80,42,38,80,ITC,ITC2,2,Valle d'Aosta / Vallée d'Aoste
2023-11-01,FVG,23,10,13,23,ITH,ITH4,6,Friuli-Venezia Giulia
2023-12-11,FVG,1065,497,568,1065,ITH,ITH4,6,Friuli-Venezia Giulia
2024-01-19,EMR,821,371,450,821,ITH,ITH5,8,Emilia-Romagna
2023-10-31,PIE,1546,761,785,1546,ITC,ITC1,1,Piemonte
2024-01-15,CAL,116,63,53,116,ITF,ITF6,18,Calabria
2023-11-13,LAZ,1754,919,835,1754,ITI,ITI4,12,Lazio
2023-12-31,EMR,122,59,63,122,ITH,ITH5,8,Emilia-Romagna
2024-01-17,MOL,21,10,11,21,ITF,ITF2,14,Molise
2024-01-28,ABR,43,19,24,43,ITF,ITF1,13,Abruzzo
2023-12-20,MAR,80,43,37,80,ITI,ITI3,11,Marche
2024-01-26,LAZ,671,297,374,671,ITI,ITI4,12,Lazio
2023-11-06,EMR,4066,1869,2197,4066,ITH,ITH5,8,Emilia-Romagna
2023-12-23,VEN,1496,814,682,1496,ITH,ITH3,5,Veneto
2023-12-10,PIE,80,36,44,80,ITC,ITC1,1,Piemonte
2024-02-09,PUG,105,43,62,105,ITF,ITF4,16,Puglia
2024-01-12,BAS,112,56,56,112,ITF,ITF5,17,Basilicata
2023-12-03,MAR,1,0,1,1,ITI,ITI3,11,Marche
2024-01-07,UMB,8,4,4,8,ITI,ITI2,10,Umbria
2023-10-22,MAR,54,30,24,54,ITI,ITI3,11,Marche
2023-11-24,PIE,3588,1734,1854,3588,ITC,ITC1,1,Piemonte
2024-01-27,CAM,44,20,24,44,ITF,ITF3,15,Campania
2024-01-22,LOM,972,448,524,972,ITC,ITC4,3,Lombardia
2024-02-01,SAR,269,131,138,269,ITG,ITG2,20,Sardegna
2023-10-30,FVG,532,274,258,532,ITH,ITH4,6,Friuli-Venezia Giulia
2023-10-23,ABR,124,63,61,124,ITF,ITF1,13,Abruzzo
2023-12-30,BAS,105,56,49,105,ITF,ITF5,17,Basilicata
2023-11-09,VDA,164,80,84,164,ITC,ITC2,2,Valle d'Aosta / Vallée d'Aoste
2024-01-27,PUG,19,8,11,19,ITF,ITF4,16,Puglia
2024-01-04,VDA,19,6,13,19,ITC,ITC2,2,Valle d'Aosta / Vallée d'Aoste
2023-11-24,SAR,570,293,277,570,ITG,ITG2,20,Sardegna
2024-01-10,LIG,773,362,411,773,ITC,ITC3,7,Liguria
2023-12-20,VDA,97,54,43,97,ITC,ITC2,2,Valle d'Aosta / Vallée d'Aoste
2023-11-08,EMR,7125,3345,3780,7125,ITH,ITH5,8,Emilia-Romagna
2023-11-07,TOS,5230,2442,2788,5230,ITI,ITI1,9,Toscana
2024-01-02,TOS,790,383,407,790,ITI,ITI1,9,Toscana
2023-11-10,SAR,336,163,173,336,ITG,ITG2,20,Sardegna
2024-02-02,SIC,90,46,44,90,ITG,ITG1,19,Sicilia
2024-02-07,LIG,142,54,88,142,ITC,ITC3,7,Liguria
2024-01-07,LOM,72,45,27,72,ITC,ITC4,3,Lombardia
2024-01-02,MAR,102,46,56,102,ITI,ITI3,11,Marche
2023-10-14,PIE,43,20,23,43,ITC,ITC1,1,Piemonte
2023-10-23,CAL,23,14,9,23,ITF,ITF6,18,Calabria
2024-02-15,SAR,117,62,55,117,ITG,ITG2,20,Sardegna
2024-02-10,MAR,3,2,1,3,ITI,ITI3,11,Marche
2023-11-20,VDA,50,27,23,50,ITC,ITC2,2,Valle d'Aosta / Vallée d'Aoste
2023-10-31,MOL,33,13,20,33,ITF,ITF2,14,Molise
2024-01-09,MOL,20,9,11,20,ITF,ITF2,14,Molise
2023-11-14,MOL,31,19,12,31,ITF,ITF2,14,Molise
2024-01-22,PAB,2,1,1,2,ITH,ITH1,4,Provincia Autonoma Bolzano / Bozen
2023-10-29,TOS,37,15,22,37,ITI,ITI1,9,Toscana
2023-10-06,CAM,28,15,13,28,ITF,ITF3,15,Campania
2024-01-14,CAM,8,5,3,8,ITF,ITF3,15,Campania
2024-01-28,CAL,2,0,2,2,ITF,ITF6,18,Calabria
2023-12-23,MOL,1,0,1,1,ITF,ITF2,14,Molise
2023-10-12,VDA,17,7,10,17,ITC,ITC2,2,Valle d'Aosta / Vallée d'Aoste
2023-12-31,BAS,7,4,3,7,ITF,ITF5,17,Basilicata
2023-10-02,ABR,2,2,0,2,ITF,ITF1,13,Abruzzo
2023-11-02,LIG,780,389,391,780,ITC,ITC3,7,Liguria
2023-10-27,VEN,1662,773,889,1662,ITH,ITH3,5,Veneto
2023-12-09,SIC,61,33,28,61,ITG,ITG1,19,Sicilia
2023-12-27,LIG,1147,562,585,1147,ITC,ITC3,7,Liguria
2024-01-07,MAR,9,4,5,9,ITI,ITI3,11,Marche
2023-12-10,CAL,1,1,0,1,ITF,ITF6,18,Calabria
2024-01-08,MOL,75,34,41,75,ITF,ITF2,14,Molise
2024-01-20,CAL,8,4,4,8,ITF,ITF6,18,Calabria
2024-01-05,PAB,12,5,7,12,ITH,ITH1,4,Provincia Autonoma Bolzano / Bozen
2024-01-26,PAT,5,2,3,5,ITH,ITH2,4,Provincia Autonoma Trento
2023-11-19,CAM,14,5,9,14,ITF,ITF3,15,Campania
2023-09-27,EMR,1,1,0,1,ITH,ITH5,8,Emilia-Romagna
2024-02-11,SIC,1,0,1,1,ITG,ITG1,19,Sicilia
2023-10-22,PAB,3,2,1,3,ITH,ITH1,4,Provincia Autonoma Bolzano / Bozen
2024-02-11,LAZ,5,2,3,5,ITI,ITI4,12,Lazio
2023-10-15,VEN,3,1,2,3,ITH,ITH3,5,Veneto
2023-12-30,MOL,2,1,1,2,ITF,ITF2,14,Molise
2024-02-15,MOL,3,1,2,3,ITF,ITF2,14,Molise
2024-02-12,MOL,1,1,0,1,ITF,ITF2,14,Molise
2023-09-30,TOS,1,1,0,1,ITI,ITI1,9,Toscana
2023-10-30,UMB,321,160,161,321,ITI,ITI2,10,Umbria
2023-10-18,TOS,1079,521,558,1079,ITI,ITI1,9,Toscana
2024-02-07,VEN,158,79,79,158,ITH,ITH3,5,Veneto
2023-12-26,LOM,111,44,67,111,ITC,ITC4,3,Lombardia
2024-01-25,ABR,58,25,33,58,ITF,ITF1,13,Abruzzo
2024-01-16,LOM,2309,1037,1272,2309,ITC,ITC4,3,Lombardia
2023-11-18,LOM,6336,2998,3338,6336,ITC,ITC4,3,Lombardia
2023-12-09,LOM,3911,1996,1915,3911,ITC,ITC4,3,Lombardia
2023-12-29,FVG,836,409,427,836,ITH,ITH4,6,Friuli-Venezia Giulia
2023-11-17,FVG,1350,660,690,1350,ITH,ITH4,6,Friuli-Venezia Giulia
2024-01-18,EMR,936,428,508,936,ITH,ITH5,8,Emilia-Romagna
2023-12-21,MOL,138,66,72,138,ITF,ITF2,14,Molise
2023-10-11,LOM,451,173,278,451,ITC,ITC4,3,Lombardia
2023-12-05,PAB,372,178,194,372,ITH,ITH1,4,Provincia Autonoma Bolzano / Bozen
2023-11-30,ABR,411,216,195,411,ITF,ITF1,13,Abruzzo
2023-11-09,LOM,10378,4870,5508,10378,ITC,ITC4,3,Lombardia
2023-10-24,PAT,593,268,325,593,ITH,ITH2,4,Provincia Autonoma Trento
2023-11-07,PIE,2560,1199,1361,2560,ITC,ITC1,1,Piemonte
2024-01-03,LOM,2020,956,1064,2020,ITC,ITC4,3,Lombardia
2023-10-18,PIE,420,219,201,420,ITC,ITC1,1,Piemonte
2023-11-11,VDA,81,33,48,81,ITC,ITC2,2,Valle d'Aosta / Vallée d'Aoste
2023-10-19,MAR,370,177,193,370,ITI,ITI3,11,Marche
2024-02-02,MAR,29,15,14,29,ITI,ITI3,11,Marche
2023-10-27,LOM,9158,4353,4805,9158,ITC,ITC4,3,Lombardia
2023-11-27,SAR,545,276,269,545,ITG,ITG2,20,Sardegna
2023-11-21,UMB,603,285,318,603,ITI,ITI2,10,Umbria
2024-01-16,ABR,156,77,79,156,ITF,ITF1,13,Abruzzo
2024-01-31,CAM,121,56,65,121,ITF,ITF3,15,Campania
2023-10-17,SAR,129,64,65,129,ITG,ITG2,20,Sardegna
2023-12-12,CAL,450,249,201,450,ITF,ITF6,18,Calabria
2023-12-18,SAR,799,397,402,799,ITG,ITG2,20,Sardegna
2024-01-20,CAM,82,39,43,82,ITF,ITF3,15,Campania
2023-11-24,CAM,369,208,161,369,ITF,ITF3,15,Campania
2023-12-28,FVG,1127,565,562,1127,ITH,ITH4,6,Friuli-Venezia Giulia
2023-12-13,CAM,1608,872,736,1608,ITF,ITF3,15,Campania
2023-10-10,LAZ,201,115,86,201,ITI,ITI4,12,Lazio
2023-11-12,EMR,818,387,431,818,ITH,ITH5,8,Emilia-Romagna
2023-11-23,CAL,114,67,47,114,ITF,ITF6,18,Calabria
2024-01-25,MAR,126,55,71,126,ITI,ITI3,11,Marche
2024-02-06,CAM,75,36,39,75,ITF,ITF3,15,Campania
2023-10-31,ABR,174,100,74,174,ITF,ITF1,13,Abruzzo
2023-11-04,VDA,109,57,52,109,ITC,ITC2,2,Valle d'Aosta / Vallée d'Aoste
2024-02-01,ABR,20,9,11,20,ITF,ITF1,13,Abruzzo
2023-11-16,EMR,6770,3203,3567,6770,ITH,ITH5,8,Emilia-Romagna
2023-10-20,EMR,2233,1087,1146,2233,ITH,ITH5,8,Emilia-Romagna
2023-12-04,SIC,396,212,184,396,ITG,ITG1,19,Sicilia
2024-01-24,SIC,284,137,147,284,ITG,ITG1,19,Sicilia
2023-11-02,UMB,417,218,199,417,ITI,ITI2,10,Umbria
2024-01-22,CAM,256,131,125,256,ITF,ITF3,15,Campania
2023-12-14,SIC,827,434,393,827,ITG,ITG1,19,Sicilia
2024-01-19,CAL,65,38,27,65,ITF,ITF6,18,Calabria
2023-11-01,MAR,34,12,22,34,ITI,ITI3,11,Marche
2024-01-17,LAZ,1858,831,1027,1858,ITI,ITI4,12,Lazio
2023-12-30,PIE,780,399,381,780,ITC,ITC1,1,Piemonte
2024-01-09,TOS,835,397,438,835,ITI,ITI1,9,Toscana
2024-02-13,LIG,128,60,68,128,ITC,ITC3,7,Liguria
2023-10-10,FVG,48,25,23,48,ITH,ITH4,6,Friuli-Venezia Giulia
2023-12-15,UMB,772,380,392,772,ITI,ITI2,10,Umbria
2023-11-15,TOS,6262,2885,3377,6262,ITI,ITI1,9,Toscana
2023-11-11,ABR,87,51,36,87,ITF,ITF1,13,Abruzzo
2024-01-15,LOM,2082,957,1125,2082,ITC,ITC4,3,Lombardia
2024-01-04,LAZ,2739,1321,1418,2739,ITI,ITI4,12,Lazio
2024-01-23,EMR,640,302,338,640,ITH,ITH5,8,Emilia-Romagna
2023-11-15,EMR,6931,3288,3643,6931,ITH,ITH5,8,Emilia-Romagna
2024-01-07,CAM,36,18,18,36,ITF,ITF3,15,Campania
2023-11-04,PIE,1381,679,702,1381,ITC,ITC1,1,Piemonte
2023-10-17,MAR,231,109,122,231,ITI,ITI3,11,Marche
2023-10-02,CAM,4,3,1,4,ITF,ITF3,15,Campania
2023-11-24,LIG,584,283,301,584,ITC,ITC3,7,Liguria
2024-02-09,VEN,91,46,45,91,ITH,ITH3,5,Veneto
2024-01-31,LOM,650,290,360,650,ITC,ITC4,3,Lombardia
2024-01-08,PIE,774,390,384,774,ITC,ITC1,1,Piemonte
2023-12-22,LAZ,3335,1649,1686,3335,ITI,ITI4,12,Lazio
2023-12-23,MAR,15,10,5,15,ITI,ITI3,11,Marche
2024-01-12,VDA,40,20,20,40,ITC,ITC2,2,Valle d'Aosta / Vallée d'Aoste
2023-10-03,CAM,29,18,11,29,ITF,ITF3,15,Campania
2023-10-19,VDA,114,59,55,114,ITC,ITC2,2,Valle d'Aosta / Vallée d'Aoste
2023-11-24,PAB,190,98,92,190,ITH,ITH1,4,Provincia Autonoma Bolzano / Bozen
2024-01-18,PAB,27,10,17,27,ITH,ITH1,4,Provincia Autonoma Bolzano / Bozen
2023-11-19,TOS,215,96,119,215,ITI,ITI1,9,Toscana
2023-10-12,TOS,803,360,443,803,ITI,ITI1,9,Toscana
2024-01-29,LAZ,341,159,182,341,ITI,ITI4,12,Lazio
2023-12-28,SIC,724,386,338,724,ITG,ITG1,19,Sicilia
2024-02-14,SAR,111,60,51,111,ITG,ITG2,20,Sardegna
2023-11-03,CAL,74,35,39,74,ITF,ITF6,18,Calabria
2023-10-13,ABR,68,34,34,68,ITF,ITF1,13,Abruzzo
2023-12-12,SAR,954,483,471,954,ITG,ITG2,20,Sardegna
2023-12-19,ABR,724,366,358,724,ITF,ITF1,13,Abruzzo
2023-11-06,PIE,1620,806,814,1620,ITC,ITC1,1,Piemonte
2023-10-26,PAT,609,294,315,609,ITH,ITH2,4,Provincia Autonoma Trento
2023-10-12,PAB,565,292,273,565,ITH,ITH1,4,Provincia Autonoma Bolzano / Bozen
2024-02-13,CAL,14,7,7,14,ITF,ITF6,18,Calabria
2023-10-26,SIC,56,28,28,56,ITG,ITG1,19,Sicilia
2023-11-27,UMB,376,194,182,376,ITI,ITI2,10,Umbria
2024-02-01,LOM,382,156,226,382,ITC,ITC4,3,Lombardia
2023-10-19,CAM,298,169,129,298,ITF,ITF3,15,Campania
2023-10-26,PUG,1343,668,675,1343,ITF,ITF4,16,Puglia
2024-01-17,FVG,367,165,202,367,ITH,ITH4,6,Friuli-Venezia Giulia
2023-12-10,LIG,12,5,7,12,ITC,ITC3,7,Liguria
2023-11-21,SAR,499,243,256,499,ITG,ITG2,20,Sardegna
2023-12-14,PUG,3325,1685,1640,3325,ITF,ITF4,16,Puglia
2023-11-09,VEN,2491,1164,1327,2491,ITH,ITH3,5,Veneto
2023-12-08,UMB,18,7,11,18,ITI,ITI2,10,Umbria
2023-11-13,VEN,1925,918,1007,1925,ITH,ITH3,5,Veneto
2023-12-10,LOM,611,297,314,611,ITC,ITC4,3,Lombardia
2023-11-04,ABR,38,22,16,38,ITF,ITF1,13,Abruzzo
2023-10-13,MAR,100,55,45,100,ITI,ITI3,11,Marche
2023-11-06,ABR,167,94,73,167,ITF,ITF1,13,Abruzzo
2023-11-28,LAZ,3304,1621,1683,3304,ITI,ITI4,12,Lazio
2023-12-15,LAZ,4349,2043,2306,4349,ITI,ITI4,12,Lazio
2024-01-02,PUG,493,245,248,493,ITF,ITF4,16,Puglia
2024-01-26,CAL,55,32,23,55,ITF,ITF6,18,Calabria
2023-10-14,PAB,21,7,14,21,ITH,ITH1,4,Provincia Autonoma Bolzano / Bozen
2023-11-28,FVG,1264,613,651,1264,ITH,ITH4,6,Friuli-Venezia Giulia
2024-01-26,LIG,177,77,100,177,ITC,ITC3,7,Liguria
2024-02-11,EMR,4,2,2,4,ITH,ITH5,8,Emilia-Romagna
2023-12-29,LAZ,2376,1177,1199,2376,ITI,ITI4,12,Lazio
2023-10-20,LAZ,747,376,371,747,ITI,ITI4,12,Lazio
2024-01-05,SIC,408,207,201,408,ITG,ITG1,19,Sicilia
2023-12-20,TOS,4092,2016,2076,4092,ITI,ITI1,9,Toscana
2023-11-23,SAR,604,326,278,604,ITG,ITG2,20,Sardegna
2023-11-10,UMB,690,324,366,690,ITI,ITI2,10,Umbria
2023-12-18,CAL,627,350,277,627,ITF,ITF6,18,Calabria
2023-12-06,MOL,239,127,112,239,ITF,ITF2,14,Molise
2023-12-03,PUG,72,39,33,72,ITF,ITF4,16,Puglia
2023-11-06,BAS,5,3,2,5,ITF,ITF5,17,Basilicata
2024-02-10,PUG,12,5,7,12,ITF,ITF4,16,Puglia
2023-12-22,VEN,3372,1798,1574,3372,ITH,ITH3,5,Veneto
2023-11-02,LAZ,1387,660,727,1387,ITI,ITI4,12,Lazio
2023-11-11,PIE,1881,936,945,1881,ITC,ITC1,1,Piemonte
2023-10-16,PAB,150,72,78,150,ITH,ITH1,4,Provincia Autonoma Bolzano / Bozen
2023-11-20,CAM,441,257,184,441,ITF,ITF3,15,Campania
2023-12-31,CAL,4,1,3,4,ITF,ITF6,18,Calabria
2023-12-03,PAT,9,6,3,9,ITH,ITH2,4,Provincia Autonoma Trento
2023-12-30,ABR,11,5,6,11,ITF,ITF1,13,Abruzzo
2024-02-02,MOL,5,4,1,5,ITF,ITF2,14,Molise
2023-11-26,CAM,19,10,9,19,ITF,ITF3,15,Campania
2023-11-05,VEN,49,30,19,49,ITH,ITH3,5,Veneto
2024-02-03,FVG,6,2,4,6,ITH,ITH4,6,Friuli-Venezia Giulia
2023-10-13,CAL,6,4,2,6,ITF,ITF6,18,Calabria
2024-02-13,ABR,1,1,0,1,ITF,ITF1,13,Abruzzo
2024-02-13,MAR,8,4,4,8,ITI,ITI3,11,Marche
2024-02-12,CAM,20,11,9,20,ITF,ITF3,15,Campania
2023-10-11,VEN,6,2,4,6,ITH,ITH3,5,Veneto
2023-11-01,VDA,1,0,1,1,ITC,ITC2,2,Valle d'Aosta / Vallée d'Aoste
2023-12-26,MAR,1,0,1,1,ITI,ITI3,11,Marche
2024-01-21,BAS,2,2,0,2,ITF,ITF5,17,Basilicata
2023-11-08,CAM,407,228,179,407,ITF,ITF3,15,Campania
2023-12-09,ABR,84,38,46,84,ITF,ITF1,13,Abruzzo
2023-10-05,TOS,421,224,197,421,ITI,ITI1,9,Toscana
2023-11-16,UMB,797,384,413,797,ITI,ITI2,10,Umbria
2023-12-13,LOM,11366,5517,5849,11366,ITC,ITC4,3,Lombardia
2024-02-09,LAZ,173,89,84,173,ITI,ITI4,12,Lazio
2023-11-09,MAR,1178,549,629,1178,ITI,ITI3,11,Marche
2023-12-08,FVG,593,309,284,593,ITH,ITH4,6,Friuli-Venezia Giulia
2024-01-24,FVG,210,115,95,210,ITH,ITH4,6,Friuli-Venezia Giulia
2023-11-16,TOS,9037,4156,4881,9037,ITI,ITI1,9,Toscana
2023-11-17,MOL,44,27,17,44,ITF,ITF2,14,Molise
2023-10-16,SAR,125,63,62,125,ITG,ITG2,20,Sardegna
2023-10-06,LOM,240,99,141,240,ITC,ITC4,3,Lombardia
2024-01-17,SIC,320,153,167,320,ITG,ITG1,19,Sicilia
2023-11-03,EMR,5511,2633,2878,5511,ITH,ITH5,8,Emilia-Romagna
2023-12-21,CAM,1824,1039,785,1824,ITF,ITF3,15,Campania
2024-02-07,LOM,309,115,194,309,ITC,ITC4,3,Lombardia
2024-01-25,CAL,66,40,26,66,ITF,ITF6,18,Calabria
2023-12-11,SAR,851,432,419,851,ITG,ITG2,20,Sardegna
2023-11-17,PUG,2300,1164,1136,2300,ITF,ITF4,16,Puglia
2023-12-03,EMR,259,113,146,259,ITH,ITH5,8,Emilia-Romagna
2023-11-09,ABR,340,186,154,340,ITF,ITF1,13,Abruzzo
2024-02-06,BAS,4,2,2,4,ITF,ITF5,17,Basilicata
2023-12-11,UMB,458,228,230,458,ITI,ITI2,10,Umbria
2023-10-04,PIE,20,14,6,20,ITC,ITC1,1,Piemonte
2023-10-19,LOM,6115,3024,3091,6115,ITC,ITC4,3,Lombardia
2023-12-16,EMR,2658,1354,1304,2658,ITH,ITH5,8,Emilia-Romagna
2023-11-07,SAR,168,94,74,168,ITG,ITG2,20,Sardegna
2023-12-22,MAR,753,389,364,753,ITI,ITI3,11,Marche
2023-12-13,FVG,1121,555,566,1121,ITH,ITH4,6,Friuli-Venezia Giulia
2023-10-11,ABR,54,30,24,54,ITF,ITF1,13,Abruzzo
2024-01-03,PAB,12,5,7,12,ITH,ITH1,4,Provincia Autonoma Bolzano / Bozen
2024-01-11,BAS,160,78,82,160,ITF,ITF5,17,Basilicata
2023-11-01,CAL,17,9,8,17,ITF,ITF6,18,Calabria
2023-11-29,EMR,5797,2794,3003,5797,ITH,ITH5,8,Emilia-Romagna
2023-11-17,SIC,190,104,86,190,ITG,ITG1,19,Sicilia
2023-11-08,LIG,916,445,471,916,ITC,ITC3,7,Liguria
2024-01-09,PIE,1325,642,683,1325,ITC,ITC1,1,Piemonte
2024-02-01,CAL,44,24,20,44,ITF,ITF6,18,Calabria
2023-11-25,PUG,291,150,141,291,ITF,ITF4,16,Puglia
2023-12-11,TOS,3274,1551,1723,3274,ITI,ITI1,9,Toscana
2024-01-11,VDA,12,8,4,12,ITC,ITC2,2,Valle d'Aosta / Vallée d'Aoste
2023-11-19,SIC,28,16,12,28,ITG,ITG1,19,Sicilia
2023-12-27,PIE,1664,831,833,1664,ITC,ITC1,1,Piemonte
2024-01-11,PIE,1600,761,839,1600,ITC,ITC1,1,Piemonte
2023-10-31,CAL,60,30,30,60,ITF,ITF6,18,Calabria
2024-01-21,EMR,9,3,6,9,ITH,ITH5,8,Emilia-Romagna
2024-01-18,LAZ,1597,745,852,1597,ITI,ITI4,12,Lazio
2023-11-10,LAZ,2537,1214,1323,2537,ITI,ITI4,12,Lazio
2024-01-10,EMR,1432,716,716,1432,ITH,ITH5,8,Emilia-Romagna
2024-01-23,TOS,382,172,210,382,ITI,ITI1,9,Toscana
2023-10-13,LIG,56,18,38,56,ITC,ITC3,7,Liguria
2023-11-13,PAT,461,230,231,461,ITH,ITH2,4,Provincia Autonoma Trento
2024-01-06,CAL,67,36,31,67,ITF,ITF6,18,Calabria
2023-11-20,LOM,8676,4078,4598,8676,ITC,ITC4,3,Lombardia
2023-12-15,PIE,4714,2286,2428,4714,ITC,ITC1,1,Piemonte
2023-11-14,EMR,5904,2810,3094,5904,ITH,ITH5,8,Emilia-Romagna
2023-12-01,PIE,3785,1857,1928,3785,ITC,ITC1,1,Piemonte
2023-11-13,PUG,1259,611,648,1259,ITF,ITF4,16,Puglia
2023-11-12,CAM,12,5,7,12,ITF,ITF3,15,Campania
2023-12-05,UMB,629,319,310,629,ITI,ITI2,10,Umbria
2023-12-07,ABR,573,281,292,573,ITF,ITF1,13,Abruzzo
2023-10-20,TOS,2175,1054,1121,2175,ITI,ITI1,9,Toscana
2023-11-27,TOS,3690,1749,1941,3690,ITI,ITI1,9,Toscana
2023-11-07,PUG,1325,660,665,1325,ITF,ITF4,16,Puglia
2024-01-31,ABR,37,22,15,37,ITF,ITF1,13,Abruzzo
2023-12-17,EMR,340,157,183,340,ITH,ITH5,8,Emilia-Romagna
2023-11-20,ABR,264,129,135,264,ITF,ITF1,13,Abruzzo
2024-01-03,EMR,1109,549,560,1109,ITH,ITH5,8,Emilia-Romagna
2023-12-24,LOM,244,125,119,244,ITC,ITC4,3,Lombardia
2024-01-09,BAS,177,98,79,177,ITF,ITF5,17,Basilicata
2023-11-28,MOL,38,21,17,38,ITF,ITF2,14,Molise
2024-01-08,UMB,108,55,53,108,ITI,ITI2,10,Umbria
2023-12-11,PAB,107,56,51,107,ITH,ITH1,4,Provincia Autonoma Bolzano / Bozen
2023-12-02,BAS,71,32,39,71,ITF,ITF5,17,Basilicata
2023-11-10,FVG,1102,512,590,1102,ITH,ITH4,6,Friuli-Venezia Giulia
2023-11-02,TOS,3759,1831,1928,3759,ITI,ITI1,9,Toscana
2023-10-25,PUG,1120,550,570,1120,ITF,ITF4,16,Puglia
2023-12-05,LAZ,4227,2056,2171,4227,ITI,ITI4,12,Lazio
2024-02-12,FVG,62,23,39,62,ITH,ITH4,6,Friuli-Venezia Giulia
2023-11-07,PAT,562,285,277,562,ITH,ITH2,4,Provincia Autonoma Trento
2023-11-11,BAS,13,5,8,13,ITF,ITF5,17,Basilicata
2024-01-22,LIG,185,78,107,185,ITC,ITC3,7,Liguria
2023-11-11,LIG,158,69,89,158,ITC,ITC3,7,Liguria
2023-10-17,CAL,7,2,5,7,ITF,ITF6,18,Calabria
2024-01-02,PAT,65,36,29,65,ITH,ITH2,4,Provincia Autonoma Trento
2023-11-27,LAZ,2376,1203,1173,2376,ITI,ITI4,12,Lazio
2023-10-25,PAT,418,196,222,418,ITH,ITH2,4,Provincia Autonoma Trento
2023-10-23,VDA,147,67,80,147,ITC,ITC2,2,Valle d'Aosta / Vallée d'Aoste
2023-12-19,CAL,637,355,282,637,ITF,ITF6,18,Calabria
2023-10-28,TOS,1250,644,606,1250,ITI,ITI1,9,Toscana
2024-01-10,PAB,19,10,9,19,ITH,ITH1,4,Provincia Autonoma Bolzano / Bozen
2023-11-05,LAZ,64,22,42,64,ITI,ITI4,12,Lazio
2024-02-08,FVG,87,46,41,87,ITH,ITH4,6,Friuli-Venezia Giulia
2023-10-18,SIC,22,14,8,22,ITG,ITG1,19,Sicilia
2023-12-20,SIC,1288,718,570,1288,ITG,ITG1,19,Sicilia
2023-10-16,LAZ,331,167,164,331,ITI,ITI4,12,Lazio
2023-11-16,PAB,578,277,301,578,ITH,ITH1,4,Provincia Autonoma Bolzano / Bozen
2023-10-28,EMR,1885,907,978,1885,ITH,ITH5,8,Emilia-Romagna
2024-01-08,SAR,402,198,204,402,ITG,ITG2,20,Sardegna
2023-12-05,SAR,806,409,397,806,ITG,ITG2,20,Sardegna
2023-12-15,TOS,5205,2477,2728,5205,ITI,ITI1,9,Toscana
2023-10-18,PAT,245,129,116,245,ITH,ITH2,4,Provincia Autonoma Trento
2023-12-27,FVG,778,372,406,778,ITH,ITH4,6,Friuli-Venezia Giulia
2023-11-02,FVG,732,362,370,732,ITH,ITH4,6,Friuli-Venezia Giulia
2024-01-05,VEN,1279,646,633,1279,ITH,ITH3,5,Veneto
2023-10-03,LIG,30,14,16,30,ITC,ITC3,7,Liguria
2023-11-24,FVG,1183,534,649,1183,ITH,ITH4,6,Friuli-Venezia Giulia
2023-10-02,FVG,30,18,12,30,ITH,ITH4,6,Friuli-Venezia Giulia
2023-10-12,UMB,6,3,3,6,ITI,ITI2,10,Umbria
2023-10-22,PUG,23,9,14,23,ITF,ITF4,16,Puglia
2024-01-11,ABR,266,130,136,266,ITF,ITF1,13,Abruzzo
2024-01-14,TOS,18,11,7,18,ITI,ITI1,9,Toscana
2023-11-18,MAR,49,14,35,49,ITI,ITI3,11,Marche
2023-11-17,PAT,419,199,220,419,ITH,ITH2,4,Provincia Autonoma Trento
2023-12-06,VEN,4351,2067,2284,4351,ITH,ITH3,5,Veneto
2024-01-15,ABR,162,72,90,162,ITF,ITF1,13,Abruzzo
2023-12-14,PAT,272,107,165,272,ITH,ITH2,4,Provincia Autonoma Trento
2023-12-01,BAS,157,83,74,157,ITF,ITF5,17,Basilicata
2024-01-22,FVG,179,76,103,179,ITH,ITH4,6,Friuli-Venezia Giulia
2024-01-04,MOL,18,14,4,18,ITF,ITF2,14,Molise
2023-11-04,LIG,127,60,67,127,ITC,ITC3,7,Liguria
2023-12-07,MAR,32,15,17,32,ITI,ITI3,11,Marche
2023-10-24,CAL,45,28,17,45,ITF,ITF6,18,Calabria
2023-12-04,CAL,442,217,225,442,ITF,ITF6,18,Calabria
2024-01-18,UMB,194,91,103,194,ITI,ITI2,10,Umbria
2024-01-29,MOL,1,0,1,1,ITF,ITF2,14,Molise
2024-01-20,LOM,621,291,330,621,ITC,ITC4,3,Lombardia
2023-10-24,VDA,165,79,86,165,ITC,ITC2,2,Valle d'Aosta / Vallée d'Aoste
2024-01-25,LIG,318,149,169,318,ITC,ITC3,7,Liguria
2023-11-08,MAR,105,41,64,105,ITI,ITI3,11,Marche
2023-11-24,UMB,927,435,492,927,ITI,ITI2,10,Umbria
2023-09-29,SAR,1,1,0,1,ITG,ITG2,20,Sardegna
2023-10-09,CAM,59,36,23,59,ITF,ITF3,15,Campania
2024-01-29,MAR,47,21,26,47,ITI,ITI3,11,Marche
2023-12-23,SIC,167,88,79,167,ITG,ITG1,19,Sicilia
2023-10-03,LOM,167,75,92,167,ITC,ITC4,3,Lombardia
2023-11-19,PUG,31,15,16,31,ITF,ITF4,16,Puglia
2024-01-20,FVG,19,7,12,19,ITH,ITH4,6,Friuli-Venezia Giulia
2023-10-19,LIG,171,81,90,171,ITC,ITC3,7,Liguria
2023-12-08,PIE,113,52,61,113,ITC,ITC1,1,Piemonte
2023-11-18,ABR,102,57,45,102,ITF,ITF1,13,Abruzzo
2023-11-26,FVG,41,16,25,41,ITH,ITH4,6,Friuli-Venezia Giulia
2023-11-19,VEN,96,41,55,96,ITH,ITH3,5,Veneto
2023-10-17,SIC,21,11,10,21,ITG,ITG1,19,Sicilia
2023-10-28,PAB,7,2,5,7,ITH,ITH1,4,Provincia Autonoma Bolzano / Bozen
2024-01-23,PAB,11,5,6,11,ITH,ITH1,4,Provincia Autonoma Bolzano / Bozen
2024-01-13,BAS,26,13,13,26,ITF,ITF5,17,Basilicata
2023-10-22,PAT,1,0,1,1,ITH,ITH2,4,Provincia Autonoma Trento
2023-10-14,UMB,6,3,3,6,ITI,ITI2,10,Umbria
2023-12-07,VDA,45,20,25,45,ITC,ITC2,2,Valle d'Aosta / Vallée d'Aoste
2024-02-04,PIE,5,3,2,5,ITC,ITC1,1,Piemonte
2024-01-01,LOM,25,12,13,25,ITC,ITC4,3,Lombardia
2024-01-19,MOL,34,24,10,34,ITF,ITF2,14,Molise
2023-12-24,CAM,3,1,2,3,ITF,ITF3,15,Campania
2023-10-01,MAR,1,1,0,1,ITI,ITI3,11,Marche
2023-10-29,CAM,2,0,2,2,ITF,ITF3,15,Campania
2024-01-07,FVG,1,0,1,1,ITH,ITH4,6,Friuli-Venezia Giulia
2023-10-15,EMR,1,0,1,1,ITH,ITH5,8,Emilia-Romagna
2023-10-04,ABR,2,1,1,2,ITF,ITF1,13,Abruzzo
2023-09-26,EMR,2,2,0,2,ITH,ITH5,8,Emilia-Romagna
2024-02-15,LOM,213,73,140,213,ITC,ITC4,3,Lombardia
2023-12-20,LAZ,5971,2916,3055,5971,ITI,ITI4,12,Lazio
2024-01-27,PIE,244,129,115,244,ITC,ITC1,1,Piemonte
2023-10-24,VEN,741,285,456,741,ITH,ITH3,5,Veneto
2024-01-15,CAM,290,158,132,290,ITF,ITF3,15,Campania
2024-01-11,TOS,1349,625,724,1349,ITI,ITI1,9,Toscana
2024-01-22,EMR,406,203,203,406,ITH,ITH5,8,Emilia-Romagna
2023-10-26,PIE,1528,741,787,1528,ITC,ITC1,1,Piemonte
2023-10-17,LAZ,432,232,200,432,ITI,ITI4,12,Lazio
2023-12-30,LOM,1666,818,848,1666,ITC,ITC4,3,Lombardia
2023-11-07,VDA,100,45,55,100,ITC,ITC2,2,Valle d'Aosta / Vallée d'Aoste
2023-10-14,CAM,41,15,26,41,ITF,ITF3,15,Campania
2023-11-16,FVG,1190,575,615,1190,ITH,ITH4,6,Friuli-Venezia Giulia
2023-11-30,LOM,10542,5027,5515,10542,ITC,ITC4,3,Lombardia
2023-12-01,LOM,10376,4832,5544,10376,ITC,ITC4,3,Lombardia
2023-11-06,SAR,313,148,165,313,ITG,ITG2,20,Sardegna
2023-10-27,CAM,280,149,131,280,ITF,ITF3,15,Campania
2024-01-24,TOS,420,179,241,420,ITI,ITI1,9,Toscana
2024-02-10,LIG,17,6,11,17,ITC,ITC3,7,Liguria
2024-01-23,FVG,316,145,171,316,ITH,ITH4,6,Friuli-Venezia Giulia
2024-01-11,PUG,929,471,458,929,ITF,ITF4,16,Puglia
2023-11-20,LAZ,1577,803,774,1577,ITI,ITI4,12,Lazio
2023-11-28,UMB,751,374,377,751,ITI,ITI2,10,Umbria
2024-01-30,SIC,98,47,51,98,ITG,ITG1,19,Sicilia
2023-11-30,PAB,545,263,282,545,ITH,ITH1,4,Provincia Autonoma Bolzano / Bozen
2023-11-17,UMB,675,338,337,675,ITI,ITI2,10,Umbria
2024-02-14,LOM,232,84,148,232,ITC,ITC4,3,Lombardia
2023-11-30,VEN,4003,1971,2032,4003,ITH,ITH3,5,Veneto
2023-11-06,PAB,164,76,88,164,ITH,ITH1,4,Provincia Autonoma Bolzano / Bozen
2024-01-22,VEN,340,163,177,340,ITH,ITH3,5,Veneto
2023-11-19,UMB,20,11,9,20,ITI,ITI2,10,Umbria
2023-12-29,PAB,15,4,11,15,ITH,ITH1,4,Provincia Autonoma Bolzano / Bozen
2024-01-08,MAR,144,81,63,144,ITI,ITI3,11,Marche
2023-10-04,TOS,274,153,121,274,ITI,ITI1,9,Toscana
2024-02-07,MOL,11,2,9,11,ITF,ITF2,14,Molise
2023-11-05,FVG,11,7,4,11,ITH,ITH4,6,Friuli-Venezia Giulia
2023-11-06,UMB,333,157,176,333,ITI,ITI2,10,Umbria
2023-10-06,FVG,152,81,71,152,ITH,ITH4,6,Friuli-Venezia Giulia
2023-11-03,FVG,712,352,360,712,ITH,ITH4,6,Friuli-Venezia Giulia
2024-01-02,LIG,213,104,109,213,ITC,ITC3,7,Liguria
2023-10-14,PUG,11,4,7,11,ITF,ITF4,16,Puglia
2023-11-02,VEN,1822,811,1011,1822,ITH,ITH3,5,Veneto
2023-12-14,PIE,3694,1802,1892,3694,ITC,ITC1,1,Piemonte
2023-12-29,UMB,367,169,198,367,ITI,ITI2,10,Umbria
2023-12-16,FVG,329,156,173,329,ITH,ITH4,6,Friuli-Venezia Giulia
2023-11-02,EMR,4150,1985,2165,4150,ITH,ITH5,8,Emilia-Romagna
2023-10-30,CAM,373,214,159,373,ITF,ITF3,15,Campania
2024-01-06,PUG,52,36,16,52,ITF,ITF4,16,Puglia
2023-10-30,PUG,946,455,491,946,ITF,ITF4,16,Puglia
2023-12-31,LOM,75,25,50,75,ITC,ITC4,3,Lombardia
2023-10-28,CAL,12,7,5,12,ITF,ITF6,18,Calabria
2023-10-17,TOS,652,295,357,652,ITI,ITI1,9,Toscana
2023-11-06,LOM,4363,2058,2305,4363,ITC,ITC4,3,Lombardia
2023-12-26,TOS,7,3,4,7,ITI,ITI1,9,Toscana
2023-12-02,UMB,173,83,90,173,ITI,ITI2,10,Umbria
2024-01-13,SIC,92,55,37,92,ITG,ITG1,19,Sicilia
2023-11-24,PUG,2224,1106,1118,2224,ITF,ITF4,16,Puglia
2023-12-15,PAB,238,104,134,238,ITH,ITH1,4,Provincia Autonoma Bolzano / Bozen
2023-11-03,LOM,9093,4312,4781,9093,ITC,ITC4,3,Lombardia
2023-10-20,FVG,572,289,283,572,ITH,ITH4,6,Friuli-Venezia Giulia
2023-12-07,PAT,401,173,228,401,ITH,ITH2,4,Provincia Autonoma Trento
2023-12-15,LIG,1572,722,850,1572,ITC,ITC3,7,Liguria
2023-10-30,PAT,341,176,165,341,ITH,ITH2,4,Provincia Autonoma Trento
2023-12-04,EMR,3755,1841,1914,3755,ITH,ITH5,8,Emilia-Romagna
2023-10-21,LOM,3487,1751,1736,3487,ITC,ITC4,3,Lombardia
2023-11-24,PAT,193,90,103,193,ITH,ITH2,4,Provincia Autonoma Trento
2023-12-16,LOM,8299,4020,4279,8299,ITC,ITC4,3,Lombardia
2023-10-19,PIE,576,282,294,576,ITC,ITC1,1,Piemonte
2023-11-28,PAB,529,268,261,529,ITH,ITH1,4,Provincia Autonoma Bolzano / Bozen
2024-01-18,MOL,8,1,7,8,ITF,ITF2,14,Molise
2024-02-02,LAZ,222,104,118,222,ITI,ITI4,12,Lazio
2024-01-21,UMB,6,4,2,6,ITI,ITI2,10,Umbria
2023-12-19,PAB,252,117,135,252,ITH,ITH1,4,Provincia Autonoma Bolzano / Bozen
2024-01-07,EMR,75,38,37,75,ITH,ITH5,8,Emilia-Romagna
2023-10-26,CAL,21,8,13,21,ITF,ITF6,18,Calabria
2024-01-23,CAL,61,37,24,61,ITF,ITF6,18,Calabria
2024-02-08,TOS,175,82,93,175,ITI,ITI1,9,Toscana
2023-11-18,TOS,2456,1219,1237,2456,ITI,ITI1,9,Toscana
2024-01-17,UMB,345,164,181,345,ITI,ITI2,10,Umbria
2023-11-16,CAL,130,71,59,130,ITF,ITF6,18,Calabria
2023-12-02,LIG,414,193,221,414,ITC,ITC3,7,Liguria
2024-01-19,LOM,1632,728,904,1632,ITC,ITC4,3,Lombardia
2023-10-12,PUG,86,62,24,86,ITF,ITF4,16,Puglia
2023-12-18,VDA,13,5,8,13,ITC,ITC2,2,Valle d'Aosta / Vallée d'Aoste
2023-11-13,VDA,63,31,32,63,ITC,ITC2,2,Valle d'Aosta / Vallée d'Aoste
2023-12-04,VEN,2708,1316,1392,2708,ITH,ITH3,5,Veneto
2023-12-06,FVG,1421,669,752,1421,ITH,ITH4,6,Friuli-Venezia Giulia
2024-01-26,MAR,103,49,54,103,ITI,ITI3,11,Marche
2023-11-11,TOS,2476,1132,1344,2476,ITI,ITI1,9,Toscana
2023-12-09,EMR,724,347,377,724,ITH,ITH5,8,Emilia-Romagna
2023-12-07,PUG,1762,929,833,1762,ITF,ITF4,16,Puglia
2024-01-05,TOS,1149,577,572,1149,ITI,ITI1,9,Toscana
2023-09-29,CAM,11,6,5,11,ITF,ITF3,15,Campania
2023-11-14,UMB,655,319,336,655,ITI,ITI2,10,Umbria
2023-12-06,ABR,412,199,213,412,ITF,ITF1,13,Abruzzo
2023-11-02,PAB,345,158,187,345,ITH,ITH1,4,Provincia Autonoma Bolzano / Bozen
2023-10-24,EMR,3624,1721,1903,3624,ITH,ITH5,8,Emilia-Romagna
2023-11-10,EMR,7724,3762,3962,7724,ITH,ITH5,8,Emilia-Romagna
2023-12-19,VEN,4239,2054,2185,4239,ITH,ITH3,5,Veneto
2023-12-18,MAR,674,352,322,674,ITI,ITI3,11,Marche
2024-01-13,LIG,217,105,112,217,ITC,ITC3,7,Liguria
2023-11-08,CAL,111,72,39,111,ITF,ITF6,18,Calabria
2023-12-23,UMB,132,64,68,132,ITI,ITI2,10,Umbria
2023-12-30,CAM,223,130,93,223,ITF,ITF3,15,Campania
2023-11-10,PAB,271,131,140,271,ITH,ITH1,4,Provincia Autonoma Bolzano / Bozen
2023-12-14,CAL,615,351,264,615,ITF,ITF6,18,Calabria
2024-01-07,VEN,5,2,3,5,ITH,ITH3,5,Veneto
2023-11-21,PAT,551,252,299,551,ITH,ITH2,4,Provincia Autonoma Trento
2023-10-31,UMB,282,136,146,282,ITI,ITI2,10,Umbria
2024-01-11,PAT,55,29,26,55,ITH,ITH2,4,Provincia Autonoma Trento
2024-02-01,EMR,177,89,88,177,ITH,ITH5,8,Emilia-Romagna
2024-01-12,CAM,588,306,282,588,ITF,ITF3,15,Campania
2023-12-12,LOM,10565,5063,5502,10565,ITC,ITC4,3,Lombardia
2024-02-05,LIG,74,33,41,74,ITC,ITC3,7,Liguria
2023-11-21,PUG,1859,894,965,1859,ITF,ITF4,16,Puglia
2024-01-16,VEN,1028,504,524,1028,ITH,ITH3,5,Veneto
2023-11-17,ABR,368,186,182,368,ITF,ITF1,13,Abruzzo
2023-11-08,SAR,292,155,137,292,ITG,ITG2,20,Sardegna
2023-11-28,LOM,10774,4980,5794,10774,ITC,ITC4,3,Lombardia
2023-10-28,FVG,779,403,376,779,ITH,ITH4,6,Friuli-Venezia Giulia
2023-12-09,VEN,680,320,360,680,ITH,ITH3,5,Veneto
2023-12-16,CAL,200,97,103,200,ITF,ITF6,18,Calabria
2023-12-05,MOL,68,38,30,68,ITF,ITF2,14,Molise
2023-10-25,VDA,306,139,167,306,ITC,ITC2,2,Valle d'Aosta / Vallée d'Aoste
2024-01-09,LIG,956,440,516,956,ITC,ITC3,7,Liguria
2023-10-31,PAB,550,258,292,550,ITH,ITH1,4,Provincia Autonoma Bolzano / Bozen
2023-10-23,PAT,145,75,70,145,ITH,ITH2,4,Provincia Autonoma Trento
2023-10-14,VEN,1,1,0,1,ITH,ITH3,5,Veneto
2023-11-21,TOS,5028,2287,2741,5028,ITI,ITI1,9,Toscana
2023-11-24,VEN,3696,1871,1825,3696,ITH,ITH3,5,Veneto
2023-11-10,VEN,2794,1346,1448,2794,ITH,ITH3,5,Veneto
2023-10-05,LIG,61,18,43,61,ITC,ITC3,7,Liguria
2023-11-29,LAZ,4035,1948,2087,4035,ITI,ITI4,12,Lazio
2024-01-16,EMR,1128,529,599,1128,ITH,ITH5,8,Emilia-Romagna
2023-10-23,PUG,858,424,434,858,ITF,ITF4,16,Puglia
2023-11-07,MAR,752,362,390,752,ITI,ITI3,11,Marche
2023-12-19,EMR,4722,2302,2420,4722,ITH,ITH5,8,Emilia-Romagna
2024-02-01,VEN,136,52,84,136,ITH,ITH3,5,Veneto
2024-02-15,VEN,45,22,23,45,ITH,ITH3,5,Veneto
2023-10-23,CAM,306,167,139,306,ITF,ITF3,15,Campania
2024-01-28,CAM,7,1,6,7,ITF,ITF3,15,Campania
2024-02-04,LOM,17,5,12,17,ITC,ITC4,3,Lombardia
2023-10-11,EMR,54,17,37,54,ITH,ITH5,8,Emilia-Romagna
2023-10-19,MOL,55,18,37,55,ITF,ITF2,14,Molise
2023-11-25,VDA,102,49,53,102,ITC,ITC2,2,Valle d'Aosta / Vallée d'Aoste
2023-12-10,CAM,26,10,16,26,ITF,ITF3,15,Campania
2024-01-27,BAS,10,3,7,10,ITF,ITF5,17,Basilicata
2023-11-27,PAB,36,21,15,36,ITH,ITH1,4,Provincia Autonoma Bolzano / Bozen
2023-10-16,SIC,8,5,3,8,ITG,ITG1,19,Sicilia
2024-01-06,CAM,8,5,3,8,ITF,ITF3,15,Campania
2023-12-02,PAB,1,1,0,1,ITH,ITH1,4,Provincia Autonoma Bolzano / Bozen
2023-10-04,PAT,11,7,4,11,ITH,ITH2,4,Provincia Autonoma Trento
2024-01-14,BAS,28,17,11,28,ITF,ITF5,17,Basilicata
2024-02-03,MAR,2,1,1,2,ITI,ITI3,11,Marche
2024-01-31,MOL,2,0,2,2,ITF,ITF2,14,Molise
2023-10-02,EMR,1,0,1,1,ITH,ITH5,8,Emilia-Romagna
2024-01-16,PUG,582,282,300,582,ITF,ITF4,16,Puglia
2024-01-15,FVG,299,127,172,299,ITH,ITH4,6,Friuli-Venezia Giulia
2024-02-01,FVG,116,58,58,116,ITH,ITH4,6,Friuli-Venezia Giulia
2023-10-28,VEN,880,432,448,880,ITH,ITH3,5,Veneto
2023-12-09,PAT,30,20,10,30,ITH,ITH2,4,Provincia Autonoma Trento
2023-12-11,EMR,3489,1768,1721,3489,ITH,ITH5,8,Emilia-Romagna
2023-12-09,PUG,222,108,114,222,ITF,ITF4,16,Puglia
2023-12-08,CAM,30,17,13,30,ITF,ITF3,15,Campania
2024-02-09,CAM,51,27,24,51,ITF,ITF3,15,Campania
2023-11-30,FVG,1206,553,653,1206,ITH,ITH4,6,Friuli-Venezia Giulia
2024-01-03,PAT,163,73,90,163,ITH,ITH2,4,Provincia Autonoma Trento
2023-10-20,LOM,5934,2930,3004,5934,ITC,ITC4,3,Lombardia
2023-11-03,TOS,5929,2797,3132,5929,ITI,ITI1,9,Toscana
2024-01-03,PUG,895,466,429,895,ITF,ITF4,16,Puglia
2024-01-05,EMR,890,463,427,890,ITH,ITH5,8,Emilia-Romagna
2023-11-14,SIC,257,130,127,257,ITG,ITG1,19,Sicilia
2024-01-16,PAT,154,69,85,154,ITH,ITH2,4,Provincia Autonoma Trento
2023-12-17,VEN,4468,2363,2105,4468,ITH,ITH3,5,Veneto
2024-01-26,SIC,179,103,76,179,ITG,ITG1,19,Sicilia
2023-10-16,ABR,80,48,32,80,ITF,ITF1,13,Abruzzo
2024-01-16,FVG,509,260,249,509,ITH,ITH4,6,Friuli-Venezia Giulia
2023-10-16,VDA,104,50,54,104,ITC,ITC2,2,Valle d'Aosta / Vallée d'Aoste
2023-11-13,ABR,264,127,137,264,ITF,ITF1,13,Abruzzo
2023-10-16,EMR,725,316,409,725,ITH,ITH5,8,Emilia-Romagna
2023-11-10,ABR,240,123,117,240,ITF,ITF1,13,Abruzzo
2023-12-22,BAS,416,219,197,416,ITF,ITF5,17,Basilicata
2023-12-24,TOS,48,23,25,48,ITI,ITI1,9,Toscana
2023-12-08,LIG,14,9,5,14,ITC,ITC3,7,Liguria
2023-11-18,FVG,329,168,161,329,ITH,ITH4,6,Friuli-Venezia Giulia
2023-11-08,LAZ,2271,1084,1187,2271,ITI,ITI4,12,Lazio
2023-10-30,CAL,59,30,29,59,ITF,ITF6,18,Calabria
2023-12-03,FVG,8,2,6,8,ITH,ITH4,6,Friuli-Venezia Giulia
2023-10-20,VEN,489,235,254,489,ITH,ITH3,5,Veneto
2023-12-15,SAR,996,500,496,996,ITG,ITG2,20,Sardegna
2023-10-26,LIG,841,416,425,841,ITC,ITC3,7,Liguria
2023-11-03,SAR,217,112,105,217,ITG,ITG2,20,Sardegna
2023-11-27,CAM,408,232,176,408,ITF,ITF3,15,Campania
2023-10-24,FVG,675,347,328,675,ITH,ITH4,6,Friuli-Venezia Giulia
2023-12-03,VEN,208,108,100,208,ITH,ITH3,5,Veneto
2024-01-18,ABR,164,81,83,164,ITF,ITF1,13,Abruzzo
2024-02-08,CAL,19,7,12,19,ITF,ITF6,18,Calabria
2023-10-05,LOM,362,191,171,362,ITC,ITC4,3,Lombardia
2023-12-02,TOS,1512,733,779,1512,ITI,ITI1,9,Toscana
2023-12-01,VDA,135,68,67,135,ITC,ITC2,2,Valle d'Aosta / Vallée d'Aoste
2023-12-20,ABR,533,271,262,533,ITF,ITF1,13,Abruzzo
2024-02-05,VEN,100,37,63,100,ITH,ITH3,5,Veneto
2024-01-15,PUG,487,233,254,487,ITF,ITF4,16,Puglia
2023-11-27,LIG,325,167,158,325,ITC,ITC3,7,Liguria
2023-11-04,CAL,38,21,17,38,ITF,ITF6,18,Calabria
2023-12-08,LOM,441,217,224,441,ITC,ITC4,3,Lombardia
2024-02-02,FVG,73,37,36,73,ITH,ITH4,6,Friuli-Venezia Giulia
2023-12-09,FVG,140,67,73,140,ITH,ITH4,6,Friuli-Venezia Giulia
2023-12-25,LAZ,11,8,3,11,ITI,ITI4,12,Lazio
2024-02-14,UMB,23,14,9,23,ITI,ITI2,10,Umbria
2023-10-20,CAL,6,4,2,6,ITF,ITF6,18,Calabria
2024-02-14,PIE,67,40,27,67,ITC,ITC1,1,Piemonte
2024-02-09,LIG,33,14,19,33,ITC,ITC3,7,Liguria
2023-12-12,PAB,332,165,167,332,ITH,ITH1,4,Provincia Autonoma Bolzano / Bozen
2023-12-10,SIC,59,31,28,59,ITG,ITG1,19,Sicilia
2024-01-15,PAT,60,28,32,60,ITH,ITH2,4,Provincia Autonoma Trento
2023-12-06,EMR,5250,2583,2667,5250,ITH,ITH5,8,Emilia-Romagna
2024-01-20,SIC,59,29,30,59,ITG,ITG1,19,Sicilia
2024-01-19,UMB,108,46,62,108,ITI,ITI2,10,Umbria
2023-12-11,LOM,9410,4585,4825,9410,ITC,ITC4,3,Lombardia
2024-01-11,LAZ,2569,1208,1361,2569,ITI,ITI4,12,Lazio
2024-01-24,PAB,6,0,6,6,ITH,ITH1,4,Provincia Autonoma Bolzano / Bozen
2023-10-21,UMB,24,13,11,24,ITI,ITI2,10,Umbria
2024-01-01,VEN,2,0,2,2,ITH,ITH3,5,Veneto
2023-10-04,LAZ,16,9,7,16,ITI,ITI4,12,Lazio
2023-10-29,FVG,9,4,5,9,ITH,ITH4,6,Friuli-Venezia Giulia
2024-01-12,PAB,34,13,21,34,ITH,ITH1,4,Provincia Autonoma Bolzano / Bozen
2024-01-06,TOS,6,3,3,6,ITI,ITI1,9,Toscana
2023-10-29,PAT,1,0,1,1,ITH,ITH2,4,Provincia Autonoma Trento
2023-10-21,PAB,3,0,3,3,ITH,ITH1,4,Provincia Autonoma Bolzano / Bozen
2024-01-19,PAB,8,5,3,8,ITH,ITH1,4,Provincia Autonoma Bolzano / Bozen
2023-12-26,FVG,18,6,12,18,ITH,ITH4,6,Friuli-Venezia Giulia
2023-11-03,UMB,549,291,258,549,ITI,ITI2,10,Umbria
2023-11-22,LIG,1153,559,594,1153,ITC,ITC3,7,Liguria
2023-12-03,UMB,9,3,6,9,ITI,ITI2,10,Umbria
2023-11-22,LOM,10490,4940,5550,10490,ITC,ITC4,3,Lombardia
2023-12-18,SIC,679,365,314,679,ITG,ITG1,19,Sicilia
2023-12-18,FVG,782,358,424,782,ITH,ITH4,6,Friuli-Venezia Giulia
2023-10-23,LOM,7555,3752,3803,7555,ITC,ITC4,3,Lombardia
2023-10-06,PIE,31,18,13,31,ITC,ITC1,1,Piemonte
2023-12-30,UMB,31,13,18,31,ITI,ITI2,10,Umbria
2023-10-11,LIG,53,14,39,53,ITC,ITC3,7,Liguria
2023-11-03,PIE,2433,1209,1224,2433,ITC,ITC1,1,Piemonte
2024-01-10,VDA,61,31,30,61,ITC,ITC2,2,Valle d'Aosta / Vallée d'Aoste
2023-10-26,VEN,1009,465,544,1009,ITH,ITH3,5,Veneto
2023-11-03,ABR,202,97,105,202,ITF,ITF1,13,Abruzzo
2023-11-20,PAT,417,192,225,417,ITH,ITH2,4,Provincia Autonoma Trento
2024-01-10,SIC,529,288,241,529,ITG,ITG1,19,Sicilia
2023-12-07,LOM,8313,4028,4285,8313,ITC,ITC4,3,Lombardia
2023-10-19,EMR,1950,969,981,1950,ITH,ITH5,8,Emilia-Romagna
2023-10-30,ABR,131,68,63,131,ITF,ITF1,13,Abruzzo
2023-11-22,PIE,3057,1445,1612,3057,ITC,ITC1,1,Piemonte
2024-01-04,TOS,1335,623,712,1335,ITI,ITI1,9,Toscana
2023-11-15,PUG,2113,1048,1065,2113,ITF,ITF4,16,Puglia
2023-11-15,CAM,427,243,184,427,ITF,ITF3,15,Campania
2023-11-24,LOM,10920,5097,5823,10920,ITC,ITC4,3,Lombardia
2023-11-15,PAT,544,277,267,544,ITH,ITH2,4,Provincia Autonoma Trento
2023-12-21,PIE,3967,1947,2020,3967,ITC,ITC1,1,Piemonte
2023-12-06,PIE,3063,1446,1617,3063,ITC,ITC1,1,Piemonte
2024-02-10,LAZ,19,6,13,19,ITI,ITI4,12,Lazio
2023-11-16,BAS,37,17,20,37,ITF,ITF5,17,Basilicata
2023-12-16,BAS,174,93,81,174,ITF,ITF5,17,Basilicata
2023-11-23,UMB,825,399,426,825,ITI,ITI2,10,Umbria
2024-01-31,VEN,151,67,84,151,ITH,ITH3,5,Veneto
2023-12-01,ABR,337,177,160,337,ITF,ITF1,13,Abruzzo
2024-01-03,VDA,75,38,37,75,ITC,ITC2,2,Valle d'Aosta / Vallée d'Aoste
2023-11-20,PUG,1170,600,570,1170,ITF,ITF4,16,Puglia
2023-11-08,MOL,111,65,46,111,ITF,ITF2,14,Molise
2023-10-05,LAZ,47,24,23,47,ITI,ITI4,12,Lazio
2023-11-26,PUG,22,11,11,22,ITF,ITF4,16,Puglia
2024-01-23,BAS,68,37,31,68,ITF,ITF5,17,Basilicata
2024-01-31,PAB,34,10,24,34,ITH,ITH1,4,Provincia Autonoma Bolzano / Bozen
2023-10-14,LOM,9,3,6,9,ITC,ITC4,3,Lombardia
2023-09-28,TOS,1,0,1,1,ITI,ITI1,9,Toscana
2024-02-14,CAL,4,1,3,4,ITF,ITF6,18,Calabria
2023-12-10,UMB,2,0,2,2,ITI,ITI2,10,Umbria
2024-01-05,VDA,5,1,4,5,ITC,ITC2,2,Valle d'Aosta / Vallée d'Aoste
2024-02-07,VDA,6,4,2,6,ITC,ITC2,2,Valle d'Aosta / Vallée d'Aoste
2024-01-01,CAM,3,3,0,3,ITF,ITF3,15,Campania
2023-10-06,PUG,13,8,5,13,ITF,ITF4,16,Puglia
2024-01-01,PUG,1,1,0,1,ITF,ITF4,16,Puglia
2023-10-09,MAR,6,1,5,6,ITI,ITI3,11,Marche
2024-01-06,ABR,2,1,1,2,ITF,ITF1,13,Abruzzo
2024-01-20,PUG,94,37,57,94,ITF,ITF4,16,Puglia
2024-01-11,FVG,574,273,301,574,ITH,ITH4,6,Friuli-Venezia Giulia
2023-12-13,PUG,3496,1780,1716,3496,ITF,ITF4,16,Puglia
2023-11-22,CAL,224,120,104,224,ITF,ITF6,18,Calabria
2024-01-12,ABR,147,78,69,147,ITF,ITF1,13,Abruzzo
2023-12-03,LAZ,85,42,43,85,ITI,ITI4,12,Lazio
2024-01-29,PUG,95,49,46,95,ITF,ITF4,16,Puglia
2023-11-29,TOS,6325,2970,3355,6325,ITI,ITI1,9,Toscana
2024-01-02,LAZ,1345,624,721,1345,ITI,ITI4,12,Lazio
2023-11-21,FVG,1196,577,619,1196,ITH,ITH4,6,Friuli-Venezia Giulia
2023-12-22,PAT,357,179,178,357,ITH,ITH2,4,Provincia Autonoma Trento
2024-01-03,MAR,181,88,93,181,ITI,ITI3,11,Marche
2023-10-19,SIC,42,25,17,42,ITG,ITG1,19,Sicilia
2023-12-09,PAB,6,2,4,6,ITH,ITH1,4,Provincia Autonoma Bolzano / Bozen
2023-12-22,PUG,2498,1301,1197,2498,ITF,ITF4,16,Puglia
2023-12-21,CAL,652,362,290,652,ITF,ITF6,18,Calabria
2023-10-22,LAZ,42,21,21,42,ITI,ITI4,12,Lazio
2023-10-11,PAB,474,257,217,474,ITH,ITH1,4,Provincia Autonoma Bolzano / Bozen
2024-01-15,UMB,113,55,58,113,ITI,ITI2,10,Umbria
2023-11-09,CAM,410,228,182,410,ITF,ITF3,15,Campania
2023-12-13,PAT,443,212,231,443,ITH,ITH2,4,Provincia Autonoma Trento
2023-11-16,CAM,503,266,237,503,ITF,ITF3,15,Campania
2023-11-28,SAR,553,265,288,553,ITG,ITG2,20,Sardegna
2024-02-12,LAZ,131,58,73,131,ITI,ITI4,12,Lazio
2023-11-21,LOM,9478,4410,5068,9478,ITC,ITC4,3,Lombardia
2023-11-17,PIE,3111,1507,1604,3111,ITC,ITC1,1,Piemonte
2024-01-28,LOM,72,40,32,72,ITC,ITC4,3,Lombardia
2023-12-11,CAM,894,484,410,894,ITF,ITF3,15,Campania
2024-02-02,TOS,149,64,85,149,ITI,ITI1,9,Toscana
2023-10-29,LAZ,26,11,15,26,ITI,ITI4,12,Lazio
2024-02-14,ABR,9,6,3,9,ITF,ITF1,13,Abruzzo
2024-01-20,TOS,77,33,44,77,ITI,ITI1,9,Toscana
2023-11-30,UMB,812,405,407,812,ITI,ITI2,10,Umbria
2023-10-24,PAB,688,334,354,688,ITH,ITH1,4,Provincia Autonoma Bolzano / Bozen
2024-02-07,MAR,1,0,1,1,ITI,ITI3,11,Marche
2024-01-10,MAR,241,113,128,241,ITI,ITI3,11,Marche
2023-10-19,VEN,208,85,123,208,ITH,ITH3,5,Veneto
2023-12-04,PAB,105,52,53,105,ITH,ITH1,4,Provincia Autonoma Bolzano / Bozen
2024-01-24,VDA,16,9,7,16,ITC,ITC2,2,Valle d'Aosta / Vallée d'Aoste
2023-11-11,CAL,45,22,23,45,ITF,ITF6,18,Calabria
2023-12-16,PIE,2148,1104,1044,2148,ITC,ITC1,1,Piemonte
2024-01-12,PIE,1607,784,823,1607,ITC,ITC1,1,Piemonte
2023-11-17,SAR,491,242,249,491,ITG,ITG2,20,Sardegna
2024-01-12,SAR,754,384,370,754,ITG,ITG2,20,Sardegna
2024-01-31,LIG,243,102,141,243,ITC,ITC3,7,Liguria
2023-12-29,SAR,351,170,181,351,ITG,ITG2,20,Sardegna
2023-12-24,PUG,37,23,14,37,ITF,ITF4,16,Puglia
2023-10-18,MOL,27,14,13,27,ITF,ITF2,14,Molise
2023-10-20,CAM,191,104,87,191,ITF,ITF3,15,Campania
2024-01-18,LIG,600,265,335,600,ITC,ITC3,7,Liguria
2023-10-10,SAR,54,32,22,54,ITG,ITG2,20,Sardegna
2023-12-26,VDA,6,4,2,6,ITC,ITC2,2,Valle d'Aosta / Vallée d'Aoste
2024-01-06,LOM,33,15,18,33,ITC,ITC4,3,Lombardia
2023-10-23,SAR,128,69,59,128,ITG,ITG2,20,Sardegna
2023-11-14,LAZ,2294,1116,1178,2294,ITI,ITI4,12,Lazio
2023-12-11,PAT,652,319,333,652,ITH,ITH2,4,Provincia Autonoma Trento
2024-01-27,VEN,109,49,60,109,ITH,ITH3,5,Veneto
2023-10-04,LOM,287,138,149,287,ITC,ITC4,3,Lombardia
2023-12-01,FVG,1055,487,568,1055,ITH,ITH4,6,Friuli-Venezia Giulia
2023-11-19,MAR,6,1,5,6,ITI,ITI3,11,Marche
2023-10-12,CAM,233,130,103,233,ITF,ITF3,15,Campania
2023-12-14,BAS,331,172,159,331,ITF,ITF5,17,Basilicata
2024-01-14,VEN,18,8,10,18,ITH,ITH3,5,Veneto
2023-10-31,SAR,183,81,102,183,ITG,ITG2,20,Sardegna
2023-10-07,TOS,241,137,104,241,ITI,ITI1,9,Toscana
2023-12-06,BAS,183,95,88,183,ITF,ITF5,17,Basilicata
2023-12-06,CAL,355,205,150,355,ITF,ITF6,18,Calabria
2023-11-21,CAM,412,217,195,412,ITF,ITF3,15,Campania
2024-01-31,PIE,310,156,154,310,ITC,ITC1,1,Piemonte
2023-12-12,CAM,1423,761,662,1423,ITF,ITF3,15,Campania
2023-11-24,VDA,126,67,59,126,ITC,ITC2,2,Valle d'Aosta / Vallée d'Aoste
2023-12-13,MAR,127,47,80,127,ITI,ITI3,11,Marche
2023-10-26,UMB,127,60,67,127,ITI,ITI2,10,Umbria
2024-01-20,MAR,71,39,32,71,ITI,ITI3,11,Marche
2024-01-19,FVG,269,131,138,269,ITH,ITH4,6,Friuli-Venezia Giulia
2024-02-10,TOS,41,19,22,41,ITI,ITI1,9,Toscana
2023-12-21,FVG,1065,517,548,1065,ITH,ITH4,6,Friuli-Venezia Giulia
2023-11-09,PAT,738,386,352,738,ITH,ITH2,4,Provincia Autonoma Trento
2024-01-24,CAM,194,101,93,194,ITF,ITF3,15,Campania
2024-01-02,PIE,877,444,433,877,ITC,ITC1,1,Piemonte
2023-11-09,PUG,1587,842,745,1587,ITF,ITF4,16,Puglia
2023-11-21,PIE,2900,1342,1558,2900,ITC,ITC1,1,Piemonte
2023-11-14,MAR,700,365,335,700,ITI,ITI3,11,Marche
2023-11-22,FVG,1089,519,570,1089,ITH,ITH4,6,Friuli-Venezia Giulia
2023-10-19,FVG,307,147,160,307,ITH,ITH4,6,Friuli-Venezia Giulia
2023-11-21,LIG,1693,849,844,1693,ITC,ITC3,7,Liguria
2024-01-10,SAR,595,284,311,595,ITG,ITG2,20,Sardegna
2024-01-19,LIG,329,145,184,329,ITC,ITC3,7,Liguria
2023-12-17,UMB,13,6,7,13,ITI,ITI2,10,Umbria
2023-11-16,MOL,123,57,66,123,ITF,ITF2,14,Molise
2024-01-02,PAB,22,13,9,22,ITH,ITH1,4,Provincia Autonoma Bolzano / Bozen
2024-01-08,EMR,1286,624,662,1286,ITH,ITH5,8,Emilia-Romagna
2023-12-07,LAZ,3612,1726,1886,3612,ITI,ITI4,12,Lazio
2023-11-03,VEN,1366,626,740,1366,ITH,ITH3,5,Veneto
2023-12-15,VEN,3870,1938,1932,3870,ITH,ITH3,5,Veneto
2024-02-09,PIE,184,87,97,184,ITC,ITC1,1,Piemonte
2024-01-10,LOM,3375,1568,1807,3375,ITC,ITC4,3,Lombardia
2024-01-22,MOL,9,4,5,9,ITF,ITF2,14,Molise
2023-10-17,ABR,22,13,9,22,ITF,ITF1,13,Abruzzo
2023-11-28,CAL,197,119,78,197,ITF,ITF6,18,Calabria
2024-01-03,SAR,539,280,259,539,ITG,ITG2,20,Sardegna
2023-11-28,LIG,1115,582,533,1115,ITC,ITC3,7,Liguria
2024-02-07,PIE,231,107,124,231,ITC,ITC1,1,Piemonte
2023-11-07,ABR,272,150,122,272,ITF,ITF1,13,Abruzzo
2024-01-10,VEN,1156,545,611,1156,ITH,ITH3,5,Veneto
2023-11-20,SIC,158,81,77,158,ITG,ITG1,19,Sicilia
2024-02-07,UMB,50,27,23,50,ITI,ITI2,10,Umbria
2023-12-15,CAL,495,277,218,495,ITF,ITF6,18,Calabria
2023-10-12,MAR,29,15,14,29,ITI,ITI3,11,Marche
2023-12-15,LOM,10722,5217,5505,10722,ITC,ITC4,3,Lombardia
2024-01-15,SAR,304,158,146,304,ITG,ITG2,20,Sardegna
2023-12-29,LOM,4619,2113,2506,4619,ITC,ITC4,3,Lombardia
2024-01-25,FVG,327,137,190,327,ITH,ITH4,6,Friuli-Venezia Giulia
2024-01-18,MAR,177,86,91,177,ITI,ITI3,11,Marche
2024-01-16,SAR,369,181,188,369,ITG,ITG2,20,Sardegna
2023-11-03,PAB,307,141,166,307,ITH,ITH1,4,Provincia Autonoma Bolzano / Bozen
2023-10-26,PAB,780,388,392,780,ITH,ITH1,4,Provincia Autonoma Bolzano / Bozen
2024-02-08,LOM,467,229,238,467,ITC,ITC4,3,Lombardia
2023-12-30,EMR,159,69,90,159,ITH,ITH5,8,Emilia-Romagna
2023-10-30,VEN,1335,601,734,1335,ITH,ITH3,5,Veneto
2024-01-15,VEN,565,275,290,565,ITH,ITH3,5,Veneto
2023-11-10,MAR,1015,517,498,1015,ITI,ITI3,11,Marche
2024-01-31,PUG,186,92,94,186,ITF,ITF4,16,Puglia
2024-01-12,TOS,1274,571,703,1274,ITI,ITI1,9,Toscana
2023-11-08,SIC,63,31,32,63,ITG,ITG1,19,Sicilia
2024-02-08,CAM,89,36,53,89,ITF,ITF3,15,Campania
2024-01-03,VEN,675,289,386,675,ITH,ITH3,5,Veneto
2023-12-29,LIG,820,404,416,820,ITC,ITC3,7,Liguria
2023-12-12,LIG,2902,1388,1514,2902,ITC,ITC3,7,Liguria
2023-10-30,SAR,170,94,76,170,ITG,ITG2,20,Sardegna
2024-02-15,FVG,111,53,58,111,ITH,ITH4,6,Friuli-Venezia Giulia
2023-12-29,CAL,248,127,121,248,ITF,ITF6,18,Calabria
2024-01-27,MAR,34,13,21,34,ITI,ITI3,11,Marche
2023-10-13,MOL,9,7,2,9,ITF,ITF2,14,Molise
2024-02-08,LIG,183,87,96,183,ITC,ITC3,7,Liguria
2023-11-06,MAR,410,206,204,410,ITI,ITI3,11,Marche
2023-11-25,PIE,1396,717,679,1396,ITC,ITC1,1,Piemonte
2023-11-18,PUG,344,173,171,344,ITF,ITF4,16,Puglia
2024-01-24,LIG,413,166,247,413,ITC,ITC3,7,Liguria
2024-02-02,UMB,28,16,12,28,ITI,ITI2,10,Umbria
2024-01-19,SAR,246,121,125,246,ITG,ITG2,20,Sardegna
2023-12-26,PAT,39,19,20,39,ITH,ITH2,4,Provincia Autonoma Trento
2023-12-26,PUG,7,6,1,7,ITF,ITF4,16,Puglia
2023-12-08,CAL,6,2,4,6,ITF,ITF6,18,Calabria
2023-10-12,ABR,27,14,13,27,ITF,ITF1,13,Abruzzo
2023-11-05,VDA,8,3,5,8,ITC,ITC2,2,Valle d'Aosta / Vallée d'Aoste
2023-11-19,ABR,25,13,12,25,ITF,ITF1,13,Abruzzo
2023-09-26,TOS,15,7,8,15,ITI,ITI1,9,Toscana
2023-10-15,MAR,1,1,0,1,ITI,ITI3,11,Marche
2023-09-29,TOS,3,0,3,3,ITI,ITI1,9,Toscana
2024-02-05,SAR,5,1,4,5,ITG,ITG2,20,Sardegna
2023-11-18,PAT,44,21,23,44,ITH,ITH2,4,Provincia Autonoma Trento
2024-01-05,PAT,54,32,22,54,ITH,ITH2,4,Provincia Autonoma Trento
2024-02-11,PIE,1,1,0,1,ITC,ITC1,1,Piemonte
2023-12-28,MOL,62,35,27,62,ITF,ITF2,14,Molise
2024-01-09,PAB,24,9,15,24,ITH,ITH1,4,Provincia Autonoma Bolzano / Bozen
2023-11-19,LAZ,57,32,25,57,ITI,ITI4,12,Lazio
2024-01-01,EMR,20,10,10,20,ITH,ITH5,8,Emilia-Romagna
2023-10-04,CAM,30,20,10,30,ITF,ITF3,15,Campania
2024-02-03,TOS,8,3,5,8,ITI,ITI1,9,Toscana
2024-01-06,VEN,6,4,2,6,ITH,ITH3,5,Veneto
2023-10-15,LOM,3,2,1,3,ITC,ITC4,3,Lombardia
2023-10-18,UMB,18,9,9,18,ITI,ITI2,10,Umbria
2023-12-25,VDA,1,1,0,1,ITC,ITC2,2,Valle d'Aosta / Vallée d'Aoste
2023-12-26,CAM,3,1,2,3,ITF,ITF3,15,Campania
2023-10-29,PAB,1,0,1,1,ITH,ITH1,4,Provincia Autonoma Bolzano / Bozen
2024-01-30,VDA,1,1,0,1,ITC,ITC2,2,Valle d'Aosta / Vallée d'Aoste
2024-01-01,FVG,1,1,0,1,ITH,ITH4,6,Friuli-Venezia Giulia
2023-09-25,ABR,1,0,1,1,ITF,ITF1,13,Abruzzo
2024-02-09,PAT,3,1,2,3,ITH,ITH2,4,Provincia Autonoma Trento
2023-10-03,SAR,6,1,5,6,ITG,ITG2,20,Sardegna
2024-02-04,CAL,1,1,0,1,ITF,ITF6,18,Calabria
2024-01-16,UMB,136,57,79,136,ITI,ITI2,10,Umbria
2024-01-05,MAR,246,129,117,246,ITI,ITI3,11,Marche
2023-10-16,LIG,141,43,98,141,ITC,ITC3,7,Liguria
2024-01-09,LAZ,2415,1154,1261,2415,ITI,ITI4,12,Lazio
2023-10-26,EMR,4245,2014,2231,4245,ITH,ITH5,8,Emilia-Romagna
2024-01-11,LOM,2907,1332,1575,2907,ITC,ITC4,3,Lombardia
2023-10-04,FVG,43,24,19,43,ITH,ITH4,6,Friuli-Venezia Giulia
2023-10-20,PUG,770,400,370,770,ITF,ITF4,16,Puglia
2024-01-11,CAL,181,86,95,181,ITF,ITF6,18,Calabria
2023-11-21,CAL,341,192,149,341,ITF,ITF6,18,Calabria
2023-10-17,FVG,396,203,193,396,ITH,ITH4,6,Friuli-Venezia Giulia
2023-10-27,UMB,390,193,197,390,ITI,ITI2,10,Umbria
2023-10-20,PAT,346,160,186,346,ITH,ITH2,4,Provincia Autonoma Trento
2024-01-17,SAR,611,313,298,611,ITG,ITG2,20,Sardegna
2023-12-01,CAL,157,91,66,157,ITF,ITF6,18,Calabria
2023-11-11,FVG,818,383,435,818,ITH,ITH4,6,Friuli-Venezia Giulia
2024-01-31,EMR,417,177,240,417,ITH,ITH5,8,Emilia-Romagna
2023-12-16,ABR,182,91,91,182,ITF,ITF1,13,Abruzzo
2023-10-30,LOM,8290,3965,4325,8290,ITC,ITC4,3,Lombardia
2024-01-29,TOS,234,110,124,234,ITI,ITI1,9,Toscana
2024-02-12,TOS,55,24,31,55,ITI,ITI1,9,Toscana
2023-10-21,ABR,36,17,19,36,ITF,ITF1,13,Abruzzo
2023-10-02,LOM,145,63,82,145,ITC,ITC4,3,Lombardia
2023-12-09,UMB,157,84,73,157,ITI,ITI2,10,Umbria
2023-11-01,ABR,1,0,1,1,ITF,ITF1,13,Abruzzo
2024-01-15,PAB,6,4,2,6,ITH,ITH1,4,Provincia Autonoma Bolzano / Bozen
2023-10-09,MOL,10,6,4,10,ITF,ITF2,14,Molise
2023-12-03,TOS,29,9,20,29,ITI,ITI1,9,Toscana
2024-02-03,SIC,24,12,12,24,ITG,ITG1,19,Sicilia
2024-01-08,VDA,6,4,2,6,ITC,ITC2,2,Valle d'Aosta / Vallée d'Aoste
2024-01-29,PAT,21,7,14,21,ITH,ITH2,4,Provincia Autonoma Trento
2024-02-13,VDA,1,0,1,1,ITC,ITC2,2,Valle d'Aosta / Vallée d'Aoste
2023-12-25,PUG,4,1,3,4,ITF,ITF4,16,Puglia
2023-10-15,PAB,8,4,4,8,ITH,ITH1,4,Provincia Autonoma Bolzano / Bozen
2024-01-25,PAB,7,4,3,7,ITH,ITH1,4,Provincia Autonoma Bolzano / Bozen
2023-11-01,UMB,15,8,7,15,ITI,ITI2,10,Umbria
2023-12-25,ABR,1,1,0,1,ITF,ITF1,13,Abruzzo
2023-12-25,CAL,1,1,0,1,ITF,ITF6,18,Calabria
2023-10-22,CAM,3,1,2,3,ITF,ITF3,15,Campania
2023-11-23,VEN,3514,1782,1732,3514,ITH,ITH3,5,Veneto
2023-11-10,PIE,3358,1628,1730,3358,ITC,ITC1,1,Piemonte
2023-12-28,LAZ,3550,1758,1792,3550,ITI,ITI4,12,Lazio
2024-01-20,PIE,274,134,140,274,ITC,ITC1,1,Piemonte
2024-02-14,VEN,122,54,68,122,ITH,ITH3,5,Veneto
2023-11-12,LOM,1025,488,537,1025,ITC,ITC4,3,Lombardia
2024-01-19,SIC,375,184,191,375,ITG,ITG1,19,Sicilia
2024-01-30,MAR,70,33,37,70,ITI,ITI3,11,Marche
2024-01-18,PIE,986,474,512,986,ITC,ITC1,1,Piemonte
2023-12-16,PAT,1278,607,671,1278,ITH,ITH2,4,Provincia Autonoma Trento
2023-11-18,CAL,34,21,13,34,ITF,ITF6,18,Calabria
2023-12-19,VDA,44,21,23,44,ITC,ITC2,2,Valle d'Aosta / Vallée d'Aoste
2024-01-24,LAZ,853,375,478,853,ITI,ITI4,12,Lazio
2023-10-24,MAR,572,298,274,572,ITI,ITI3,11,Marche
2023-11-29,LIG,1373,662,711,1373,ITC,ITC3,7,Liguria
2023-12-22,SAR,606,313,293,606,ITG,ITG2,20,Sardegna
2023-12-27,LAZ,2231,1105,1126,2231,ITI,ITI4,12,Lazio
2023-11-06,CAM,337,195,142,337,ITF,ITF3,15,Campania
2023-12-05,TOS,4300,1980,2320,4300,ITI,ITI1,9,Toscana
2023-10-21,PAT,65,35,30,65,ITH,ITH2,4,Provincia Autonoma Trento
2023-12-03,CAL,3,2,1,3,ITF,ITF6,18,Calabria
2023-10-23,MOL,37,14,23,37,ITF,ITF2,14,Molise
2023-11-05,PAB,6,2,4,6,ITH,ITH1,4,Provincia Autonoma Bolzano / Bozen
2024-01-07,BAS,9,4,5,9,ITF,ITF5,17,Basilicata
2024-01-11,MOL,7,2,5,7,ITF,ITF2,14,Molise
2023-11-10,BAS,12,6,6,12,ITF,ITF5,17,Basilicata
2024-01-20,BAS,20,8,12,20,ITF,ITF5,17,Basilicata
2024-01-07,PIE,4,1,3,4,ITC,ITC1,1,Piemonte
2024-01-30,MOL,1,0,1,1,ITF,ITF2,14,Molise
2024-01-28,MAR,4,2,2,4,ITI,ITI3,11,Marche
2023-12-08,BAS,19,10,9,19,ITF,ITF5,17,Basilicata
2024-01-14,FVG,2,1,1,2,ITH,ITH4,6,Friuli-Venezia Giulia
2023-11-26,BAS,3,2,1,3,ITF,ITF5,17,Basilicata
2023-12-24,ABR,1,1,0,1,ITF,ITF1,13,Abruzzo
2023-12-31,PUG,1,0,1,1,ITF,ITF4,16,Puglia
2024-02-07,PAT,3,2,1,3,ITH,ITH2,4,Provincia Autonoma Trento
2023-11-26,VDA,3,0,3,3,ITC,ITC2,2,Valle d'Aosta / Vallée d'Aoste
