data,area,totale,m,f,d,N1,N2,ISTAT,reg
2023-11-25,FVG,668,350,318,668,ITH,ITH4,6,Friuli-Venezia Giulia
2023-12-05,PAT,581,265,316,581,ITH,ITH2,4,Provincia Autonoma Trento
2024-01-09,SAR,834,433,401,834,ITG,ITG2,20,Sardegna
2023-12-21,BAS,454,261,193,454,ITF,ITF5,17,Basilicata
2024-01-08,SIC,346,183,163,346,ITG,ITG1,19,Sicilia
2023-11-15,SAR,585,306,279,585,ITG,ITG2,20,Sardegna
2023-11-13,BAS,20,11,9,20,ITF,ITF5,17,Basilicata
2024-01-24,MAR,115,55,60,115,ITI,ITI3,11,Marche
2023-12-07,PIE,3448,1642,1806,3448,ITC,ITC1,1,Piemonte
2023-12-07,UMB,515,264,251,515,ITI,ITI2,10,Umbria
2024-01-02,FVG,431,222,209,431,ITH,ITH4,6,Friuli-Venezia Giulia
2023-11-24,MOL,37,23,14,37,ITF,ITF2,14,Molise
2023-10-30,VDA,102,55,47,102,ITC,ITC2,2,Valle d'Aosta / Vallée d'Aoste
2023-12-15,VDA,123,61,62,123,ITC,ITC2,2,Valle d'Aosta / Vallée d'Aoste
2023-11-08,PIE,3148,1534,1614,3148,ITC,ITC1,1,Piemonte
2023-12-16,TOS,1192,594,598,1192,ITI,ITI1,9,Toscana
2023-11-17,CAM,477,261,216,477,ITF,ITF3,15,Campania
2024-01-03,SIC,473,262,211,473,ITG,ITG1,19,Sicilia
2024-01-24,LOM,943,392,551,943,ITC,ITC4,3,Lombardia
2023-12-04,LIG,836,393,443,836,ITC,ITC3,7,Liguria
2024-01-04,ABR,171,79,92,171,ITF,ITF1,13,Abruzzo
2023-10-10,LIG,61,16,45,61,ITC,ITC3,7,Liguria
2023-11-22,BAS,49,25,24,49,ITF,ITF5,17,Basilicata
2023-10-04,SAR,24,10,14,24,ITG,ITG2,20,Sardegna
2024-01-24,ABR,42,16,26,42,ITF,ITF1,13,Abruzzo
2023-12-28,CAM,921,500,421,921,ITF,ITF3,15,Campania
2023-11-22,ABR,259,148,111,259,ITF,ITF1,13,Abruzzo
2024-01-17,CAL,146,63,83,146,ITF,ITF6,18,Calabria
2023-12-29,MAR,976,514,462,976,ITI,ITI3,11,Marche
2023-10-21,EMR,1057,514,543,1057,ITH,ITH5,8,Emilia-Romagna
2023-11-30,BAS,137,81,56,137,ITF,ITF5,17,Basilicata
2024-01-16,SIC,255,132,123,255,ITG,ITG1,19,Sicilia
2023-12-19,UMB,538,279,259,538,ITI,ITI2,10,Umbria
2024-01-11,PAB,40,15,25,40,ITH,ITH1,4,Provincia Autonoma Bolzano / Bozen
2023-12-26,SIC,6,3,3,6,ITG,ITG1,19,Sicilia
2023-11-27,EMR,3633,1718,1915,3633,ITH,ITH5,8,Emilia-Romagna
2023-12-02,VEN,1898,955,943,1898,ITH,ITH3,5,Veneto
2023-11-17,LOM,9069,4180,4889,9069,ITC,ITC4,3,Lombardia
2023-12-04,PIE,2030,943,1087,2030,ITC,ITC1,1,Piemonte
2024-01-17,LIG,597,276,321,597,ITC,ITC3,7,Liguria
2023-10-25,LOM,9672,4641,5031,9672,ITC,ITC4,3,Lombardia
2023-11-15,VEN,3103,1437,1666,3103,ITH,ITH3,5,Veneto
2024-01-12,FVG,594,253,341,594,ITH,ITH4,6,Friuli-Venezia Giulia
2023-11-06,SIC,55,28,27,55,ITG,ITG1,19,Sicilia
2024-01-11,UMB,263,108,155,263,ITI,ITI2,10,Umbria
2024-01-09,VEN,1411,716,695,1411,ITH,ITH3,5,Veneto
2023-11-30,SIC,317,168,149,317,ITG,ITG1,19,Sicilia
2024-01-23,PUG,247,121,126,247,ITF,ITF4,16,Puglia
2023-11-27,VDA,69,34,35,69,ITC,ITC2,2,Valle d'Aosta / Vallée d'Aoste
2023-10-15,TOS,15,9,6,15,ITI,ITI1,9,Toscana
2023-10-20,VDA,149,71,78,149,ITC,ITC2,2,Valle d'Aosta / Vallée d'Aoste
2023-12-29,VDA,5,5,0,5,ITC,ITC2,2,Valle d'Aosta / Vallée d'Aoste
2023-12-26,BAS,6,3,3,6,ITF,ITF5,17,Basilicata
2024-01-11,VEN,1142,588,554,1142,ITH,ITH3,5,Veneto
2023-12-23,CAM,150,79,71,150,ITF,ITF3,15,Campania
2023-12-02,FVG,693,342,351,693,ITH,ITH4,6,Friuli-Venezia Giulia
2024-01-11,SAR,647,325,322,647,ITG,ITG2,20,Sardegna
2024-01-19,ABR,117,59,58,117,ITF,ITF1,13,Abruzzo
2024-01-12,UMB,317,154,163,317,ITI,ITI2,10,Umbria
2023-12-12,EMR,5157,2526,2631,5157,ITH,ITH5,8,Emilia-Romagna
2023-11-14,TOS,4793,2166,2627,4793,ITI,ITI1,9,Toscana
2023-12-30,SIC,116,62,54,116,ITG,ITG1,19,Sicilia
2023-09-29,LIG,86,27,59,86,ITC,ITC3,7,Liguria
2023-11-28,MAR,13,3,10,13,ITI,ITI3,11,Marche
2023-12-22,PIE,3391,1804,1587,3391,ITC,ITC1,1,Piemonte
2024-01-17,CAM,403,213,190,403,ITF,ITF3,15,Campania
2023-11-09,EMR,7820,3778,4042,7820,ITH,ITH5,8,Emilia-Romagna
2023-12-18,PIE,2548,1258,1290,2548,ITC,ITC1,1,Piemonte
2023-10-11,PIE,136,70,66,136,ITC,ITC1,1,Piemonte
2023-12-31,CAM,17,8,9,17,ITF,ITF3,15,Campania
2023-10-15,LAZ,61,26,35,61,ITI,ITI4,12,Lazio
2023-11-01,LAZ,25,11,14,25,ITI,ITI4,12,Lazio
2023-10-25,LIG,624,294,330,624,ITC,ITC3,7,Liguria
2023-11-16,PAT,660,334,326,660,ITH,ITH2,4,Provincia Autonoma Trento
2023-10-13,PAT,54,24,30,54,ITH,ITH2,4,Provincia Autonoma Trento
2024-01-20,LAZ,1226,575,651,1226,ITI,ITI4,12,Lazio
2024-01-09,PUG,685,357,328,685,ITF,ITF4,16,Puglia
2023-12-23,LIG,283,156,127,283,ITC,ITC3,7,Liguria
2023-11-06,LAZ,1550,783,767,1550,ITI,ITI4,12,Lazio
2024-01-23,PAT,67,27,40,67,ITH,ITH2,4,Provincia Autonoma Trento
2023-10-18,SAR,167,86,81,167,ITG,ITG2,20,Sardegna
2023-10-25,FVG,687,332,355,687,ITH,ITH4,6,Friuli-Venezia Giulia
2023-10-20,MAR,519,270,249,519,ITI,ITI3,11,Marche
2023-10-03,LAZ,56,28,28,56,ITI,ITI4,12,Lazio
2023-10-26,ABR,216,118,98,216,ITF,ITF1,13,Abruzzo
2023-11-28,ABR,465,216,249,465,ITF,ITF1,13,Abruzzo
2023-10-18,VEN,240,65,175,240,ITH,ITH3,5,Veneto
2023-11-16,PUG,1952,997,955,1952,ITF,ITF4,16,Puglia
2024-01-21,LAZ,727,342,385,727,ITI,ITI4,12,Lazio
2023-12-07,PAB,272,124,148,272,ITH,ITH1,4,Provincia Autonoma Bolzano / Bozen
2023-12-15,MAR,1067,517,550,1067,ITI,ITI3,11,Marche
2023-12-27,CAM,828,455,373,828,ITF,ITF3,15,Campania
2023-12-12,ABR,504,254,250,504,ITF,ITF1,13,Abruzzo
2024-01-09,PAT,204,97,107,204,ITH,ITH2,4,Provincia Autonoma Trento
2023-10-27,PIE,2149,1043,1106,2149,ITC,ITC1,1,Piemonte
2023-11-21,VDA,70,29,41,70,ITC,ITC2,2,Valle d'Aosta / Vallée d'Aoste
2023-11-21,ABR,338,189,149,338,ITF,ITF1,13,Abruzzo
2023-11-11,VEN,2404,1207,1197,2404,ITH,ITH3,5,Veneto
2024-01-04,MAR,273,147,126,273,ITI,ITI3,11,Marche
2023-12-23,PIE,1104,576,528,1104,ITC,ITC1,1,Piemonte
2023-11-20,TOS,4094,1886,2208,4094,ITI,ITI1,9,Toscana
2023-11-18,BAS,25,9,16,25,ITF,ITF5,17,Basilicata
2023-10-29,SIC,3,2,1,3,ITG,ITG1,19,Sicilia
2023-11-02,MOL,32,16,16,32,ITF,ITF2,14,Molise
2023-10-31,LAZ,1479,731,748,1479,ITI,ITI4,12,Lazio
2023-10-18,LOM,5862,2954,2908,5862,ITC,ITC4,3,Lombardia
2023-11-25,LOM,220,104,116,220,ITC,ITC4,3,Lombardia
2023-12-07,TOS,5019,2360,2659,5019,ITI,ITI1,9,Toscana
2023-12-29,ABR,307,171,136,307,ITF,ITF1,13,Abruzzo
2023-11-17,CAL,93,44,49,93,ITF,ITF6,18,Calabria
2023-10-13,FVG,40,18,22,40,ITH,ITH4,6,Friuli-Venezia Giulia
2023-10-10,CAM,64,39,25,64,ITF,ITF3,15,Campania
2023-12-13,LAZ,4986,2378,2608,4986,ITI,ITI4,12,Lazio
2023-11-29,CAM,646,352,294,646,ITF,ITF3,15,Campania
2024-01-15,TOS,385,183,202,385,ITI,ITI1,9,Toscana
2023-12-13,PAB,212,92,120,212,ITH,ITH1,4,Provincia Autonoma Bolzano / Bozen
2023-11-20,MOL,102,59,43,102,ITF,ITF2,14,Molise
2023-10-06,LIG,61,21,40,61,ITC,ITC3,7,Liguria
2023-12-11,MOL,179,108,71,179,ITF,ITF2,14,Molise
2023-11-20,UMB,374,185,189,374,ITI,ITI2,10,Umbria
2023-12-27,SAR,292,150,142,292,ITG,ITG2,20,Sardegna
2024-01-08,CAL,108,62,46,108,ITF,ITF6,18,Calabria
2023-12-28,UMB,437,212,225,437,ITI,ITI2,10,Umbria
2024-01-15,LAZ,1802,874,928,1802,ITI,ITI4,12,Lazio
2023-11-20,SAR,401,207,194,401,ITG,ITG2,20,Sardegna
2023-11-30,TOS,7335,3455,3880,7335,ITI,ITI1,9,Toscana
2023-12-09,MAR,193,98,95,193,ITI,ITI3,11,Marche
2023-10-24,SIC,86,50,36,86,ITG,ITG1,19,Sicilia
2023-12-16,MOL,563,292,271,563,ITF,ITF2,14,Molise
2023-12-24,EMR,31,17,14,31,ITH,ITH5,8,Emilia-Romagna
2023-12-22,PAB,25,13,12,25,ITH,ITH1,4,Provincia Autonoma Bolzano / Bozen
2024-01-19,MAR,152,82,70,152,ITI,ITI3,11,Marche
2024-01-12,MAR,310,157,153,310,ITI,ITI3,11,Marche
2023-11-17,MAR,62,32,30,62,ITI,ITI3,11,Marche
2023-11-10,PUG,1932,1015,917,1932,ITF,ITF4,16,Puglia
2023-11-15,UMB,909,473,436,909,ITI,ITI2,10,Umbria
2023-12-06,LAZ,4919,2326,2593,4919,ITI,ITI4,12,Lazio
2023-10-19,TOS,2348,1117,1231,2348,ITI,ITI1,9,Toscana
2023-10-16,CAL,17,11,6,17,ITF,ITF6,18,Calabria
2023-10-18,VDA,149,70,79,149,ITC,ITC2,2,Valle d'Aosta / Vallée d'Aoste
2023-12-13,VEN,4333,2147,2186,4333,ITH,ITH3,5,Veneto
2023-11-04,LOM,5671,2725,2946,5671,ITC,ITC4,3,Lombardia
2024-01-05,CAM,534,297,237,534,ITF,ITF3,15,Campania
2023-11-10,PAT,589,270,319,589,ITH,ITH2,4,Provincia Autonoma Trento
2023-12-05,FVG,1103,518,585,1103,ITH,ITH4,6,Friuli-Venezia Giulia
2023-12-27,UMB,1695,917,778,1695,ITI,ITI2,10,Umbria
2023-11-17,VDA,162,74,88,162,ITC,ITC2,2,Valle d'Aosta / Vallée d'Aoste
2024-01-16,LAZ,2148,1000,1148,2148,ITI,ITI4,12,Lazio
2023-12-27,VEN,1139,544,595,1139,ITH,ITH3,5,Veneto
2023-12-28,PIE,2157,1040,1117,2157,ITC,ITC1,1,Piemonte
2024-01-05,CAL,124,71,53,124,ITF,ITF6,18,Calabria
2023-10-27,LIG,615,256,359,615,ITC,ITC3,7,Liguria
2024-01-13,PIE,573,305,268,573,ITC,ITC1,1,Piemonte
2023-12-12,MAR,764,383,381,764,ITI,ITI3,11,Marche
2023-10-23,SIC,38,22,16,38,ITG,ITG1,19,Sicilia
2023-10-22,PIE,8,3,5,8,ITC,ITC1,1,Piemonte
2023-11-25,BAS,76,36,40,76,ITF,ITF5,17,Basilicata
2023-10-31,TOS,2478,1109,1369,2478,ITI,ITI1,9,Toscana
2023-10-16,PUG,283,146,137,283,ITF,ITF4,16,Puglia
2023-11-23,LAZ,2411,1245,1166,2411,ITI,ITI4,12,Lazio
2023-11-22,MOL,143,80,63,143,ITF,ITF2,14,Molise
2023-10-03,TOS,132,64,68,132,ITI,ITI1,9,Toscana
2023-11-25,ABR,73,32,41,73,ITF,ITF1,13,Abruzzo
2023-12-14,TOS,7071,3331,3740,7071,ITI,ITI1,9,Toscana
2024-01-18,PUG,579,275,304,579,ITF,ITF4,16,Puglia
2024-01-25,PIE,507,240,267,507,ITC,ITC1,1,Piemonte
2023-11-23,TOS,8128,3840,4288,8128,ITI,ITI1,9,Toscana
2023-11-06,TOS,3928,1898,2030,3928,ITI,ITI1,9,Toscana
2024-01-25,UMB,82,39,43,82,ITI,ITI2,10,Umbria
2023-11-01,UMB,15,8,7,15,ITI,ITI2,10,Umbria
2024-01-20,SAR,224,104,120,224,ITG,ITG2,20,Sardegna
2023-12-13,SAR,1177,615,562,1177,ITG,ITG2,20,Sardegna
2023-10-24,LAZ,1006,518,488,1006,ITI,ITI4,12,Lazio
2023-12-20,VEN,4183,2015,2168,4183,ITH,ITH3,5,Veneto
2023-12-18,UMB,303,145,158,303,ITI,ITI2,10,Umbria
2023-12-09,LAZ,960,470,490,960,ITI,ITI4,12,Lazio
2023-11-07,CAL,114,68,46,114,ITF,ITF6,18,Calabria
2024-01-24,EMR,739,353,386,739,ITH,ITH5,8,Emilia-Romagna
2024-01-13,CAM,143,70,73,143,ITF,ITF3,15,Campania
2024-01-18,PAT,70,26,44,70,ITH,ITH2,4,Provincia Autonoma Trento
2023-12-18,MOL,238,128,110,238,ITF,ITF2,14,Molise
2023-12-31,TOS,46,22,24,46,ITI,ITI1,9,Toscana
2024-01-05,LOM,2279,1087,1192,2279,ITC,ITC4,3,Lombardia
2023-11-15,PAB,575,290,285,575,ITH,ITH1,4,Provincia Autonoma Bolzano / Bozen
2023-11-20,VEN,2393,1195,1198,2393,ITH,ITH3,5,Veneto
2023-12-22,EMR,3684,1910,1774,3684,ITH,ITH5,8,Emilia-Romagna
2024-01-09,CAL,246,130,116,246,ITF,ITF6,18,Calabria
2023-10-25,ABR,189,92,97,189,ITF,ITF1,13,Abruzzo
2023-11-14,FVG,1416,716,700,1416,ITH,ITH4,6,Friuli-Venezia Giulia
2023-12-13,UMB,1005,491,514,1005,ITI,ITI2,10,Umbria
2023-12-08,EMR,146,59,87,146,ITH,ITH5,8,Emilia-Romagna
2023-12-01,MOL,126,74,52,126,ITF,ITF2,14,Molise
2023-12-28,LOM,5253,2499,2754,5253,ITC,ITC4,3,Lombardia
2023-11-03,MAR,830,430,400,830,ITI,ITI3,11,Marche
2023-11-07,VEN,1958,866,1092,1958,ITH,ITH3,5,Veneto
2023-10-13,LOM,521,203,318,521,ITC,ITC4,3,Lombardia
2023-11-10,TOS,6814,3221,3593,6814,ITI,ITI1,9,Toscana
2023-11-04,EMR,2912,1420,1492,2912,ITH,ITH5,8,Emilia-Romagna
2023-12-27,PAB,50,29,21,50,ITH,ITH1,4,Provincia Autonoma Bolzano / Bozen
2023-12-28,PAB,6,2,4,6,ITH,ITH1,4,Provincia Autonoma Bolzano / Bozen
2024-01-16,TOS,575,264,311,575,ITI,ITI1,9,Toscana
2023-12-06,SIC,484,255,229,484,ITG,ITG1,19,Sicilia
2023-12-30,TOS,393,206,187,393,ITI,ITI1,9,Toscana
2023-11-02,PAT,515,259,256,515,ITH,ITH2,4,Provincia Autonoma Trento
2023-09-29,VDA,6,2,4,6,ITC,ITC2,2,Valle d'Aosta / Vallée d'Aoste
2023-12-20,BAS,543,274,269,543,ITF,ITF5,17,Basilicata
2024-01-09,LOM,3229,1490,1739,3229,ITC,ITC4,3,Lombardia
2023-12-20,SAR,1098,552,546,1098,ITG,ITG2,20,Sardegna
2023-12-21,SIC,1234,660,574,1234,ITG,ITG1,19,Sicilia
2023-12-18,EMR,3565,1784,1781,3565,ITH,ITH5,8,Emilia-Romagna
2024-01-20,VEN,248,113,135,248,ITH,ITH3,5,Veneto
2023-10-20,MOL,35,13,22,35,ITF,ITF2,14,Molise
2023-11-26,VEN,64,30,34,64,ITH,ITH3,5,Veneto
2024-01-02,BAS,116,60,56,116,ITF,ITF5,17,Basilicata
2023-10-16,PIE,189,110,79,189,ITC,ITC1,1,Piemonte
2023-12-04,VDA,16,7,9,16,ITC,ITC2,2,Valle d'Aosta / Vallée d'Aoste
2024-01-15,VDA,5,3,2,5,ITC,ITC2,2,Valle d'Aosta / Vallée d'Aoste
2023-12-07,SAR,928,489,439,928,ITG,ITG2,20,Sardegna
2023-12-07,VEN,3274,1589,1685,3274,ITH,ITH3,5,Veneto
2023-11-15,LIG,1036,523,513,1036,ITC,ITC3,7,Liguria
2023-11-16,LIG,1034,517,517,1034,ITC,ITC3,7,Liguria
2023-10-09,TOS,490,257,233,490,ITI,ITI1,9,Toscana
2024-01-23,LIG,461,203,258,461,ITC,ITC3,7,Liguria
2023-12-07,EMR,3585,1690,1895,3585,ITH,ITH5,8,Emilia-Romagna
2024-01-16,MAR,206,103,103,206,ITI,ITI3,11,Marche
2023-11-01,LIG,81,9,72,81,ITC,ITC3,7,Liguria
2023-11-14,VEN,2758,1307,1451,2758,ITH,ITH3,5,Veneto
2023-12-22,LOM,7699,3769,3930,7699,ITC,ITC4,3,Lombardia
2023-12-05,ABR,496,242,254,496,ITF,ITF1,13,Abruzzo
2023-12-05,LOM,10148,4826,5322,10148,ITC,ITC4,3,Lombardia
2023-11-08,FVG,1058,512,546,1058,ITH,ITH4,6,Friuli-Venezia Giulia
2023-10-15,VEN,3,1,2,3,ITH,ITH3,5,Veneto
2023-12-18,PAT,483,243,240,483,ITH,ITH2,4,Provincia Autonoma Trento
2023-10-22,TOS,19,7,12,19,ITI,ITI1,9,Toscana
2023-11-21,BAS,33,18,15,33,ITF,ITF5,17,Basilicata
2023-11-14,CAL,229,146,83,229,ITF,ITF6,18,Calabria
2024-01-17,LOM,1981,911,1070,1981,ITC,ITC4,3,Lombardia
2023-11-09,SIC,142,76,66,142,ITG,ITG1,19,Sicilia
2023-10-11,PUG,217,111,106,217,ITF,ITF4,16,Puglia
2023-12-21,TOS,7279,3645,3634,7279,ITI,ITI1,9,Toscana
2023-12-20,CAM,1758,942,816,1758,ITF,ITF3,15,Campania
2023-10-27,PUG,1019,535,484,1019,ITF,ITF4,16,Puglia
2023-11-04,MAR,394,188,206,394,ITI,ITI3,11,Marche
2023-10-06,TOS,228,103,125,228,ITI,ITI1,9,Toscana
2023-12-07,FVG,934,454,480,934,ITH,ITH4,6,Friuli-Venezia Giulia
2024-01-06,EMR,36,17,19,36,ITH,ITH5,8,Emilia-Romagna
2023-11-12,LAZ,200,90,110,200,ITI,ITI4,12,Lazio
2023-10-17,PIE,384,190,194,384,ITC,ITC1,1,Piemonte
2023-10-09,LAZ,127,80,47,127,ITI,ITI4,12,Lazio
2023-12-14,PAB,132,64,68,132,ITH,ITH1,4,Provincia Autonoma Bolzano / Bozen
2023-12-21,LAZ,4996,2409,2587,4996,ITI,ITI4,12,Lazio
2023-11-29,PUG,2003,971,1032,2003,ITF,ITF4,16,Puglia
2024-01-23,SAR,271,137,134,271,ITG,ITG2,20,Sardegna
2023-11-16,SAR,502,246,256,502,ITG,ITG2,20,Sardegna
2023-11-14,SAR,544,275,269,544,ITG,ITG2,20,Sardegna
2023-11-10,LIG,820,394,426,820,ITC,ITC3,7,Liguria
2023-10-17,CAM,314,180,134,314,ITF,ITF3,15,Campania
2024-01-15,SIC,198,94,104,198,ITG,ITG1,19,Sicilia
2023-10-27,PAT,428,192,236,428,ITH,ITH2,4,Provincia Autonoma Trento
2023-11-19,PIE,153,74,79,153,ITC,ITC1,1,Piemonte
2023-11-06,MOL,86,46,40,86,ITF,ITF2,14,Molise
2023-11-27,ABR,368,180,188,368,ITF,ITF1,13,Abruzzo
2023-11-01,TOS,129,52,77,129,ITI,ITI1,9,Toscana
2023-11-10,CAL,66,31,35,66,ITF,ITF6,18,Calabria
2023-11-05,PIE,68,26,42,68,ITC,ITC1,1,Piemonte
2023-10-18,MAR,393,217,176,393,ITI,ITI3,11,Marche
2023-12-17,SIC,37,13,24,37,ITG,ITG1,19,Sicilia
2023-12-04,FVG,880,416,464,880,ITH,ITH4,6,Friuli-Venezia Giulia
2023-12-22,LIG,1216,609,607,1216,ITC,ITC3,7,Liguria
2023-11-27,BAS,34,18,16,34,ITF,ITF5,17,Basilicata
2023-11-09,LAZ,2287,1081,1206,2287,ITI,ITI4,12,Lazio
2023-11-13,CAM,335,178,157,335,ITF,ITF3,15,Campania
2023-10-10,LOM,582,257,325,582,ITC,ITC4,3,Lombardia
2023-11-18,SIC,33,12,21,33,ITG,ITG1,19,Sicilia
2023-11-23,LIG,1264,639,625,1264,ITC,ITC3,7,Liguria
2023-12-16,UMB,138,62,76,138,ITI,ITI2,10,Umbria
2023-12-10,PUG,98,51,47,98,ITF,ITF4,16,Puglia
2024-01-22,MAR,64,29,35,64,ITI,ITI3,11,Marche
2024-01-20,CAL,8,4,4,8,ITF,ITF6,18,Calabria
2023-11-01,PIE,152,76,76,152,ITC,ITC1,1,Piemonte
2023-11-16,VEN,3459,1689,1770,3459,ITH,ITH3,5,Veneto
2023-11-18,LAZ,1666,813,853,1666,ITI,ITI4,12,Lazio
2023-11-07,LIG,1557,800,757,1557,ITC,ITC3,7,Liguria
2023-12-16,VEN,4857,2441,2416,4857,ITH,ITH3,5,Veneto
2024-01-23,VEN,418,200,218,418,ITH,ITH3,5,Veneto
2023-12-28,LIG,1255,617,638,1255,ITC,ITC3,7,Liguria
2023-12-14,CAM,1428,780,648,1428,ITF,ITF3,15,Campania
2023-10-27,SAR,175,81,94,175,ITG,ITG2,20,Sardegna
2023-12-05,VDA,72,37,35,72,ITC,ITC2,2,Valle d'Aosta / Vallée d'Aoste
2024-01-13,TOS,253,110,143,253,ITI,ITI1,9,Toscana
2023-12-28,CAL,580,319,261,580,ITF,ITF6,18,Calabria
2023-11-10,CAM,325,184,141,325,ITF,ITF3,15,Campania
2023-11-20,CAL,163,78,85,163,ITF,ITF6,18,Calabria
2023-12-02,MAR,2,1,1,2,ITI,ITI3,11,Marche
2023-12-06,TOS,5706,2681,3025,5706,ITI,ITI1,9,Toscana
2024-01-05,PAB,12,5,7,12,ITH,ITH1,4,Provincia Autonoma Bolzano / Bozen
2024-01-08,MOL,75,34,41,75,ITF,ITF2,14,Molise
2023-12-22,CAM,458,248,210,458,ITF,ITF3,15,Campania
2023-12-19,FVG,1250,614,636,1250,ITH,ITH4,6,Friuli-Venezia Giulia
2023-11-15,CAL,230,138,92,230,ITF,ITF6,18,Calabria
2023-11-17,EMR,5834,2782,3052,5834,ITH,ITH5,8,Emilia-Romagna
2024-01-25,TOS,443,196,247,443,ITI,ITI1,9,Toscana
2024-01-13,LAZ,672,326,346,672,ITI,ITI4,12,Lazio
2023-11-29,PAT,396,201,195,396,ITH,ITH2,4,Provincia Autonoma Trento
2023-10-28,MOL,42,12,30,42,ITF,ITF2,14,Molise
2023-11-02,CAL,42,15,27,42,ITF,ITF6,18,Calabria
2023-11-08,PAT,620,277,343,620,ITH,ITH2,4,Provincia Autonoma Trento
2023-12-27,CAL,276,153,123,276,ITF,ITF6,18,Calabria
2023-11-02,CAM,283,143,140,283,ITF,ITF3,15,Campania
2023-11-23,PAB,456,188,268,456,ITH,ITH1,4,Provincia Autonoma Bolzano / Bozen
2023-12-17,LAZ,1773,890,883,1773,ITI,ITI4,12,Lazio
2023-10-23,LAZ,587,275,312,587,ITI,ITI4,12,Lazio
2023-11-11,MAR,349,178,171,349,ITI,ITI3,11,Marche
2023-10-18,ABR,119,65,54,119,ITF,ITF1,13,Abruzzo
2023-11-23,CAM,500,271,229,500,ITF,ITF3,15,Campania
2023-12-30,MOL,2,1,1,2,ITF,ITF2,14,Molise
2023-11-07,CAM,344,206,138,344,ITF,ITF3,15,Campania
2023-11-08,PUG,1684,846,838,1684,ITF,ITF4,16,Puglia
2023-12-14,LIG,2026,926,1100,2026,ITC,ITC3,7,Liguria
2023-12-27,LOM,4993,2461,2532,4993,ITC,ITC4,3,Lombardia
2023-11-02,LOM,9578,4603,4975,9578,ITC,ITC4,3,Lombardia
2023-11-15,LOM,10450,4753,5697,10450,ITC,ITC4,3,Lombardia
2023-11-13,PIE,1954,901,1053,1954,ITC,ITC1,1,Piemonte
2023-11-23,PIE,3203,1480,1723,3203,ITC,ITC1,1,Piemonte
2023-12-23,LOM,2522,1268,1254,2522,ITC,ITC4,3,Lombardia
2023-10-23,TOS,2231,1044,1187,2231,ITI,ITI1,9,Toscana
2023-12-18,PUG,2309,1180,1129,2309,ITF,ITF4,16,Puglia
2023-12-05,EMR,5491,2660,2831,5491,ITH,ITH5,8,Emilia-Romagna
2023-11-12,SIC,22,14,8,22,ITG,ITG1,19,Sicilia
2023-11-30,MOL,110,59,51,110,ITF,ITF2,14,Molise
2023-10-27,VEN,1667,774,893,1667,ITH,ITH3,5,Veneto
2023-11-02,LIG,780,389,391,780,ITC,ITC3,7,Liguria
2023-12-27,LIG,1147,562,585,1147,ITC,ITC3,7,Liguria
2023-12-23,FVG,51,27,24,51,ITH,ITH4,6,Friuli-Venezia Giulia
2023-12-09,SIC,61,33,28,61,ITG,ITG1,19,Sicilia
2023-11-09,BAS,15,12,3,15,ITF,ITF5,17,Basilicata
2023-11-19,CAM,14,5,9,14,ITF,ITF3,15,Campania
2023-11-05,CAM,7,3,4,7,ITF,ITF3,15,Campania
2024-01-07,MAR,9,4,5,9,ITI,ITI3,11,Marche
2023-10-11,TOS,618,294,324,618,ITI,ITI1,9,Toscana
2023-12-18,TOS,2879,1377,1502,2879,ITI,ITI1,9,Toscana
2023-12-04,CAM,676,382,294,676,ITF,ITF3,15,Campania
2023-11-17,LIG,689,350,339,689,ITC,ITC3,7,Liguria
2023-11-26,SIC,29,17,12,29,ITG,ITG1,19,Sicilia
2023-11-21,EMR,5883,2817,3066,5883,ITH,ITH5,8,Emilia-Romagna
2023-11-29,MOL,145,83,62,145,ITF,ITF2,14,Molise
2023-10-06,LAZ,69,40,29,69,ITI,ITI4,12,Lazio
2023-11-30,LAZ,3616,1805,1811,3616,ITI,ITI4,12,Lazio
2023-10-19,LAZ,363,170,193,363,ITI,ITI4,12,Lazio
2023-11-22,VDA,118,54,64,118,ITC,ITC2,2,Valle d'Aosta / Vallée d'Aoste
2023-11-11,UMB,371,172,199,371,ITI,ITI2,10,Umbria
2023-10-28,SIC,10,3,7,10,ITG,ITG1,19,Sicilia
2023-12-11,VDA,19,10,9,19,ITC,ITC2,2,Valle d'Aosta / Vallée d'Aoste
2023-11-28,VDA,77,40,37,77,ITC,ITC2,2,Valle d'Aosta / Vallée d'Aoste
2024-01-14,PAT,1,1,0,1,ITH,ITH2,4,Provincia Autonoma Trento
2023-12-31,PIE,17,8,9,17,ITC,ITC1,1,Piemonte
2023-12-26,LAZ,6,2,4,6,ITI,ITI4,12,Lazio
2024-01-14,PUG,15,9,6,15,ITF,ITF4,16,Puglia
2024-01-06,UMB,13,3,10,13,ITI,ITI2,10,Umbria
2023-12-08,ABR,12,5,7,12,ITF,ITF1,13,Abruzzo
2023-11-26,LAZ,12,4,8,12,ITI,ITI4,12,Lazio
2024-01-23,MOL,5,0,5,5,ITF,ITF2,14,Molise
2024-01-14,CAL,7,6,1,7,ITF,ITF6,18,Calabria
2024-01-21,TOS,1,0,1,1,ITI,ITI1,9,Toscana
2024-01-10,UMB,807,408,399,807,ITI,ITI2,10,Umbria
2024-01-04,VEN,962,465,497,962,ITH,ITH3,5,Veneto
2024-01-06,LAZ,1120,565,555,1120,ITI,ITI4,12,Lazio
2024-01-23,LAZ,860,395,465,860,ITI,ITI4,12,Lazio
2023-11-16,LAZ,2619,1283,1336,2619,ITI,ITI4,12,Lazio
2023-12-22,SIC,889,498,391,889,ITG,ITG1,19,Sicilia
2023-10-27,MAR,910,478,432,910,ITI,ITI3,11,Marche
2023-12-20,UMB,926,486,440,926,ITI,ITI2,10,Umbria
2024-01-12,SIC,460,233,227,460,ITG,ITG1,19,Sicilia
2023-10-19,PAT,318,146,172,318,ITH,ITH2,4,Provincia Autonoma Trento
2023-11-03,LAZ,1720,864,856,1720,ITI,ITI4,12,Lazio
2023-12-28,EMR,1902,920,982,1902,ITH,ITH5,8,Emilia-Romagna
2024-01-19,LAZ,1415,673,742,1415,ITI,ITI4,12,Lazio
2023-11-14,ABR,294,144,150,294,ITF,ITF1,13,Abruzzo
2023-11-13,LIG,394,190,204,394,ITC,ITC3,7,Liguria
2023-10-21,LAZ,442,217,225,442,ITI,ITI4,12,Lazio
2023-11-18,LIG,257,127,130,257,ITC,ITC3,7,Liguria
2024-01-11,MAR,323,163,160,323,ITI,ITI3,11,Marche
2023-11-07,UMB,492,233,259,492,ITI,ITI2,10,Umbria
2023-11-14,PAT,454,226,228,454,ITH,ITH2,4,Provincia Autonoma Trento
2023-11-05,MAR,28,11,17,28,ITI,ITI3,11,Marche
2023-11-12,MOL,16,10,6,16,ITF,ITF2,14,Molise
2023-10-19,PUG,487,261,226,487,ITF,ITF4,16,Puglia
2024-01-13,EMR,495,223,272,495,ITH,ITH5,8,Emilia-Romagna
2023-11-25,MOL,116,61,55,116,ITF,ITF2,14,Molise
2023-12-29,TOS,2092,1009,1083,2092,ITI,ITI1,9,Toscana
2024-01-14,LAZ,627,295,332,627,ITI,ITI4,12,Lazio
2023-10-14,TOS,358,182,176,358,ITI,ITI1,9,Toscana
2023-10-27,LAZ,1377,692,685,1377,ITI,ITI4,12,Lazio
2023-12-27,SIC,580,286,294,580,ITG,ITG1,19,Sicilia
2023-12-02,PIE,1197,604,593,1197,ITC,ITC1,1,Piemonte
2024-01-18,CAM,179,104,75,179,ITF,ITF3,15,Campania
2023-10-03,PUG,10,7,3,10,ITF,ITF4,16,Puglia
2023-11-16,MAR,859,429,430,859,ITI,ITI3,11,Marche
2023-11-21,MOL,47,29,18,47,ITF,ITF2,14,Molise
2024-01-23,MAR,166,78,88,166,ITI,ITI3,11,Marche
2023-12-30,FVG,39,21,18,39,ITH,ITH4,6,Friuli-Venezia Giulia
2024-01-13,LOM,1205,570,635,1205,ITC,ITC4,3,Lombardia
2023-12-17,PIE,416,227,189,416,ITC,ITC1,1,Piemonte
2023-10-31,PAT,448,243,205,448,ITH,ITH2,4,Provincia Autonoma Trento
2024-01-25,EMR,384,176,208,384,ITH,ITH5,8,Emilia-Romagna
2023-11-14,PUG,1869,960,909,1869,ITF,ITF4,16,Puglia
2023-11-27,CAL,212,119,93,212,ITF,ITF6,18,Calabria
2023-10-05,SAR,42,23,19,42,ITG,ITG2,20,Sardegna
2023-11-29,SAR,860,435,425,860,ITG,ITG2,20,Sardegna
2023-12-14,VDA,63,30,33,63,ITC,ITC2,2,Valle d'Aosta / Vallée d'Aoste
2023-11-14,BAS,24,10,14,24,ITF,ITF5,17,Basilicata
2023-12-21,LIG,1833,928,905,1833,ITC,ITC3,7,Liguria
2024-01-08,CAM,402,228,174,402,ITF,ITF3,15,Campania
2024-01-13,VEN,1137,559,578,1137,ITH,ITH3,5,Veneto
2023-12-27,EMR,1261,599,662,1261,ITH,ITH5,8,Emilia-Romagna
2023-12-20,LIG,2358,1112,1246,2358,ITC,ITC3,7,Liguria
2023-10-31,PUG,877,451,426,877,ITF,ITF4,16,Puglia
2024-01-05,ABR,826,434,392,826,ITF,ITF1,13,Abruzzo
2023-10-22,LOM,381,190,191,381,ITC,ITC4,3,Lombardia
2023-10-09,FVG,48,26,22,48,ITH,ITH4,6,Friuli-Venezia Giulia
2023-10-25,MOL,74,40,34,74,ITF,ITF2,14,Molise
2024-01-02,MOL,48,26,22,48,ITF,ITF2,14,Molise
2023-11-16,VDA,121,59,62,121,ITC,ITC2,2,Valle d'Aosta / Vallée d'Aoste
2023-10-12,LIG,126,48,78,126,ITC,ITC3,7,Liguria
2023-11-18,PAB,9,2,7,9,ITH,ITH1,4,Provincia Autonoma Bolzano / Bozen
2024-01-21,ABR,2,1,1,2,ITF,ITF1,13,Abruzzo
2023-10-26,LAZ,841,412,429,841,ITI,ITI4,12,Lazio
2023-10-09,LOM,380,153,227,380,ITC,ITC4,3,Lombardia
2023-11-09,LIG,1058,530,528,1058,ITC,ITC3,7,Liguria
2023-10-16,CAM,166,94,72,166,ITF,ITF3,15,Campania
2024-01-22,TOS,271,126,145,271,ITI,ITI1,9,Toscana
2023-12-31,FVG,1,0,1,1,ITH,ITH4,6,Friuli-Venezia Giulia
2023-12-15,PUG,3712,1829,1883,3712,ITF,ITF4,16,Puglia
2024-01-18,CAL,81,45,36,81,ITF,ITF6,18,Calabria
2023-11-18,UMB,235,120,115,235,ITI,ITI2,10,Umbria
2023-11-07,PAB,552,279,273,552,ITH,ITH1,4,Provincia Autonoma Bolzano / Bozen
2023-11-15,MAR,779,384,395,779,ITI,ITI3,11,Marche
2023-11-23,FVG,1257,584,673,1257,ITH,ITH4,6,Friuli-Venezia Giulia
2023-11-06,FVG,950,421,529,950,ITH,ITH4,6,Friuli-Venezia Giulia
2023-11-29,VEN,4599,2179,2420,4599,ITH,ITH3,5,Veneto
2024-01-12,LAZ,1999,941,1058,1999,ITI,ITI4,12,Lazio
2023-11-28,PUG,1895,969,926,1895,ITF,ITF4,16,Puglia
2023-10-17,PAB,494,251,243,494,ITH,ITH1,4,Provincia Autonoma Bolzano / Bozen
2023-10-17,LIG,350,149,201,350,ITC,ITC3,7,Liguria
2023-11-28,PAT,465,212,253,465,ITH,ITH2,4,Provincia Autonoma Trento
2023-12-20,PAB,494,273,221,494,ITH,ITH1,4,Provincia Autonoma Bolzano / Bozen
2023-10-11,FVG,72,36,36,72,ITH,ITH4,6,Friuli-Venezia Giulia
2023-11-29,LOM,10734,5100,5634,10734,ITC,ITC4,3,Lombardia
2023-12-14,MAR,1116,556,560,1116,ITI,ITI3,11,Marche
2024-01-03,UMB,218,108,110,218,ITI,ITI2,10,Umbria
2024-01-01,SIC,3,2,1,3,ITG,ITG1,19,Sicilia
2023-11-15,SIC,208,113,95,208,ITG,ITG1,19,Sicilia
2023-11-08,CAM,407,228,179,407,ITF,ITF3,15,Campania
2023-12-09,ABR,84,38,46,84,ITF,ITF1,13,Abruzzo
2023-12-07,VDA,45,20,25,45,ITC,ITC2,2,Valle d'Aosta / Vallée d'Aoste
2023-10-05,TOS,421,224,197,421,ITI,ITI1,9,Toscana
2023-11-16,UMB,797,384,413,797,ITI,ITI2,10,Umbria
2023-12-13,LOM,11331,5504,5827,11331,ITC,ITC4,3,Lombardia
2023-11-09,MAR,1167,542,625,1167,ITI,ITI3,11,Marche
2023-12-08,FVG,593,309,284,593,ITH,ITH4,6,Friuli-Venezia Giulia
2023-11-16,TOS,9032,4154,4878,9032,ITI,ITI1,9,Toscana
2024-01-24,FVG,209,115,94,209,ITH,ITH4,6,Friuli-Venezia Giulia
2023-11-09,ABR,330,178,152,330,ITF,ITF1,13,Abruzzo
2023-10-16,SAR,125,63,62,125,ITG,ITG2,20,Sardegna
2023-12-11,SAR,851,432,419,851,ITG,ITG2,20,Sardegna
2023-10-06,LOM,240,99,141,240,ITC,ITC4,3,Lombardia
2024-01-17,SIC,306,147,159,306,ITG,ITG1,19,Sicilia
2023-11-03,EMR,5506,2631,2875,5506,ITH,ITH5,8,Emilia-Romagna
2023-12-21,CAM,1816,1036,780,1816,ITF,ITF3,15,Campania
2023-12-03,EMR,259,113,146,259,ITH,ITH5,8,Emilia-Romagna
2024-01-25,CAL,34,17,17,34,ITF,ITF6,18,Calabria
2023-11-17,PUG,2290,1159,1131,2290,ITF,ITF4,16,Puglia
2024-01-19,MOL,34,24,10,34,ITF,ITF2,14,Molise
2023-12-11,UMB,457,228,229,457,ITI,ITI2,10,Umbria
2023-10-19,LOM,6115,3024,3091,6115,ITC,ITC4,3,Lombardia
2023-11-07,SAR,168,94,74,168,ITG,ITG2,20,Sardegna
2023-12-13,FVG,1117,555,562,1117,ITH,ITH4,6,Friuli-Venezia Giulia
2023-12-16,EMR,2656,1353,1303,2656,ITH,ITH5,8,Emilia-Romagna
2023-12-22,MAR,753,389,364,753,ITI,ITI3,11,Marche
2024-01-11,BAS,152,75,77,152,ITF,ITF5,17,Basilicata
2023-11-01,CAL,17,9,8,17,ITF,ITF6,18,Calabria
2023-10-11,ABR,52,29,23,52,ITF,ITF1,13,Abruzzo
2023-11-29,EMR,5790,2791,2999,5790,ITH,ITH5,8,Emilia-Romagna
2024-01-09,PIE,1325,642,683,1325,ITC,ITC1,1,Piemonte
2023-11-17,SIC,190,104,86,190,ITG,ITG1,19,Sicilia
2023-11-08,LIG,916,445,471,916,ITC,ITC3,7,Liguria
2023-12-11,TOS,3274,1551,1723,3274,ITI,ITI1,9,Toscana
2023-11-19,SIC,28,16,12,28,ITG,ITG1,19,Sicilia
2023-11-25,PUG,291,150,141,291,ITF,ITF4,16,Puglia
2023-12-27,PIE,1664,831,833,1664,ITC,ITC1,1,Piemonte
2024-01-11,PIE,1595,760,835,1595,ITC,ITC1,1,Piemonte
2023-10-31,CAL,60,30,30,60,ITF,ITF6,18,Calabria
2024-01-21,EMR,9,3,6,9,ITH,ITH5,8,Emilia-Romagna
2023-11-19,VEN,96,41,55,96,ITH,ITH3,5,Veneto
2024-01-18,LAZ,1582,736,846,1582,ITI,ITI4,12,Lazio
2023-11-10,LAZ,2517,1208,1309,2517,ITI,ITI4,12,Lazio
2024-01-10,EMR,1385,692,693,1385,ITH,ITH5,8,Emilia-Romagna
2024-01-23,TOS,378,170,208,378,ITI,ITI1,9,Toscana
2023-10-13,LIG,56,18,38,56,ITC,ITC3,7,Liguria
2023-11-13,PAT,461,230,231,461,ITH,ITH2,4,Provincia Autonoma Trento
2024-01-01,LOM,24,11,13,24,ITC,ITC4,3,Lombardia
2023-12-15,PIE,4702,2279,2423,4702,ITC,ITC1,1,Piemonte
2023-11-20,LOM,8668,4072,4596,8668,ITC,ITC4,3,Lombardia
2023-11-14,EMR,5894,2807,3087,5894,ITH,ITH5,8,Emilia-Romagna
2023-12-01,PIE,3782,1855,1927,3782,ITC,ITC1,1,Piemonte
2023-11-13,PUG,1255,609,646,1255,ITF,ITF4,16,Puglia
2023-11-12,CAM,12,5,7,12,ITF,ITF3,15,Campania
2024-01-03,EMR,1101,549,552,1101,ITH,ITH5,8,Emilia-Romagna
2023-11-27,TOS,3686,1749,1937,3686,ITI,ITI1,9,Toscana
2023-12-05,UMB,629,319,310,629,ITI,ITI2,10,Umbria
2023-12-07,ABR,502,244,258,502,ITF,ITF1,13,Abruzzo
2023-10-20,TOS,2175,1054,1121,2175,ITI,ITI1,9,Toscana
2023-11-07,PUG,1311,653,658,1311,ITF,ITF4,16,Puglia
2023-12-17,EMR,340,157,183,340,ITH,ITH5,8,Emilia-Romagna
2023-11-20,ABR,263,128,135,263,ITF,ITF1,13,Abruzzo
2023-12-24,LOM,244,125,119,244,ITC,ITC4,3,Lombardia
2023-12-11,PAB,107,56,51,107,ITH,ITH1,4,Provincia Autonoma Bolzano / Bozen
2023-12-02,BAS,71,32,39,71,ITF,ITF5,17,Basilicata
2024-01-09,BAS,177,98,79,177,ITF,ITF5,17,Basilicata
2024-01-08,UMB,108,55,53,108,ITI,ITI2,10,Umbria
2023-11-10,FVG,1102,512,590,1102,ITH,ITH4,6,Friuli-Venezia Giulia
2023-12-05,LAZ,4199,2043,2156,4199,ITI,ITI4,12,Lazio
2024-01-22,LIG,166,77,89,166,ITC,ITC3,7,Liguria
2023-11-02,TOS,3759,1831,1928,3759,ITI,ITI1,9,Toscana
2023-10-25,PUG,1119,550,569,1119,ITF,ITF4,16,Puglia
2023-11-07,PAT,562,285,277,562,ITH,ITH2,4,Provincia Autonoma Trento
2023-11-11,LIG,158,69,89,158,ITC,ITC3,7,Liguria
2023-10-17,CAL,7,2,5,7,ITF,ITF6,18,Calabria
2023-11-27,LAZ,2366,1196,1170,2366,ITI,ITI4,12,Lazio
2024-01-02,PAT,65,36,29,65,ITH,ITH2,4,Provincia Autonoma Trento
2023-12-19,CAL,627,349,278,627,ITF,ITF6,18,Calabria
2023-10-28,TOS,1250,644,606,1250,ITI,ITI1,9,Toscana
2023-10-25,PAT,418,196,222,418,ITH,ITH2,4,Provincia Autonoma Trento
2023-10-23,VDA,146,67,79,146,ITC,ITC2,2,Valle d'Aosta / Vallée d'Aoste
2024-01-10,PAB,19,10,9,19,ITH,ITH1,4,Provincia Autonoma Bolzano / Bozen
2023-11-05,LAZ,64,22,42,64,ITI,ITI4,12,Lazio
2023-10-18,SIC,22,14,8,22,ITG,ITG1,19,Sicilia
2023-12-20,SIC,1279,713,566,1279,ITG,ITG1,19,Sicilia
2023-10-28,EMR,1885,907,978,1885,ITH,ITH5,8,Emilia-Romagna
2023-10-16,LAZ,331,167,164,331,ITI,ITI4,12,Lazio
2023-12-15,TOS,5205,2477,2728,5205,ITI,ITI1,9,Toscana
2023-11-16,PAB,578,277,301,578,ITH,ITH1,4,Provincia Autonoma Bolzano / Bozen
2023-11-02,FVG,718,356,362,718,ITH,ITH4,6,Friuli-Venezia Giulia
2024-01-08,SAR,402,198,204,402,ITG,ITG2,20,Sardegna
2023-12-27,FVG,778,372,406,778,ITH,ITH4,6,Friuli-Venezia Giulia
2023-12-05,SAR,806,409,397,806,ITG,ITG2,20,Sardegna
2023-10-18,PAT,245,129,116,245,ITH,ITH2,4,Provincia Autonoma Trento
2023-11-24,FVG,1183,534,649,1183,ITH,ITH4,6,Friuli-Venezia Giulia
2023-11-18,MAR,49,14,35,49,ITI,ITI3,11,Marche
2024-01-05,VEN,1198,606,592,1198,ITH,ITH3,5,Veneto
2023-10-03,LIG,30,14,16,30,ITC,ITC3,7,Liguria
2023-10-02,FVG,30,18,12,30,ITH,ITH4,6,Friuli-Venezia Giulia
2024-01-14,TOS,12,7,5,12,ITI,ITI1,9,Toscana
2024-01-11,ABR,213,106,107,213,ITF,ITF1,13,Abruzzo
2023-10-22,PUG,23,9,14,23,ITF,ITF4,16,Puglia
2023-10-12,UMB,6,3,3,6,ITI,ITI2,10,Umbria
2023-11-17,PAT,419,199,220,419,ITH,ITH2,4,Provincia Autonoma Trento
2024-01-15,ABR,133,55,78,133,ITF,ITF1,13,Abruzzo
2023-11-17,MOL,44,27,17,44,ITF,ITF2,14,Molise
2023-12-06,VEN,4310,2048,2262,4310,ITH,ITH3,5,Veneto
2023-12-01,BAS,157,83,74,157,ITF,ITF5,17,Basilicata
2023-12-07,MAR,32,15,17,32,ITI,ITI3,11,Marche
2023-12-14,PAT,272,107,165,272,ITH,ITH2,4,Provincia Autonoma Trento
2023-10-24,CAL,45,28,17,45,ITF,ITF6,18,Calabria
2024-01-22,FVG,179,76,103,179,ITH,ITH4,6,Friuli-Venezia Giulia
2023-11-22,PUG,1597,816,781,1597,ITF,ITF4,16,Puglia
2023-11-04,TOS,1964,944,1020,1964,ITI,ITI1,9,Toscana
2023-10-30,PIE,1172,570,602,1172,ITC,ITC1,1,Piemonte
2023-11-24,EMR,5475,2640,2835,5475,ITH,ITH5,8,Emilia-Romagna
2023-11-28,EMR,5643,2673,2970,5643,ITH,ITH5,8,Emilia-Romagna
2024-01-12,PAT,149,77,72,149,ITH,ITH2,4,Provincia Autonoma Trento
2024-01-06,PIE,438,215,223,438,ITC,ITC1,1,Piemonte
2023-11-20,PIE,2011,894,1117,2011,ITC,ITC1,1,Piemonte
2023-11-05,LOM,789,383,406,789,ITC,ITC4,3,Lombardia
2024-01-17,VEN,549,259,290,549,ITH,ITH3,5,Veneto
2023-12-22,CAL,431,244,187,431,ITF,ITF6,18,Calabria
2023-12-16,CAM,663,361,302,663,ITF,ITF3,15,Campania
2024-01-25,PAT,41,23,18,41,ITH,ITH2,4,Provincia Autonoma Trento
2024-01-14,UMB,47,25,22,47,ITI,ITI2,10,Umbria
2024-01-14,PIE,17,7,10,17,ITC,ITC1,1,Piemonte
2023-11-01,PUG,33,15,18,33,ITF,ITF4,16,Puglia
2023-12-11,PIE,2239,1078,1161,2239,ITC,ITC1,1,Piemonte
2023-12-10,VEN,741,409,332,741,ITH,ITH3,5,Veneto
2023-12-20,FVG,1282,660,622,1282,ITH,ITH4,6,Friuli-Venezia Giulia
2023-10-13,TOS,683,342,341,683,ITI,ITI1,9,Toscana
2023-11-03,CAM,351,199,152,351,ITF,ITF3,15,Campania
2024-01-25,PUG,159,76,83,159,ITF,ITF4,16,Puglia
2023-11-08,UMB,667,332,335,667,ITI,ITI2,10,Umbria
2023-11-27,SIC,165,76,89,165,ITG,ITG1,19,Sicilia
2024-01-16,BAS,61,32,29,61,ITF,ITF5,17,Basilicata
2023-11-17,PAB,271,134,137,271,ITH,ITH1,4,Provincia Autonoma Bolzano / Bozen
2024-01-01,PIE,15,5,10,15,ITC,ITC1,1,Piemonte
2023-11-09,FVG,1380,605,775,1380,ITH,ITH4,6,Friuli-Venezia Giulia
2023-11-22,PAT,393,186,207,393,ITH,ITH2,4,Provincia Autonoma Trento
2023-12-21,LOM,9129,4510,4619,9129,ITC,ITC4,3,Lombardia
2023-12-13,CAL,476,271,205,476,ITF,ITF6,18,Calabria
2024-01-23,UMB,136,76,60,136,ITI,ITI2,10,Umbria
2023-12-29,EMR,1648,778,870,1648,ITH,ITH5,8,Emilia-Romagna
2023-12-06,LOM,10938,5194,5744,10938,ITC,ITC4,3,Lombardia
2023-11-28,VEN,4148,2018,2130,4148,ITH,ITH3,5,Veneto
2023-10-23,VEN,334,146,188,334,ITH,ITH3,5,Veneto
2023-11-08,PAB,544,289,255,544,ITH,ITH1,4,Provincia Autonoma Bolzano / Bozen
2023-12-28,TOS,2167,1071,1096,2167,ITI,ITI1,9,Toscana
2023-11-23,MOL,41,23,18,41,ITF,ITF2,14,Molise
2023-11-02,SIC,85,46,39,85,ITG,ITG1,19,Sicilia
2024-01-06,BAS,5,3,2,5,ITF,ITF5,17,Basilicata
2024-01-05,LAZ,1695,845,850,1695,ITI,ITI4,12,Lazio
2023-11-10,MOL,61,32,29,61,ITF,ITF2,14,Molise
2023-12-30,VEN,1275,633,642,1275,ITH,ITH3,5,Veneto
2023-12-10,EMR,188,83,105,188,ITH,ITH5,8,Emilia-Romagna
2023-10-19,SAR,119,71,48,119,ITG,ITG2,20,Sardegna
2023-12-11,BAS,140,80,60,140,ITF,ITF5,17,Basilicata
2023-10-31,EMR,4593,2135,2458,4593,ITH,ITH5,8,Emilia-Romagna
2024-01-12,VEN,1868,919,949,1868,ITH,ITH3,5,Veneto
2023-12-15,SIC,1225,647,578,1225,ITG,ITG1,19,Sicilia
2023-10-10,PAB,438,248,190,438,ITH,ITH1,4,Provincia Autonoma Bolzano / Bozen
2023-10-16,MAR,142,81,61,142,ITI,ITI3,11,Marche
2024-01-08,TOS,665,311,354,665,ITI,ITI1,9,Toscana
2023-12-19,MOL,115,58,57,115,ITF,ITF2,14,Molise
2023-12-29,SIC,655,361,294,655,ITG,ITG1,19,Sicilia
2023-12-14,UMB,760,379,381,760,ITI,ITI2,10,Umbria
2023-12-09,BAS,50,29,21,50,ITF,ITF5,17,Basilicata
2023-10-22,SIC,3,2,1,3,ITG,ITG1,19,Sicilia
2023-12-29,VEN,1354,669,685,1354,ITH,ITH3,5,Veneto
2024-01-03,LAZ,2389,1115,1274,2389,ITI,ITI4,12,Lazio
2023-11-17,VEN,3226,1491,1735,3226,ITH,ITH3,5,Veneto
2023-12-02,SIC,95,53,42,95,ITG,ITG1,19,Sicilia
2023-11-27,MAR,31,13,18,31,ITI,ITI3,11,Marche
2024-01-09,VDA,7,2,5,7,ITC,ITC2,2,Valle d'Aosta / Vallée d'Aoste
2023-11-12,CAL,6,0,6,6,ITF,ITF6,18,Calabria
2024-01-16,MOL,56,22,34,56,ITF,ITF2,14,Molise
2024-01-08,LAZ,1500,745,755,1500,ITI,ITI4,12,Lazio
2023-10-29,MAR,27,15,12,27,ITI,ITI3,11,Marche
2024-01-09,MAR,287,144,143,287,ITI,ITI3,11,Marche
2023-10-23,EMR,2268,1125,1143,2268,ITH,ITH5,8,Emilia-Romagna
2023-12-09,MOL,10,3,7,10,ITF,ITF2,14,Molise
2024-01-14,ABR,22,15,7,22,ITF,ITF1,13,Abruzzo
2023-12-01,CAM,716,381,335,716,ITF,ITF3,15,Campania
2023-11-30,EMR,6005,2922,3083,6005,ITH,ITH5,8,Emilia-Romagna
2023-11-11,PUG,435,232,203,435,ITF,ITF4,16,Puglia
2023-12-11,ABR,430,219,211,430,ITF,ITF1,13,Abruzzo
2023-10-16,TOS,730,315,415,730,ITI,ITI1,9,Toscana
2023-12-28,PAT,64,29,35,64,ITH,ITH2,4,Provincia Autonoma Trento
2023-11-16,ABR,356,171,185,356,ITF,ITF1,13,Abruzzo
2023-11-28,SIC,346,206,140,346,ITG,ITG1,19,Sicilia
2023-11-15,FVG,1125,535,590,1125,ITH,ITH4,6,Friuli-Venezia Giulia
2024-01-12,EMR,1293,630,663,1293,ITH,ITH5,8,Emilia-Romagna
2023-11-01,CAM,21,10,11,21,ITF,ITF3,15,Campania
2023-10-13,PUG,204,111,93,204,ITF,ITF4,16,Puglia
2024-01-13,MAR,107,48,59,107,ITI,ITI3,11,Marche
2023-10-31,VEN,1439,619,820,1439,ITH,ITH3,5,Veneto
2023-12-19,SIC,955,506,449,955,ITG,ITG1,19,Sicilia
2023-12-07,CAL,333,208,125,333,ITF,ITF6,18,Calabria
2023-12-27,PUG,1007,530,477,1007,ITF,ITF4,16,Puglia
2024-01-23,ABR,89,48,41,89,ITF,ITF1,13,Abruzzo
2023-12-28,PUG,1257,671,586,1257,ITF,ITF4,16,Puglia
2023-10-12,CAL,12,5,7,12,ITF,ITF6,18,Calabria
2023-10-12,FVG,53,33,20,53,ITH,ITH4,6,Friuli-Venezia Giulia
2023-11-15,ABR,223,112,111,223,ITF,ITF1,13,Abruzzo
2023-11-19,LIG,3,1,2,3,ITC,ITC3,7,Liguria
2023-10-09,LIG,32,10,22,32,ITC,ITC3,7,Liguria
2023-10-26,SAR,205,101,104,205,ITG,ITG2,20,Sardegna
2023-10-18,LIG,274,105,169,274,ITC,ITC3,7,Liguria
2024-01-17,EMR,1023,494,529,1023,ITH,ITH5,8,Emilia-Romagna
2023-12-27,PAT,145,73,72,145,ITH,ITH2,4,Provincia Autonoma Trento
2023-10-31,SIC,85,52,33,85,ITG,ITG1,19,Sicilia
2023-11-04,PUG,331,168,163,331,ITF,ITF4,16,Puglia
2023-11-14,LIG,1112,536,576,1112,ITC,ITC3,7,Liguria
2023-10-20,ABR,98,57,41,98,ITF,ITF1,13,Abruzzo
2023-11-14,PAB,573,276,297,573,ITH,ITH1,4,Provincia Autonoma Bolzano / Bozen
2023-12-22,FVG,700,360,340,700,ITH,ITH4,6,Friuli-Venezia Giulia
2023-10-21,CAM,45,24,21,45,ITF,ITF3,15,Campania
2023-10-25,TOS,3528,1688,1840,3528,ITI,ITI1,9,Toscana
2023-11-10,SIC,82,44,38,82,ITG,ITG1,19,Sicilia
2023-11-13,FVG,857,411,446,857,ITH,ITH4,6,Friuli-Venezia Giulia
2024-01-15,BAS,38,23,15,38,ITF,ITF5,17,Basilicata
2024-01-10,LAZ,2647,1283,1364,2647,ITI,ITI4,12,Lazio
2023-12-12,MOL,182,99,83,182,ITF,ITF2,14,Molise
2024-01-09,ABR,159,88,71,159,ITF,ITF1,13,Abruzzo
2023-10-21,TOS,864,437,427,864,ITI,ITI1,9,Toscana
2023-12-29,PUG,1353,698,655,1353,ITF,ITF4,16,Puglia
2023-11-15,LAZ,2450,1214,1236,2450,ITI,ITI4,12,Lazio
2023-11-06,PUG,1243,648,595,1243,ITF,ITF4,16,Puglia
2023-10-16,LOM,4578,2410,2168,4578,ITC,ITC4,3,Lombardia
2023-10-22,EMR,105,50,55,105,ITH,ITH5,8,Emilia-Romagna
2024-01-04,SAR,1461,703,758,1461,ITG,ITG2,20,Sardegna
2024-01-13,CAL,153,88,65,153,ITF,ITF6,18,Calabria
2023-11-06,CAL,60,32,28,60,ITF,ITF6,18,Calabria
2024-01-18,FVG,273,136,137,273,ITH,ITH4,6,Friuli-Venezia Giulia
2023-11-23,VDA,89,51,38,89,ITC,ITC2,2,Valle d'Aosta / Vallée d'Aoste
2023-10-29,UMB,3,1,2,3,ITI,ITI2,10,Umbria
2023-11-13,UMB,415,201,214,415,ITI,ITI2,10,Umbria
2024-01-03,PIE,1220,601,619,1220,ITC,ITC1,1,Piemonte
2023-12-01,LIG,1150,589,561,1150,ITC,ITC3,7,Liguria
2023-10-24,PUG,1095,583,512,1095,ITF,ITF4,16,Puglia
2023-12-05,BAS,269,139,130,269,ITF,ITF5,17,Basilicata
2023-12-29,PAT,2089,1069,1020,2089,ITH,ITH2,4,Provincia Autonoma Trento
2023-10-27,VDA,220,98,122,220,ITC,ITC2,2,Valle d'Aosta / Vallée d'Aoste
2023-12-15,PAT,451,224,227,451,ITH,ITH2,4,Provincia Autonoma Trento
2023-12-12,LAZ,4911,2388,2523,4911,ITI,ITI4,12,Lazio
2023-11-11,SIC,72,40,32,72,ITG,ITG1,19,Sicilia
2023-12-03,CAM,20,12,8,20,ITF,ITF3,15,Campania
2023-10-24,TOS,2453,1131,1322,2453,ITI,ITI1,9,Toscana
2023-12-17,CAM,80,41,39,80,ITF,ITF3,15,Campania
2023-11-13,PAB,200,77,123,200,ITH,ITH1,4,Provincia Autonoma Bolzano / Bozen
2024-01-05,UMB,152,75,77,152,ITI,ITI2,10,Umbria
2023-10-22,ABR,5,3,2,5,ITF,ITF1,13,Abruzzo
2024-01-06,SIC,3,2,1,3,ITG,ITG1,19,Sicilia
2023-10-05,PIE,14,9,5,14,ITC,ITC1,1,Piemonte
2024-01-04,PAB,6,2,4,6,ITH,ITH1,4,Provincia Autonoma Bolzano / Bozen
2024-01-07,TOS,11,4,7,11,ITI,ITI1,9,Toscana
2023-11-04,SIC,18,12,6,18,ITG,ITG1,19,Sicilia
2023-10-22,VEN,6,4,2,6,ITH,ITH3,5,Veneto
2024-01-24,MOL,5,1,4,5,ITF,ITF2,14,Molise
2023-10-03,FVG,6,2,4,6,ITH,ITH4,6,Friuli-Venezia Giulia
2023-12-24,SIC,6,4,2,6,ITG,ITG1,19,Sicilia
2023-12-26,UMB,1,0,1,1,ITI,ITI2,10,Umbria
2023-10-18,TOS,1079,521,558,1079,ITI,ITI1,9,Toscana
2023-12-26,LOM,111,44,67,111,ITC,ITC4,3,Lombardia
2023-10-30,UMB,321,160,161,321,ITI,ITI2,10,Umbria
2024-01-18,EMR,916,419,497,916,ITH,ITH5,8,Emilia-Romagna
2024-01-16,LOM,2298,1033,1265,2298,ITC,ITC4,3,Lombardia
2023-11-17,FVG,1350,660,690,1350,ITH,ITH4,6,Friuli-Venezia Giulia
2023-12-29,FVG,835,408,427,835,ITH,ITH4,6,Friuli-Venezia Giulia
2023-12-09,LOM,3911,1996,1915,3911,ITC,ITC4,3,Lombardia
2023-11-18,LOM,6309,2986,3323,6309,ITC,ITC4,3,Lombardia
2023-10-11,LOM,451,173,278,451,ITC,ITC4,3,Lombardia
2023-12-05,PAB,372,178,194,372,ITH,ITH1,4,Provincia Autonoma Bolzano / Bozen
2023-10-11,VEN,6,2,4,6,ITH,ITH3,5,Veneto
2023-10-18,PIE,420,219,201,420,ITC,ITC1,1,Piemonte
2023-11-09,LOM,10367,4865,5502,10367,ITC,ITC4,3,Lombardia
2023-11-07,PIE,2560,1199,1361,2560,ITC,ITC1,1,Piemonte
2024-01-03,LOM,2014,954,1060,2014,ITC,ITC4,3,Lombardia
2023-11-11,VDA,81,33,48,81,ITC,ITC2,2,Valle d'Aosta / Vallée d'Aoste
2023-11-30,ABR,403,212,191,403,ITF,ITF1,13,Abruzzo
2023-10-19,MAR,370,177,193,370,ITI,ITI3,11,Marche
2023-10-24,PAT,593,268,325,593,ITH,ITH2,4,Provincia Autonoma Trento
2023-10-27,LOM,9158,4353,4805,9158,ITC,ITC4,3,Lombardia
2023-10-17,SAR,129,64,65,129,ITG,ITG2,20,Sardegna
2023-11-21,UMB,603,285,318,603,ITI,ITI2,10,Umbria
2023-11-27,SAR,545,276,269,545,ITG,ITG2,20,Sardegna
2024-01-16,ABR,134,65,69,134,ITF,ITF1,13,Abruzzo
2023-10-10,LAZ,200,114,86,200,ITI,ITI4,12,Lazio
2023-11-24,CAM,369,208,161,369,ITF,ITF3,15,Campania
2023-12-28,FVG,1127,565,562,1127,ITH,ITH4,6,Friuli-Venezia Giulia
2023-12-13,CAM,1608,872,736,1608,ITF,ITF3,15,Campania
2024-01-25,MAR,125,55,70,125,ITI,ITI3,11,Marche
2023-11-23,CAL,114,67,47,114,ITF,ITF6,18,Calabria
2023-10-31,ABR,174,100,74,174,ITF,ITF1,13,Abruzzo
2023-11-04,VDA,109,57,52,109,ITC,ITC2,2,Valle d'Aosta / Vallée d'Aoste
2023-12-18,SAR,799,397,402,799,ITG,ITG2,20,Sardegna
2023-12-12,CAL,448,248,200,448,ITF,ITF6,18,Calabria
2023-11-12,EMR,817,386,431,817,ITH,ITH5,8,Emilia-Romagna
2024-01-20,CAM,81,39,42,81,ITF,ITF3,15,Campania
2023-11-02,UMB,417,218,199,417,ITI,ITI2,10,Umbria
2023-12-04,SIC,385,207,178,385,ITG,ITG1,19,Sicilia
2023-10-20,EMR,2232,1086,1146,2232,ITH,ITH5,8,Emilia-Romagna
2023-12-14,SIC,827,434,393,827,ITG,ITG1,19,Sicilia
2023-11-16,EMR,6743,3191,3552,6743,ITH,ITH5,8,Emilia-Romagna
2024-01-22,CAM,255,130,125,255,ITF,ITF3,15,Campania
2024-01-24,SIC,225,116,109,225,ITG,ITG1,19,Sicilia
2023-11-05,VEN,49,30,19,49,ITH,ITH3,5,Veneto
2024-01-19,CAL,65,38,27,65,ITF,ITF6,18,Calabria
2023-12-21,MOL,138,66,72,138,ITF,ITF2,14,Molise
2023-11-01,MAR,34,12,22,34,ITI,ITI3,11,Marche
2023-11-15,TOS,6244,2874,3370,6244,ITI,ITI1,9,Toscana
2024-01-17,LAZ,1834,828,1006,1834,ITI,ITI4,12,Lazio
2024-01-09,TOS,833,396,437,833,ITI,ITI1,9,Toscana
2023-12-30,PIE,780,399,381,780,ITC,ITC1,1,Piemonte
2023-10-10,FVG,48,25,23,48,ITH,ITH4,6,Friuli-Venezia Giulia
2023-12-15,UMB,764,376,388,764,ITI,ITI2,10,Umbria
2023-11-11,ABR,87,51,36,87,ITF,ITF1,13,Abruzzo
2024-01-23,EMR,601,284,317,601,ITH,ITH5,8,Emilia-Romagna
2023-11-15,EMR,6921,3285,3636,6921,ITH,ITH5,8,Emilia-Romagna
2023-11-04,PIE,1381,679,702,1381,ITC,ITC1,1,Piemonte
2024-01-04,LAZ,2697,1301,1396,2697,ITI,ITI4,12,Lazio
2023-10-17,MAR,231,109,122,231,ITI,ITI3,11,Marche
2024-01-15,LOM,2067,953,1114,2067,ITC,ITC4,3,Lombardia
2023-12-06,MOL,234,124,110,234,ITF,ITF2,14,Molise
2024-01-07,CAM,36,18,18,36,ITF,ITF3,15,Campania
2023-12-22,LAZ,3332,1649,1683,3332,ITI,ITI4,12,Lazio
2024-01-08,PIE,774,390,384,774,ITC,ITC1,1,Piemonte
2023-11-24,PAB,190,98,92,190,ITH,ITH1,4,Provincia Autonoma Bolzano / Bozen
2024-01-12,VDA,40,20,20,40,ITC,ITC2,2,Valle d'Aosta / Vallée d'Aoste
2023-11-24,LIG,584,283,301,584,ITC,ITC3,7,Liguria
2023-10-19,VDA,114,59,55,114,ITC,ITC2,2,Valle d'Aosta / Vallée d'Aoste
2024-01-18,PAB,27,10,17,27,ITH,ITH1,4,Provincia Autonoma Bolzano / Bozen
2023-12-28,SIC,723,386,337,723,ITG,ITG1,19,Sicilia
2023-10-12,TOS,803,360,443,803,ITI,ITI1,9,Toscana
2023-11-03,CAL,74,35,39,74,ITF,ITF6,18,Calabria
2023-11-19,TOS,215,96,119,215,ITI,ITI1,9,Toscana
2024-01-15,MAR,166,85,81,166,ITI,ITI3,11,Marche
2024-01-14,MAR,12,6,6,12,ITI,ITI3,11,Marche
2024-01-05,PIE,1048,512,536,1048,ITC,ITC1,1,Piemonte
2023-12-13,MOL,226,128,98,226,ITF,ITF2,14,Molise
2024-01-17,VDA,22,13,9,22,ITC,ITC2,2,Valle d'Aosta / Vallée d'Aoste
2023-10-22,CAM,3,1,2,3,ITF,ITF3,15,Campania
2024-01-04,BAS,205,107,98,205,ITF,ITF5,17,Basilicata
2023-11-26,UMB,10,3,7,10,ITI,ITI2,10,Umbria
2023-10-15,PAB,8,4,4,8,ITH,ITH1,4,Provincia Autonoma Bolzano / Bozen
2024-01-20,UMB,16,7,9,16,ITI,ITI2,10,Umbria
2023-12-23,VDA,3,2,1,3,ITC,ITC2,2,Valle d'Aosta / Vallée d'Aoste
2024-01-25,MOL,1,0,1,1,ITF,ITF2,14,Molise
2024-01-25,PAB,7,4,3,7,ITH,ITH1,4,Provincia Autonoma Bolzano / Bozen
2023-12-25,PUG,4,1,3,4,ITF,ITF4,16,Puglia
2023-11-26,PAB,1,1,0,1,ITH,ITH1,4,Provincia Autonoma Bolzano / Bozen
2023-12-25,CAL,1,1,0,1,ITF,ITF6,18,Calabria
2023-11-05,PUG,23,13,10,23,ITF,ITF4,16,Puglia
2023-12-19,SAR,843,420,423,843,ITG,ITG2,20,Sardegna
2023-11-25,TOS,1893,897,996,1893,ITI,ITI1,9,Toscana
2023-11-20,VDA,50,27,23,50,ITC,ITC2,2,Valle d'Aosta / Vallée d'Aoste
2023-10-17,VDA,63,29,34,63,ITC,ITC2,2,Valle d'Aosta / Vallée d'Aoste
2023-11-17,BAS,12,8,4,12,ITF,ITF5,17,Basilicata
2024-01-16,CAL,167,94,73,167,ITF,ITF6,18,Calabria
2023-10-28,LOM,6063,3000,3063,6063,ITC,ITC4,3,Lombardia
2023-11-02,SAR,171,93,78,171,ITG,ITG2,20,Sardegna
2024-01-23,CAM,219,112,107,219,ITF,ITF3,15,Campania
2023-11-12,TOS,197,93,104,197,ITI,ITI1,9,Toscana
2023-12-21,PUG,3812,2014,1798,3812,ITF,ITF4,16,Puglia
2023-11-07,LAZ,2299,1125,1174,2299,ITI,ITI4,12,Lazio
2023-10-27,CAL,70,36,34,70,ITF,ITF6,18,Calabria
2023-11-25,LAZ,1821,959,862,1821,ITI,ITI4,12,Lazio
2023-11-30,CAL,329,193,136,329,ITF,ITF6,18,Calabria
2023-12-23,EMR,413,208,205,413,ITH,ITH5,8,Emilia-Romagna
2023-10-27,FVG,916,458,458,916,ITH,ITH4,6,Friuli-Venezia Giulia
2023-12-12,BAS,341,187,154,341,ITF,ITF5,17,Basilicata
2023-12-29,BAS,186,95,91,186,ITF,ITF5,17,Basilicata
2023-10-24,ABR,171,92,79,171,ITF,ITF1,13,Abruzzo
2024-01-08,LIG,148,67,81,148,ITC,ITC3,7,Liguria
2023-12-02,MOL,37,20,17,37,ITF,ITF2,14,Molise
2023-11-28,PIE,3045,1375,1670,3045,ITC,ITC1,1,Piemonte
2023-12-19,PIE,3583,1792,1791,3583,ITC,ITC1,1,Piemonte
2023-12-02,EMR,1660,785,875,1660,ITH,ITH5,8,Emilia-Romagna
2023-11-06,VEN,1544,720,824,1544,ITH,ITH3,5,Veneto
2023-10-19,PAB,802,390,412,802,ITH,ITH1,4,Provincia Autonoma Bolzano / Bozen
2023-12-14,LOM,11153,5365,5788,11153,ITC,ITC4,3,Lombardia
2024-01-22,SAR,307,142,165,307,ITG,ITG2,20,Sardegna
2023-10-24,SAR,191,84,107,191,ITG,ITG2,20,Sardegna
2024-01-22,UMB,53,29,24,53,ITI,ITI2,10,Umbria
2023-11-20,FVG,1105,561,544,1105,ITH,ITH4,6,Friuli-Venezia Giulia
2023-12-04,UMB,377,179,198,377,ITI,ITI2,10,Umbria
2023-10-10,PIE,95,51,44,95,ITC,ITC1,1,Piemonte
2023-12-10,ABR,36,14,22,36,ITF,ITF1,13,Abruzzo
2023-11-30,PIE,3361,1601,1760,3361,ITC,ITC1,1,Piemonte
2023-10-25,LAZ,992,493,499,992,ITI,ITI4,12,Lazio
2023-10-23,PIE,790,380,410,790,ITC,ITC1,1,Piemonte
2023-12-13,TOS,5142,2422,2720,5142,ITI,ITI1,9,Toscana
2023-11-29,MAR,51,25,26,51,ITI,ITI3,11,Marche
2023-12-14,EMR,6429,3158,3271,6429,ITH,ITH5,8,Emilia-Romagna
2023-12-21,PAT,327,151,176,327,ITH,ITH2,4,Provincia Autonoma Trento
2023-12-29,PIE,2034,934,1100,2034,ITC,ITC1,1,Piemonte
2023-10-24,LOM,9076,4465,4611,9076,ITC,ITC4,3,Lombardia
2023-10-21,PIE,339,180,159,339,ITC,ITC1,1,Piemonte
2023-12-14,VEN,4896,2444,2452,4896,ITH,ITH3,5,Veneto
2023-12-04,LOM,9224,4448,4776,9224,ITC,ITC4,3,Lombardia
2023-10-18,EMR,1505,721,784,1505,ITH,ITH5,8,Emilia-Romagna
2024-01-03,LIG,407,198,209,407,ITC,ITC3,7,Liguria
2024-01-14,LOM,140,65,75,140,ITC,ITC4,3,Lombardia
2023-12-10,BAS,9,5,4,9,ITF,ITF5,17,Basilicata
2023-11-29,VDA,134,66,68,134,ITC,ITC2,2,Valle d'Aosta / Vallée d'Aoste
2023-11-12,PUG,51,31,20,51,ITF,ITF4,16,Puglia
2023-11-30,SAR,936,476,460,936,ITG,ITG2,20,Sardegna
2023-12-18,LAZ,4199,2092,2107,4199,ITI,ITI4,12,Lazio
2024-01-19,VEN,827,411,416,827,ITH,ITH3,5,Veneto
2023-12-04,SAR,756,378,378,756,ITG,ITG2,20,Sardegna
2023-10-21,CAL,13,9,4,13,ITF,ITF6,18,Calabria
2023-11-24,ABR,463,253,210,463,ITF,ITF1,13,Abruzzo
2023-11-08,VEN,2417,1166,1251,2417,ITH,ITH3,5,Veneto
2023-10-28,CAM,77,42,35,77,ITF,ITF3,15,Campania
2024-01-23,LOM,1411,577,834,1411,ITC,ITC4,3,Lombardia
2024-01-05,LIG,234,118,116,234,ITC,ITC3,7,Liguria
2023-11-24,CAL,141,91,50,141,ITF,ITF6,18,Calabria
2023-11-28,BAS,145,87,58,145,ITF,ITF5,17,Basilicata
2024-01-17,PIE,921,442,479,921,ITC,ITC1,1,Piemonte
2023-10-26,LOM,10020,4764,5256,10020,ITC,ITC4,3,Lombardia
2023-12-06,CAM,1090,600,490,1090,ITF,ITF3,15,Campania
2023-12-06,PUG,2585,1304,1281,2585,ITF,ITF4,16,Puglia
2023-11-29,SIC,283,152,131,283,ITG,ITG1,19,Sicilia
2023-11-23,BAS,46,30,16,46,ITF,ITF5,17,Basilicata
2023-10-29,TOS,36,15,21,36,ITI,ITI1,9,Toscana
2023-11-16,LOM,10195,4773,5422,10195,ITC,ITC4,3,Lombardia
2023-12-22,TOS,5102,2614,2488,5102,ITI,ITI1,9,Toscana
2024-01-17,BAS,111,58,53,111,ITF,ITF5,17,Basilicata
2023-12-06,PAT,412,188,224,412,ITH,ITH2,4,Provincia Autonoma Trento
2023-11-01,FVG,23,10,13,23,ITH,ITH4,6,Friuli-Venezia Giulia
2023-11-18,VDA,80,42,38,80,ITC,ITC2,2,Valle d'Aosta / Vallée d'Aoste
2023-11-13,LAZ,1742,909,833,1742,ITI,ITI4,12,Lazio
2023-12-20,MAR,69,38,31,69,ITI,ITI3,11,Marche
2024-01-19,EMR,791,361,430,791,ITH,ITH5,8,Emilia-Romagna
2023-10-31,PIE,1546,761,785,1546,ITC,ITC1,1,Piemonte
2023-12-11,FVG,1064,497,567,1064,ITH,ITH4,6,Friuli-Venezia Giulia
2023-10-06,CAM,28,15,13,28,ITF,ITF3,15,Campania
2023-12-31,EMR,122,59,63,122,ITH,ITH5,8,Emilia-Romagna
2024-01-15,CAL,115,62,53,115,ITF,ITF6,18,Calabria
2023-10-22,MAR,54,30,24,54,ITI,ITI3,11,Marche
2023-12-10,PIE,80,36,44,80,ITC,ITC1,1,Piemonte
2023-11-06,EMR,4046,1858,2188,4046,ITH,ITH5,8,Emilia-Romagna
2024-01-12,BAS,112,56,56,112,ITF,ITF5,17,Basilicata
2023-12-23,VEN,1496,814,682,1496,ITH,ITH3,5,Veneto
2023-12-29,MOL,90,51,39,90,ITF,ITF2,14,Molise
2024-01-07,UMB,8,4,4,8,ITI,ITI2,10,Umbria
2023-11-09,VDA,164,80,84,164,ITC,ITC2,2,Valle d'Aosta / Vallée d'Aoste
2023-11-24,PIE,3588,1734,1854,3588,ITC,ITC1,1,Piemonte
2024-01-22,LOM,965,447,518,965,ITC,ITC4,3,Lombardia
2023-12-10,CAL,1,1,0,1,ITF,ITF6,18,Calabria
2023-10-22,PAB,3,2,1,3,ITH,ITH1,4,Provincia Autonoma Bolzano / Bozen
2023-09-30,TOS,1,1,0,1,ITI,ITI1,9,Toscana
2023-09-27,EMR,1,1,0,1,ITH,ITH5,8,Emilia-Romagna
2023-11-08,TOS,6450,2949,3501,6450,ITI,ITI1,9,Toscana
2023-11-07,EMR,6391,2955,3436,6391,ITH,ITH5,8,Emilia-Romagna
2023-12-12,TOS,4117,1970,2147,4117,ITI,ITI1,9,Toscana
2023-10-05,CAM,40,24,16,40,ITF,ITF3,15,Campania
2023-11-22,PAB,513,252,261,513,ITH,ITH1,4,Provincia Autonoma Bolzano / Bozen
2023-11-25,CAM,180,92,88,180,ITF,ITF3,15,Campania
2023-10-13,PIE,202,112,90,202,ITC,ITC1,1,Piemonte
2023-12-05,PUG,2160,1098,1062,2160,ITF,ITF4,16,Puglia
2023-11-18,VEN,1885,911,974,1885,ITH,ITH3,5,Veneto
2023-12-05,CAL,430,231,199,430,ITF,ITF6,18,Calabria
2023-10-26,TOS,4666,2174,2492,4666,ITI,ITI1,9,Toscana
2024-01-12,LIG,672,329,343,672,ITC,ITC3,7,Liguria
2023-12-24,UMB,6,2,4,6,ITI,ITI2,10,Umbria
2024-01-02,CAM,439,230,209,439,ITF,ITF3,15,Campania
2023-12-26,VEN,284,153,131,284,ITH,ITH3,5,Veneto
2023-10-29,EMR,329,170,159,329,ITH,ITH5,8,Emilia-Romagna
2023-10-27,TOS,4086,1927,2159,4086,ITI,ITI1,9,Toscana
2024-01-10,CAM,674,363,311,674,ITF,ITF3,15,Campania
2023-12-30,MAR,88,38,50,88,ITI,ITI3,11,Marche
2024-01-24,CAL,99,51,48,99,ITF,ITF6,18,Calabria
2024-01-04,LOM,3116,1472,1644,3116,ITC,ITC4,3,Lombardia
2024-01-03,FVG,475,220,255,475,ITH,ITH4,6,Friuli-Venezia Giulia
2023-10-25,PIE,1800,816,984,1800,ITC,ITC1,1,Piemonte
2024-01-19,TOS,662,304,358,662,ITI,ITI1,9,Toscana
2023-11-29,BAS,128,71,57,128,ITF,ITF5,17,Basilicata
2024-01-03,CAL,256,152,104,256,ITF,ITF6,18,Calabria
2024-01-10,FVG,301,139,162,301,ITH,ITH4,6,Friuli-Venezia Giulia
2023-12-23,LAZ,4037,2177,1860,4037,ITI,ITI4,12,Lazio
2023-11-27,PUG,1271,656,615,1271,ITF,ITF4,16,Puglia
2023-10-20,PAB,302,152,150,302,ITH,ITH1,4,Provincia Autonoma Bolzano / Bozen
2024-01-24,VEN,372,184,188,372,ITH,ITH3,5,Veneto
2024-01-25,SAR,389,190,199,389,ITG,ITG2,20,Sardegna
2024-01-11,SIC,551,270,281,551,ITG,ITG1,19,Sicilia
2023-11-27,PAT,70,22,48,70,ITH,ITH2,4,Provincia Autonoma Trento
2023-11-21,PAB,561,281,280,561,ITH,ITH1,4,Provincia Autonoma Bolzano / Bozen
2023-10-18,PUG,452,246,206,452,ITF,ITF4,16,Puglia
2023-12-15,FVG,1021,486,535,1021,ITH,ITH4,6,Friuli-Venezia Giulia
2023-10-28,LIG,102,40,62,102,ITC,ITC3,7,Liguria
2024-01-02,LOM,2117,1009,1108,2117,ITC,ITC4,3,Lombardia
2023-11-24,LAZ,2223,1075,1148,2223,ITI,ITI4,12,Lazio
2023-12-01,SIC,377,196,181,377,ITG,ITG1,19,Sicilia
2023-11-04,VEN,1736,868,868,1736,ITH,ITH3,5,Veneto
2023-12-11,MAR,650,317,333,650,ITI,ITI3,11,Marche
2023-11-09,MOL,78,25,53,78,ITF,ITF2,14,Molise
2023-12-25,CAM,13,9,4,13,ITF,ITF3,15,Campania
2023-11-28,TOS,4510,2081,2429,4510,ITI,ITI1,9,Toscana
2024-01-25,VEN,339,145,194,339,ITH,ITH3,5,Veneto
2023-12-26,EMR,78,39,39,78,ITH,ITH5,8,Emilia-Romagna
2023-12-16,SIC,156,77,79,156,ITG,ITG1,19,Sicilia
2023-11-04,UMB,175,82,93,175,ITI,ITI2,10,Umbria
2023-11-19,FVG,46,19,27,46,ITH,ITH4,6,Friuli-Venezia Giulia
2023-10-07,PIE,47,24,23,47,ITC,ITC1,1,Piemonte
2023-12-13,EMR,5987,2939,3048,5987,ITH,ITH5,8,Emilia-Romagna
2023-12-21,SAR,942,462,480,942,ITG,ITG2,20,Sardegna
2023-12-07,SIC,463,252,211,463,ITG,ITG1,19,Sicilia
2023-11-26,EMR,340,170,170,340,ITH,ITH5,8,Emilia-Romagna
2023-12-03,LOM,658,321,337,658,ITC,ITC4,3,Lombardia
2024-01-24,SAR,243,132,111,243,ITG,ITG2,20,Sardegna
2023-10-11,LAZ,160,90,70,160,ITI,ITI4,12,Lazio
2023-12-11,LIG,1778,880,898,1778,ITC,ITC3,7,Liguria
2024-01-20,EMR,109,57,52,109,ITH,ITH5,8,Emilia-Romagna
2023-10-16,FVG,121,64,57,121,ITH,ITH4,6,Friuli-Venezia Giulia
2024-01-04,PIE,1138,539,599,1138,ITC,ITC1,1,Piemonte
2023-11-03,LIG,691,352,339,691,ITC,ITC3,7,Liguria
2024-01-04,UMB,328,166,162,328,ITI,ITI2,10,Umbria
2023-11-24,SIC,228,119,109,228,ITG,ITG1,19,Sicilia
2023-12-21,EMR,4837,2413,2424,4837,ITH,ITH5,8,Emilia-Romagna
2023-12-06,MAR,62,31,31,62,ITI,ITI3,11,Marche
2023-11-11,PAB,36,17,19,36,ITH,ITH1,4,Provincia Autonoma Bolzano / Bozen
2023-11-27,PIE,2333,1064,1269,2333,ITC,ITC1,1,Piemonte
2023-10-13,PAB,232,121,111,232,ITH,ITH1,4,Provincia Autonoma Bolzano / Bozen
2023-11-22,SAR,754,383,371,754,ITG,ITG2,20,Sardegna
2023-12-28,BAS,244,116,128,244,ITF,ITF5,17,Basilicata
2023-10-30,LIG,411,207,204,411,ITC,ITC3,7,Liguria
2023-11-09,UMB,711,340,371,711,ITI,ITI2,10,Umbria
2023-10-02,LAZ,17,7,10,17,ITI,ITI4,12,Lazio
2023-11-29,ABR,360,178,182,360,ITF,ITF1,13,Abruzzo
2023-11-18,EMR,2184,1065,1119,2184,ITH,ITH5,8,Emilia-Romagna
2023-12-10,LAZ,196,89,107,196,ITI,ITI4,12,Lazio
2024-01-10,CAL,248,136,112,248,ITF,ITF6,18,Calabria
2023-11-22,UMB,671,334,337,671,ITI,ITI2,10,Umbria
2023-11-17,LAZ,2577,1245,1332,2577,ITI,ITI4,12,Lazio
2023-12-15,CAM,1435,821,614,1435,ITF,ITF3,15,Campania
2024-01-03,CAM,512,289,223,512,ITF,ITF3,15,Campania
2023-12-27,MOL,138,75,63,138,ITF,ITF2,14,Molise
2023-12-16,MAR,733,363,370,733,ITI,ITI3,11,Marche
2023-12-18,BAS,284,151,133,284,ITF,ITF5,17,Basilicata
2023-10-20,LIG,84,33,51,84,ITC,ITC3,7,Liguria
2023-12-25,PIE,14,8,6,14,ITC,ITC1,1,Piemonte
2023-11-22,VEN,3783,1722,2061,3783,ITH,ITH3,5,Veneto
2024-01-08,FVG,285,129,156,285,ITH,ITH4,6,Friuli-Venezia Giulia
2023-10-25,CAM,302,179,123,302,ITF,ITF3,15,Campania
2023-10-29,LOM,640,314,326,640,ITC,ITC4,3,Lombardia
2024-01-13,PUG,63,32,31,63,ITF,ITF4,16,Puglia
2024-01-05,FVG,378,201,177,378,ITH,ITH4,6,Friuli-Venezia Giulia
2023-11-26,LOM,1046,516,530,1046,ITC,ITC4,3,Lombardia
2023-12-08,VEN,1170,577,593,1170,ITH,ITH3,5,Veneto
2023-12-19,TOS,3337,1626,1711,3337,ITI,ITI1,9,Toscana
2023-10-30,PAB,185,83,102,185,ITH,ITH1,4,Provincia Autonoma Bolzano / Bozen
2023-10-12,EMR,55,24,31,55,ITH,ITH5,8,Emilia-Romagna
2023-12-21,VEN,4414,2252,2162,4414,ITH,ITH3,5,Veneto
2024-01-08,LOM,2699,1284,1415,2699,ITC,ITC4,3,Lombardia
2023-11-22,EMR,6178,3023,3155,6178,ITH,ITH5,8,Emilia-Romagna
2023-11-08,VDA,212,106,106,212,ITC,ITC2,2,Valle d'Aosta / Vallée d'Aoste
2023-12-20,EMR,5573,2816,2757,5573,ITH,ITH5,8,Emilia-Romagna
2024-01-13,ABR,28,12,16,28,ITF,ITF1,13,Abruzzo
2023-12-17,PUG,77,41,36,77,ITF,ITF4,16,Puglia
2023-11-15,MOL,97,57,40,97,ITF,ITF2,14,Molise
2023-12-17,CAL,128,55,73,128,ITF,ITF6,18,Calabria
2023-11-04,LIG,127,60,67,127,ITC,ITC3,7,Liguria
2024-01-23,PAB,11,5,6,11,ITH,ITH1,4,Provincia Autonoma Bolzano / Bozen
2023-10-28,PAB,7,2,5,7,ITH,ITH1,4,Provincia Autonoma Bolzano / Bozen
2023-12-04,CAL,442,217,225,442,ITF,ITF6,18,Calabria
2024-01-18,UMB,182,85,97,182,ITI,ITI2,10,Umbria
2024-01-25,LIG,164,79,85,164,ITC,ITC3,7,Liguria
2024-01-20,LOM,620,290,330,620,ITC,ITC4,3,Lombardia
2023-11-24,UMB,927,435,492,927,ITI,ITI2,10,Umbria
2023-09-29,SAR,1,1,0,1,ITG,ITG2,20,Sardegna
2024-01-13,BAS,20,10,10,20,ITF,ITF5,17,Basilicata
2023-10-24,VDA,165,79,86,165,ITC,ITC2,2,Valle d'Aosta / Vallée d'Aoste
2023-11-28,MOL,38,21,17,38,ITF,ITF2,14,Molise
2023-09-26,EMR,2,2,0,2,ITH,ITH5,8,Emilia-Romagna
2023-11-08,MAR,105,41,64,105,ITI,ITI3,11,Marche
2023-11-19,PUG,31,15,16,31,ITF,ITF4,16,Puglia
2023-10-03,LOM,167,75,92,167,ITC,ITC4,3,Lombardia
2023-10-19,LIG,171,81,90,171,ITC,ITC3,7,Liguria
2023-10-09,CAM,59,36,23,59,ITF,ITF3,15,Campania
2023-11-18,ABR,102,57,45,102,ITF,ITF1,13,Abruzzo
2023-11-26,FVG,42,17,25,42,ITH,ITH4,6,Friuli-Venezia Giulia
2023-12-23,SIC,166,88,78,166,ITG,ITG1,19,Sicilia
2024-01-20,FVG,19,7,12,19,ITH,ITH4,6,Friuli-Venezia Giulia
2023-12-08,PIE,113,52,61,113,ITC,ITC1,1,Piemonte
2023-10-14,UMB,6,3,3,6,ITI,ITI2,10,Umbria
2023-10-04,PIE,20,14,6,20,ITC,ITC1,1,Piemonte
2024-01-06,CAL,68,37,31,68,ITF,ITF6,18,Calabria
2024-01-04,MOL,18,14,4,18,ITF,ITF2,14,Molise
2023-12-24,CAM,3,1,2,3,ITF,ITF3,15,Campania
2023-10-17,SIC,21,11,10,21,ITG,ITG1,19,Sicilia
2023-10-15,EMR,1,0,1,1,ITH,ITH5,8,Emilia-Romagna
2024-01-03,PAB,12,5,7,12,ITH,ITH1,4,Provincia Autonoma Bolzano / Bozen
2023-11-11,BAS,13,5,8,13,ITF,ITF5,17,Basilicata
2023-10-04,ABR,2,1,1,2,ITF,ITF1,13,Abruzzo
2024-01-11,VDA,12,8,4,12,ITC,ITC2,2,Valle d'Aosta / Vallée d'Aoste
2023-10-29,CAM,2,0,2,2,ITF,ITF3,15,Campania
2024-01-07,FVG,1,0,1,1,ITH,ITH4,6,Friuli-Venezia Giulia
2023-10-01,MAR,1,1,0,1,ITI,ITI3,11,Marche
2023-10-22,PAT,1,0,1,1,ITH,ITH2,4,Provincia Autonoma Trento
2023-12-13,PUG,3473,1765,1708,3473,ITF,ITF4,16,Puglia
2023-11-22,CAL,227,122,105,227,ITF,ITF6,18,Calabria
2023-12-03,LAZ,82,40,42,82,ITI,ITI4,12,Lazio
2024-01-11,FVG,566,270,296,566,ITH,ITH4,6,Friuli-Venezia Giulia
2023-10-06,PUG,13,8,5,13,ITF,ITF4,16,Puglia
2024-01-12,ABR,118,64,54,118,ITF,ITF1,13,Abruzzo
2023-11-26,PUG,22,11,11,22,ITF,ITF4,16,Puglia
2024-01-20,PUG,94,37,57,94,ITF,ITF4,16,Puglia
2024-01-03,MAR,181,88,93,181,ITI,ITI3,11,Marche
2023-12-09,PAB,6,2,4,6,ITH,ITH1,4,Provincia Autonoma Bolzano / Bozen
2023-10-19,SIC,42,25,17,42,ITG,ITG1,19,Sicilia
2023-11-29,TOS,6316,2964,3352,6316,ITI,ITI1,9,Toscana
2024-01-02,LAZ,1330,617,713,1330,ITI,ITI4,12,Lazio
2024-01-12,CAL,138,83,55,138,ITF,ITF6,18,Calabria
2024-01-14,EMR,52,22,30,52,ITH,ITH5,8,Emilia-Romagna
2023-12-05,LIG,1807,862,945,1807,ITC,ITC3,7,Liguria
2023-12-17,MAR,47,25,22,47,ITI,ITI3,11,Marche
2023-12-09,LIG,304,152,152,304,ITC,ITC3,7,Liguria
2023-11-21,FVG,1176,568,608,1176,ITH,ITH4,6,Friuli-Venezia Giulia
2023-12-22,PAT,355,178,177,355,ITH,ITH2,4,Provincia Autonoma Trento
2023-10-13,VDA,77,35,42,77,ITC,ITC2,2,Valle d'Aosta / Vallée d'Aoste
2023-12-21,CAL,652,362,290,652,ITF,ITF6,18,Calabria
2023-12-22,PUG,2457,1273,1184,2457,ITF,ITF4,16,Puglia
2023-10-09,MOL,10,6,4,10,ITF,ITF2,14,Molise
2023-10-11,PAB,474,257,217,474,ITH,ITH1,4,Provincia Autonoma Bolzano / Bozen
2024-01-15,UMB,113,55,58,113,ITI,ITI2,10,Umbria
2024-01-05,VDA,5,1,4,5,ITC,ITC2,2,Valle d'Aosta / Vallée d'Aoste
2023-10-22,LAZ,42,21,21,42,ITI,ITI4,12,Lazio
2023-11-28,SAR,553,265,288,553,ITG,ITG2,20,Sardegna
2023-12-13,PAT,443,212,231,443,ITH,ITH2,4,Provincia Autonoma Trento
2024-01-04,PUG,1070,536,534,1070,ITF,ITF4,16,Puglia
2023-11-09,CAM,410,228,182,410,ITF,ITF3,15,Campania
2023-11-16,CAM,497,263,234,497,ITF,ITF3,15,Campania
2023-12-12,UMB,879,458,421,879,ITI,ITI2,10,Umbria
2023-11-21,LOM,9435,4387,5048,9435,ITC,ITC4,3,Lombardia
2023-10-29,LAZ,26,11,15,26,ITI,ITI4,12,Lazio
2023-11-17,PIE,3110,1506,1604,3110,ITC,ITC1,1,Piemonte
2023-12-11,CAM,894,484,410,894,ITF,ITF3,15,Campania
2023-10-21,FVG,100,43,57,100,ITH,ITH4,6,Friuli-Venezia Giulia
2023-10-24,PAB,688,334,354,688,ITH,ITH1,4,Provincia Autonoma Bolzano / Bozen
2023-10-27,ABR,125,59,66,125,ITF,ITF1,13,Abruzzo
2024-01-20,TOS,76,32,44,76,ITI,ITI1,9,Toscana
2024-01-10,MAR,241,113,128,241,ITI,ITI3,11,Marche
2023-11-26,TOS,124,62,62,124,ITI,ITI1,9,Toscana
2023-11-30,UMB,812,405,407,812,ITI,ITI2,10,Umbria
2024-01-19,BAS,62,33,29,62,ITF,ITF5,17,Basilicata
2023-10-23,LOM,7505,3728,3777,7505,ITC,ITC4,3,Lombardia
2023-10-19,VEN,208,85,123,208,ITH,ITH3,5,Veneto
2023-12-18,FVG,781,358,423,781,ITH,ITH4,6,Friuli-Venezia Giulia
2023-12-04,PAB,105,52,53,105,ITH,ITH1,4,Provincia Autonoma Bolzano / Bozen
2023-11-11,CAL,45,22,23,45,ITF,ITF6,18,Calabria
2023-10-11,LIG,53,14,39,53,ITC,ITC3,7,Liguria
2023-12-30,UMB,26,11,15,26,ITI,ITI2,10,Umbria
2024-01-12,PIE,1559,761,798,1559,ITC,ITC1,1,Piemonte
2023-11-17,SAR,491,242,249,491,ITG,ITG2,20,Sardegna
2023-12-24,PUG,37,23,14,37,ITF,ITF4,16,Puglia
2023-12-29,SAR,351,170,181,351,ITG,ITG2,20,Sardegna
2023-11-03,PIE,2433,1209,1224,2433,ITC,ITC1,1,Piemonte
2023-12-16,PIE,2147,1104,1043,2147,ITC,ITC1,1,Piemonte
2024-01-12,SAR,753,384,369,753,ITG,ITG2,20,Sardegna
2023-11-08,MOL,111,65,46,111,ITF,ITF2,14,Molise
2024-01-10,VDA,61,31,30,61,ITC,ITC2,2,Valle d'Aosta / Vallée d'Aoste
2023-10-26,VEN,1009,465,544,1009,ITH,ITH3,5,Veneto
2024-01-10,SIC,527,287,240,527,ITG,ITG1,19,Sicilia
2023-12-07,LOM,8301,4022,4279,8301,ITC,ITC4,3,Lombardia
2023-11-20,PAT,417,192,225,417,ITH,ITH2,4,Provincia Autonoma Trento
2024-01-18,LIG,600,265,335,600,ITC,ITC3,7,Liguria
2023-10-10,SAR,54,32,22,54,ITG,ITG2,20,Sardegna
2023-10-20,CAM,191,104,87,191,ITF,ITF3,15,Campania
2023-12-26,VDA,6,4,2,6,ITC,ITC2,2,Valle d'Aosta / Vallée d'Aoste
2023-11-03,ABR,195,93,102,195,ITF,ITF1,13,Abruzzo
2023-10-19,EMR,1949,969,980,1949,ITH,ITH5,8,Emilia-Romagna
2023-11-14,LAZ,2266,1097,1169,2266,ITI,ITI4,12,Lazio
2023-12-01,FVG,1054,487,567,1054,ITH,ITH4,6,Friuli-Venezia Giulia
2023-12-11,PAT,652,319,333,652,ITH,ITH2,4,Provincia Autonoma Trento
2023-12-05,MAR,24,11,13,24,ITI,ITI3,11,Marche
2023-12-18,CAM,1278,699,579,1278,ITF,ITF3,15,Campania
2023-11-12,FVG,12,4,8,12,ITH,ITH4,6,Friuli-Venezia Giulia
2023-10-28,UMB,79,25,54,79,ITI,ITI2,10,Umbria
2024-01-21,SIC,4,1,3,4,ITG,ITG1,19,Sicilia
2023-12-17,LIG,16,5,11,16,ITC,ITC3,7,Liguria
2024-01-17,PAB,52,27,25,52,ITH,ITH1,4,Provincia Autonoma Bolzano / Bozen
2023-12-08,PUG,18,10,8,18,ITF,ITF4,16,Puglia
2024-01-15,MOL,34,15,19,34,ITF,ITF2,14,Molise
2023-10-15,CAM,12,5,7,12,ITF,ITF3,15,Campania
2023-11-11,PAT,21,11,10,21,ITH,ITH2,4,Provincia Autonoma Trento
2023-10-06,ABR,3,2,1,3,ITF,ITF1,13,Abruzzo
2023-10-28,ABR,43,23,20,43,ITF,ITF1,13,Abruzzo
2023-12-23,PAB,1,0,1,1,ITH,ITH1,4,Provincia Autonoma Bolzano / Bozen
2023-10-27,MOL,3,2,1,3,ITF,ITF2,14,Molise
2023-12-24,CAL,4,1,3,4,ITF,ITF6,18,Calabria
2023-10-14,EMR,11,3,8,11,ITH,ITH5,8,Emilia-Romagna
2023-10-11,MOL,6,5,1,6,ITF,ITF2,14,Molise
2023-11-19,PAB,1,0,1,1,ITH,ITH1,4,Provincia Autonoma Bolzano / Bozen
2023-11-22,LIG,1153,559,594,1153,ITC,ITC3,7,Liguria
2024-01-16,PUG,569,276,293,569,ITF,ITF4,16,Puglia
2023-11-03,UMB,549,291,258,549,ITI,ITI2,10,Umbria
2023-12-09,PAT,30,20,10,30,ITH,ITH2,4,Provincia Autonoma Trento
2023-10-28,VEN,877,431,446,877,ITH,ITH3,5,Veneto
2024-01-15,FVG,293,124,169,293,ITH,ITH4,6,Friuli-Venezia Giulia
2023-12-26,PAT,39,19,20,39,ITH,ITH2,4,Provincia Autonoma Trento
2023-12-03,UMB,9,3,6,9,ITI,ITI2,10,Umbria
2023-12-09,PUG,223,108,115,223,ITF,ITF4,16,Puglia
2023-12-12,CAM,1413,753,660,1413,ITF,ITF3,15,Campania
2023-12-11,EMR,3468,1759,1709,3468,ITH,ITH5,8,Emilia-Romagna
2023-11-21,CAM,412,217,195,412,ITF,ITF3,15,Campania
2023-11-22,LOM,10454,4925,5529,10454,ITC,ITC4,3,Lombardia
2024-01-20,MAR,71,39,32,71,ITI,ITI3,11,Marche
2023-12-18,SIC,679,365,314,679,ITG,ITG1,19,Sicilia
2023-10-26,UMB,127,60,67,127,ITI,ITI2,10,Umbria
2023-11-16,MOL,123,57,66,123,ITF,ITF2,14,Molise
2024-01-19,FVG,265,129,136,265,ITH,ITH4,6,Friuli-Venezia Giulia
2023-10-13,MOL,9,7,2,9,ITF,ITF2,14,Molise
2023-12-13,MAR,124,45,79,124,ITI,ITI3,11,Marche
2023-11-24,VDA,126,67,59,126,ITC,ITC2,2,Valle d'Aosta / Vallée d'Aoste
2023-11-30,FVG,1201,551,650,1201,ITH,ITH4,6,Friuli-Venezia Giulia
2023-12-21,FVG,1058,513,545,1058,ITH,ITH4,6,Friuli-Venezia Giulia
2024-01-03,PAT,162,72,90,162,ITH,ITH2,4,Provincia Autonoma Trento
2023-11-09,PAT,738,386,352,738,ITH,ITH2,4,Provincia Autonoma Trento
2024-01-24,CAM,189,98,91,189,ITF,ITF3,15,Campania
2023-11-03,TOS,5929,2797,3132,5929,ITI,ITI1,9,Toscana
2024-01-02,PIE,877,444,433,877,ITC,ITC1,1,Piemonte
2023-10-20,LOM,5931,2928,3003,5931,ITC,ITC4,3,Lombardia
2023-11-14,SIC,257,130,127,257,ITG,ITG1,19,Sicilia
2023-11-09,PUG,1580,838,742,1580,ITF,ITF4,16,Puglia
2023-11-21,PIE,2899,1341,1558,2899,ITC,ITC1,1,Piemonte
2024-01-05,EMR,890,463,427,890,ITH,ITH5,8,Emilia-Romagna
2024-01-03,PUG,878,456,422,878,ITF,ITF4,16,Puglia
2024-01-16,PAT,151,68,83,151,ITH,ITH2,4,Provincia Autonoma Trento
2024-01-24,PAB,6,0,6,6,ITH,ITH1,4,Provincia Autonoma Bolzano / Bozen
2023-11-14,MAR,700,365,335,700,ITI,ITI3,11,Marche
2023-10-19,FVG,307,147,160,307,ITH,ITH4,6,Friuli-Venezia Giulia
2023-11-22,FVG,1088,519,569,1088,ITH,ITH4,6,Friuli-Venezia Giulia
2023-10-16,ABR,80,48,32,80,ITF,ITF1,13,Abruzzo
2023-12-17,VEN,4468,2363,2105,4468,ITH,ITH3,5,Veneto
2024-01-16,FVG,491,250,241,491,ITH,ITH4,6,Friuli-Venezia Giulia
2023-10-16,VDA,104,50,54,104,ITC,ITC2,2,Valle d'Aosta / Vallée d'Aoste
2023-11-13,ABR,263,126,137,263,ITF,ITF1,13,Abruzzo
2024-01-10,SAR,595,284,311,595,ITG,ITG2,20,Sardegna
2023-11-21,LIG,1693,849,844,1693,ITC,ITC3,7,Liguria
2023-12-22,BAS,412,216,196,412,ITF,ITF5,17,Basilicata
2023-11-10,ABR,239,122,117,239,ITF,ITF1,13,Abruzzo
2023-10-16,EMR,722,314,408,722,ITH,ITH5,8,Emilia-Romagna
2024-01-19,LIG,311,145,166,311,ITC,ITC3,7,Liguria
2024-01-02,PAB,22,13,9,22,ITH,ITH1,4,Provincia Autonoma Bolzano / Bozen
2023-12-24,TOS,48,23,25,48,ITI,ITI1,9,Toscana
2023-12-08,CAL,6,2,4,6,ITF,ITF6,18,Calabria
2023-11-08,LAZ,2253,1071,1182,2253,ITI,ITI4,12,Lazio
2024-01-08,EMR,1273,615,658,1273,ITH,ITH5,8,Emilia-Romagna
2023-11-18,FVG,329,168,161,329,ITH,ITH4,6,Friuli-Venezia Giulia
2023-10-30,CAL,59,30,29,59,ITF,ITF6,18,Calabria
2023-12-15,SAR,995,499,496,995,ITG,ITG2,20,Sardegna
2023-10-26,LIG,841,416,425,841,ITC,ITC3,7,Liguria
2023-12-15,VEN,3848,1928,1920,3848,ITH,ITH3,5,Veneto
2023-11-03,VEN,1366,626,740,1366,ITH,ITH3,5,Veneto
2023-11-03,SAR,217,112,105,217,ITG,ITG2,20,Sardegna
2023-10-20,VEN,489,235,254,489,ITH,ITH3,5,Veneto
2023-12-07,LAZ,3606,1722,1884,3606,ITI,ITI4,12,Lazio
2023-10-21,UMB,24,13,11,24,ITI,ITI2,10,Umbria
2024-01-10,LOM,3372,1567,1805,3372,ITC,ITC4,3,Lombardia
2023-11-27,CAM,408,232,176,408,ITF,ITF3,15,Campania
2023-10-17,ABR,19,10,9,19,ITF,ITF1,13,Abruzzo
2023-11-07,ABR,271,150,121,271,ITF,ITF1,13,Abruzzo
2023-10-12,MAR,29,15,14,29,ITI,ITI3,11,Marche
2023-10-24,FVG,664,341,323,664,ITH,ITH4,6,Friuli-Venezia Giulia
2024-01-10,VEN,978,465,513,978,ITH,ITH3,5,Veneto
2024-01-18,ABR,148,75,73,148,ITF,ITF1,13,Abruzzo
2023-12-15,CAL,488,275,213,488,ITF,ITF6,18,Calabria
2024-01-03,SAR,539,280,259,539,ITG,ITG2,20,Sardegna
2023-11-28,CAL,198,120,78,198,ITF,ITF6,18,Calabria
2023-11-28,LIG,1115,582,533,1115,ITC,ITC3,7,Liguria
2023-12-03,VEN,208,108,100,208,ITH,ITH3,5,Veneto
2023-11-20,SIC,158,81,77,158,ITG,ITG1,19,Sicilia
2023-10-05,LOM,362,191,171,362,ITC,ITC4,3,Lombardia
2024-01-25,FVG,246,115,131,246,ITH,ITH4,6,Friuli-Venezia Giulia
2023-12-29,LOM,4619,2113,2506,4619,ITC,ITC4,3,Lombardia
2023-12-15,LOM,10691,5204,5487,10691,ITC,ITC4,3,Lombardia
2024-01-15,SAR,304,158,146,304,ITG,ITG2,20,Sardegna
2023-12-02,TOS,1511,732,779,1511,ITI,ITI1,9,Toscana
2024-01-18,MAR,177,86,91,177,ITI,ITI3,11,Marche
2024-01-16,SAR,368,181,187,368,ITG,ITG2,20,Sardegna
2023-11-03,PAB,307,141,166,307,ITH,ITH1,4,Provincia Autonoma Bolzano / Bozen
2023-12-01,VDA,135,68,67,135,ITC,ITC2,2,Valle d'Aosta / Vallée d'Aoste
2024-01-12,TOS,1255,565,690,1255,ITI,ITI1,9,Toscana
2023-12-20,ABR,475,238,237,475,ITF,ITF1,13,Abruzzo
2024-01-15,VEN,463,225,238,463,ITH,ITH3,5,Veneto
2023-11-08,SIC,60,30,30,60,ITG,ITG1,19,Sicilia
2023-10-30,VEN,1320,594,726,1320,ITH,ITH3,5,Veneto
2023-10-13,ABR,67,33,34,67,ITF,ITF1,13,Abruzzo
2023-12-19,ABR,613,308,305,613,ITF,ITF1,13,Abruzzo
2023-11-27,UMB,376,194,182,376,ITI,ITI2,10,Umbria
2023-12-12,SAR,954,483,471,954,ITG,ITG2,20,Sardegna
2023-10-26,PAT,609,294,315,609,ITH,ITH2,4,Provincia Autonoma Trento
2023-11-06,PIE,1620,806,814,1620,ITC,ITC1,1,Piemonte
2023-10-12,PAB,565,292,273,565,ITH,ITH1,4,Provincia Autonoma Bolzano / Bozen
2023-10-26,SIC,56,28,28,56,ITG,ITG1,19,Sicilia
2023-10-19,CAM,298,169,129,298,ITF,ITF3,15,Campania
2023-11-21,SAR,499,243,256,499,ITG,ITG2,20,Sardegna
2023-10-26,PUG,1343,668,675,1343,ITF,ITF4,16,Puglia
2024-01-17,FVG,353,159,194,353,ITH,ITH4,6,Friuli-Venezia Giulia
2023-11-09,VEN,2475,1155,1320,2475,ITH,ITH3,5,Veneto
2023-12-14,PUG,3280,1662,1618,3280,ITF,ITF4,16,Puglia
2023-12-10,LOM,611,297,314,611,ITC,ITC4,3,Lombardia
2023-11-13,VEN,1893,903,990,1893,ITH,ITH3,5,Veneto
2023-10-13,MAR,100,55,45,100,ITI,ITI3,11,Marche
2023-11-04,ABR,38,22,16,38,ITF,ITF1,13,Abruzzo
2023-12-08,UMB,18,7,11,18,ITI,ITI2,10,Umbria
2023-12-15,LAZ,4325,2031,2294,4325,ITI,ITI4,12,Lazio
2023-11-06,ABR,163,91,72,163,ITF,ITF1,13,Abruzzo
2023-11-28,LAZ,3301,1620,1681,3301,ITI,ITI4,12,Lazio
2024-01-02,PUG,487,242,245,487,ITF,ITF4,16,Puglia
2023-11-28,FVG,1259,610,649,1259,ITH,ITH4,6,Friuli-Venezia Giulia
2023-10-14,PAB,21,7,14,21,ITH,ITH1,4,Provincia Autonoma Bolzano / Bozen
2023-12-03,PUG,72,39,33,72,ITF,ITF4,16,Puglia
2023-12-29,LAZ,2369,1175,1194,2369,ITI,ITI4,12,Lazio
2024-01-05,SIC,408,207,201,408,ITG,ITG1,19,Sicilia
2023-10-20,LAZ,747,376,371,747,ITI,ITI4,12,Lazio
2023-11-23,SAR,604,326,278,604,ITG,ITG2,20,Sardegna
2023-12-20,TOS,4084,2012,2072,4084,ITI,ITI1,9,Toscana
2023-11-10,UMB,690,324,366,690,ITI,ITI2,10,Umbria
2023-12-18,CAL,625,348,277,625,ITF,ITF6,18,Calabria
2023-11-11,PIE,1881,936,945,1881,ITC,ITC1,1,Piemonte
2023-10-16,PAB,150,72,78,150,ITH,ITH1,4,Provincia Autonoma Bolzano / Bozen
2023-12-22,VEN,3360,1791,1569,3360,ITH,ITH3,5,Veneto
2023-11-02,LAZ,1369,651,718,1369,ITI,ITI4,12,Lazio
2023-12-03,PAT,9,6,3,9,ITH,ITH2,4,Provincia Autonoma Trento
2023-11-20,CAM,441,257,184,441,ITF,ITF3,15,Campania
2023-12-30,ABR,11,5,6,11,ITF,ITF1,13,Abruzzo
2023-11-26,CAM,19,10,9,19,ITF,ITF3,15,Campania
2023-10-02,CAM,4,3,1,4,ITF,ITF3,15,Campania
2023-10-03,CAM,29,18,11,29,ITF,ITF3,15,Campania
2023-12-23,MAR,15,10,5,15,ITI,ITI3,11,Marche
2023-12-10,LIG,12,5,7,12,ITC,ITC3,7,Liguria
2023-12-26,MAR,1,0,1,1,ITI,ITI3,11,Marche
2024-01-21,BAS,2,2,0,2,ITF,ITF5,17,Basilicata
2023-11-06,BAS,5,3,2,5,ITF,ITF5,17,Basilicata
2023-10-13,CAL,6,4,2,6,ITF,ITF6,18,Calabria
2023-12-31,CAL,4,1,3,4,ITF,ITF6,18,Calabria
2023-11-01,VDA,1,0,1,1,ITC,ITC2,2,Valle d'Aosta / Vallée d'Aoste
2023-12-30,PUG,162,90,72,162,ITF,ITF4,16,Puglia
2023-12-01,VEN,3752,1856,1896,3752,ITH,ITH3,5,Veneto
2023-12-03,PIE,47,24,23,47,ITC,ITC1,1,Piemonte
2024-01-10,MOL,56,29,27,56,ITF,ITF2,14,Molise
2023-12-29,CAM,637,345,292,637,ITF,ITF3,15,Campania
2023-10-13,LAZ,248,119,129,248,ITI,ITI4,12,Lazio
2023-12-30,CAL,86,45,41,86,ITF,ITF6,18,Calabria
2023-12-28,VDA,49,27,22,49,ITC,ITC2,2,Valle d'Aosta / Vallée d'Aoste
2023-12-04,BAS,88,53,35,88,ITF,ITF5,17,Basilicata
2024-01-19,CAM,317,166,151,317,ITF,ITF3,15,Campania
2023-12-22,ABR,332,179,153,332,ITF,ITF1,13,Abruzzo
2023-11-12,UMB,127,73,54,127,ITI,ITI2,10,Umbria
2023-10-31,FVG,1068,505,563,1068,ITH,ITH4,6,Friuli-Venezia Giulia
2023-10-12,SAR,48,27,21,48,ITG,ITG2,20,Sardegna
2023-10-30,MOL,25,12,13,25,ITF,ITF2,14,Molise
2023-11-19,EMR,325,144,181,325,ITH,ITH5,8,Emilia-Romagna
2023-11-10,LOM,9917,4604,5313,9917,ITC,ITC4,3,Lombardia
2024-01-04,CAL,195,119,76,195,ITF,ITF6,18,Calabria
2024-01-15,PIE,772,373,399,772,ITC,ITC1,1,Piemonte
2023-11-30,PAT,682,345,337,682,ITH,ITH2,4,Provincia Autonoma Trento
2024-01-01,LAZ,204,108,96,204,ITI,ITI4,12,Lazio
2023-11-08,BAS,30,22,8,30,ITF,ITF5,17,Basilicata
2023-12-15,MOL,129,67,62,129,ITF,ITF2,14,Molise
2023-12-21,PAB,457,256,201,457,ITH,ITH1,4,Provincia Autonoma Bolzano / Bozen
2023-11-30,PUG,2281,1099,1182,2281,ITF,ITF4,16,Puglia
2024-01-17,ABR,151,70,81,151,ITF,ITF1,13,Abruzzo
2023-12-12,PIE,3431,1666,1765,3431,ITC,ITC1,1,Piemonte
2023-10-26,CAM,402,225,177,402,ITF,ITF3,15,Campania
2023-11-23,LOM,9076,4232,4844,9076,ITC,ITC4,3,Lombardia
2023-12-24,LAZ,229,115,114,229,ITI,ITI4,12,Lazio
2023-10-23,LIG,290,145,145,290,ITC,ITC3,7,Liguria
2023-11-29,FVG,1340,634,706,1340,ITH,ITH4,6,Friuli-Venezia Giulia
2023-11-09,PAB,551,266,285,551,ITH,ITH1,4,Provincia Autonoma Bolzano / Bozen
2023-10-12,LOM,563,245,318,563,ITC,ITC4,3,Lombardia
2023-11-19,LOM,493,236,257,493,ITC,ITC4,3,Lombardia
2023-10-16,PAT,226,76,150,226,ITH,ITH2,4,Provincia Autonoma Trento
2023-11-23,ABR,437,218,219,437,ITF,ITF1,13,Abruzzo
2023-12-09,TOS,531,261,270,531,ITI,ITI1,9,Toscana
2023-11-02,VDA,164,72,92,164,ITC,ITC2,2,Valle d'Aosta / Vallée d'Aoste
2023-10-28,PUG,396,211,185,396,ITF,ITF4,16,Puglia
2023-11-28,CAM,522,270,252,522,ITF,ITF3,15,Campania
2023-10-24,LIG,869,359,510,869,ITC,ITC3,7,Liguria
2023-12-19,LAZ,5859,2743,3116,5859,ITI,ITI4,12,Lazio
2023-11-11,LAZ,998,495,503,998,ITI,ITI4,12,Lazio
2023-10-20,SAR,120,59,61,120,ITG,ITG2,20,Sardegna
2023-10-17,EMR,1212,589,623,1212,ITH,ITH5,8,Emilia-Romagna
2023-11-07,LOM,10480,4845,5635,10480,ITC,ITC4,3,Lombardia
2023-11-01,EMR,267,113,154,267,ITH,ITH5,8,Emilia-Romagna
2023-12-06,LIG,1613,761,852,1613,ITC,ITC3,7,Liguria
2024-01-08,PUG,481,246,235,481,ITF,ITF4,16,Puglia
2023-10-28,PAT,47,16,31,47,ITH,ITH2,4,Provincia Autonoma Trento
2023-10-29,PUG,62,39,23,62,ITF,ITF4,16,Puglia
2024-01-03,MOL,73,41,32,73,ITF,ITF2,14,Molise
2023-10-23,FVG,332,166,166,332,ITH,ITH4,6,Friuli-Venezia Giulia
2024-01-04,LIG,480,236,244,480,ITC,ITC3,7,Liguria
2023-12-01,SAR,864,436,428,864,ITG,ITG2,20,Sardegna
2023-12-23,ABR,48,30,18,48,ITF,ITF1,13,Abruzzo
2023-10-23,PAB,216,99,117,216,ITH,ITH1,4,Provincia Autonoma Bolzano / Bozen
2024-01-13,UMB,69,29,40,69,ITI,ITI2,10,Umbria
2023-10-09,PAB,80,39,41,80,ITH,ITH1,4,Provincia Autonoma Bolzano / Bozen
2023-10-17,LOM,4983,2595,2388,4983,ITC,ITC4,3,Lombardia
2023-12-11,PUG,1870,971,899,1870,ITF,ITF4,16,Puglia
2024-01-13,PAT,9,5,4,9,ITH,ITH2,4,Provincia Autonoma Trento
2023-10-07,VEN,1,1,0,1,ITH,ITH3,5,Veneto
2023-10-11,MAR,4,2,2,4,ITI,ITI3,11,Marche
2023-10-29,VEN,36,20,16,36,ITH,ITH3,5,Veneto
2023-10-09,PUG,14,7,7,14,ITF,ITF4,16,Puglia
2023-12-10,VDA,1,0,1,1,ITC,ITC2,2,Valle d'Aosta / Vallée d'Aoste
2023-12-17,FVG,19,9,10,19,ITH,ITH4,6,Friuli-Venezia Giulia
2023-11-05,SIC,3,2,1,3,ITG,ITG1,19,Sicilia
2023-12-08,PAB,1,1,0,1,ITH,ITH1,4,Provincia Autonoma Bolzano / Bozen
2023-12-20,LAZ,5937,2899,3038,5937,ITI,ITI4,12,Lazio
2024-01-15,CAM,289,158,131,289,ITF,ITF3,15,Campania
2024-01-11,TOS,1333,618,715,1333,ITI,ITI1,9,Toscana
2023-10-24,VEN,741,285,456,741,ITH,ITH3,5,Veneto
2024-01-22,EMR,393,195,198,393,ITH,ITH5,8,Emilia-Romagna
2023-12-30,LOM,1665,818,847,1665,ITC,ITC4,3,Lombardia
2023-10-26,PIE,1529,742,787,1529,ITC,ITC1,1,Piemonte
2023-10-17,LAZ,432,232,200,432,ITI,ITI4,12,Lazio
2023-11-07,VDA,100,45,55,100,ITC,ITC2,2,Valle d'Aosta / Vallée d'Aoste
2024-01-18,MOL,8,1,7,8,ITF,ITF2,14,Molise
2023-10-14,CAM,41,15,26,41,ITF,ITF3,15,Campania
2023-11-16,FVG,1177,568,609,1177,ITH,ITH4,6,Friuli-Venezia Giulia
2023-12-01,LOM,10358,4825,5533,10358,ITC,ITC4,3,Lombardia
2023-11-06,SAR,313,148,165,313,ITG,ITG2,20,Sardegna
2023-11-30,LOM,10480,5000,5480,10480,ITC,ITC4,3,Lombardia
2023-10-27,CAM,278,148,130,278,ITF,ITF3,15,Campania
2024-01-24,TOS,389,165,224,389,ITI,ITI1,9,Toscana
2024-01-23,FVG,266,121,145,266,ITH,ITH4,6,Friuli-Venezia Giulia
2024-01-11,PUG,921,469,452,921,ITF,ITF4,16,Puglia
2023-11-20,LAZ,1570,799,771,1570,ITI,ITI4,12,Lazio
2023-11-30,PAB,545,263,282,545,ITH,ITH1,4,Provincia Autonoma Bolzano / Bozen
2023-11-25,VDA,102,49,53,102,ITC,ITC2,2,Valle d'Aosta / Vallée d'Aoste
2023-11-28,UMB,751,374,377,751,ITI,ITI2,10,Umbria
2024-01-22,VEN,324,158,166,324,ITH,ITH3,5,Veneto
2023-11-30,VEN,3978,1959,2019,3978,ITH,ITH3,5,Veneto
2023-10-04,TOS,274,153,121,274,ITI,ITI1,9,Toscana
2023-11-06,PAB,164,76,88,164,ITH,ITH1,4,Provincia Autonoma Bolzano / Bozen
2024-01-08,MAR,144,81,63,144,ITI,ITI3,11,Marche
2023-11-17,UMB,675,338,337,675,ITI,ITI2,10,Umbria
2023-12-29,PAB,15,4,11,15,ITH,ITH1,4,Provincia Autonoma Bolzano / Bozen
2023-11-06,UMB,333,157,176,333,ITI,ITI2,10,Umbria
2023-11-03,FVG,712,352,360,712,ITH,ITH4,6,Friuli-Venezia Giulia
2023-10-14,PUG,11,4,7,11,ITF,ITF4,16,Puglia
2024-01-02,LIG,212,103,109,212,ITC,ITC3,7,Liguria
2023-10-06,FVG,152,81,71,152,ITH,ITH4,6,Friuli-Venezia Giulia
2023-11-02,VEN,1815,809,1006,1815,ITH,ITH3,5,Veneto
2023-11-02,EMR,4142,1980,2162,4142,ITH,ITH5,8,Emilia-Romagna
2023-10-30,PUG,942,455,487,942,ITF,ITF4,16,Puglia
2023-12-14,PIE,3692,1801,1891,3692,ITC,ITC1,1,Piemonte
2023-12-29,UMB,367,169,198,367,ITI,ITI2,10,Umbria
2023-12-16,FVG,329,156,173,329,ITH,ITH4,6,Friuli-Venezia Giulia
2023-10-30,CAM,373,214,159,373,ITF,ITF3,15,Campania
2023-12-31,LOM,75,25,50,75,ITC,ITC4,3,Lombardia
2024-01-06,PUG,55,39,16,55,ITF,ITF4,16,Puglia
2023-11-06,LOM,4352,2052,2300,4352,ITC,ITC4,3,Lombardia
2024-01-13,SIC,92,55,37,92,ITG,ITG1,19,Sicilia
2023-12-02,UMB,165,79,86,165,ITI,ITI2,10,Umbria
2023-10-17,TOS,651,295,356,651,ITI,ITI1,9,Toscana
2023-12-10,CAM,26,10,16,26,ITF,ITF3,15,Campania
2023-12-07,PAT,401,173,228,401,ITH,ITH2,4,Provincia Autonoma Trento
2023-11-24,PUG,2211,1102,1109,2211,ITF,ITF4,16,Puglia
2023-11-03,LOM,9050,4294,4756,9050,ITC,ITC4,3,Lombardia
2023-10-19,MOL,55,18,37,55,ITF,ITF2,14,Molise
2023-10-20,FVG,572,289,283,572,ITH,ITH4,6,Friuli-Venezia Giulia
2023-12-15,PAB,238,104,134,238,ITH,ITH1,4,Provincia Autonoma Bolzano / Bozen
2023-12-05,MOL,68,38,30,68,ITF,ITF2,14,Molise
2023-12-15,LIG,1562,720,842,1562,ITC,ITC3,7,Liguria
2023-12-04,EMR,3745,1838,1907,3745,ITH,ITH5,8,Emilia-Romagna
2023-12-16,LOM,8290,4018,4272,8290,ITC,ITC4,3,Lombardia
2023-10-30,PAT,341,176,165,341,ITH,ITH2,4,Provincia Autonoma Trento
2023-11-28,PAB,529,268,261,529,ITH,ITH1,4,Provincia Autonoma Bolzano / Bozen
2023-10-21,LOM,3459,1740,1719,3459,ITC,ITC4,3,Lombardia
2023-11-24,PAT,193,90,103,193,ITH,ITH2,4,Provincia Autonoma Trento
2023-10-19,PIE,576,282,294,576,ITC,ITC1,1,Piemonte
2023-12-19,PAB,252,117,135,252,ITH,ITH1,4,Provincia Autonoma Bolzano / Bozen
2023-10-12,PUG,86,62,24,86,ITF,ITF4,16,Puglia
2024-01-17,UMB,345,164,181,345,ITI,ITI2,10,Umbria
2024-01-19,LOM,1604,715,889,1604,ITC,ITC4,3,Lombardia
2023-11-18,TOS,2455,1219,1236,2455,ITI,ITI1,9,Toscana
2023-12-02,LIG,414,193,221,414,ITC,ITC3,7,Liguria
2024-01-23,CAL,55,34,21,55,ITF,ITF6,18,Calabria
2023-11-16,CAL,130,71,59,130,ITF,ITF6,18,Calabria
2023-12-18,VDA,13,5,8,13,ITC,ITC2,2,Valle d'Aosta / Vallée d'Aoste
2023-11-13,VDA,63,31,32,63,ITC,ITC2,2,Valle d'Aosta / Vallée d'Aoste
2023-10-26,CAL,21,8,13,21,ITF,ITF6,18,Calabria
2023-11-02,PAB,345,158,187,345,ITH,ITH1,4,Provincia Autonoma Bolzano / Bozen
2023-12-06,ABR,358,167,191,358,ITF,ITF1,13,Abruzzo
2024-01-05,TOS,1148,577,571,1148,ITI,ITI1,9,Toscana
2023-12-04,VEN,2672,1301,1371,2672,ITH,ITH3,5,Veneto
2023-11-11,TOS,2476,1132,1344,2476,ITI,ITI1,9,Toscana
2023-12-07,PUG,1752,923,829,1752,ITF,ITF4,16,Puglia
2023-12-09,EMR,719,345,374,719,ITH,ITH5,8,Emilia-Romagna
2023-11-14,UMB,655,319,336,655,ITI,ITI2,10,Umbria
2023-12-06,FVG,1421,669,752,1421,ITH,ITH4,6,Friuli-Venezia Giulia
2023-10-04,PAT,11,7,4,11,ITH,ITH2,4,Provincia Autonoma Trento
2023-12-19,VEN,4171,2022,2149,4171,ITH,ITH3,5,Veneto
2023-10-24,EMR,3616,1719,1897,3616,ITH,ITH5,8,Emilia-Romagna
2023-11-10,EMR,7698,3751,3947,7698,ITH,ITH5,8,Emilia-Romagna
2023-12-14,CAL,615,351,264,615,ITF,ITF6,18,Calabria
2023-12-23,UMB,131,63,68,131,ITI,ITI2,10,Umbria
2023-11-08,CAL,111,72,39,111,ITF,ITF6,18,Calabria
2024-01-13,LIG,217,105,112,217,ITC,ITC3,7,Liguria
2023-11-27,PAB,36,21,15,36,ITH,ITH1,4,Provincia Autonoma Bolzano / Bozen
2024-01-11,PAT,55,29,26,55,ITH,ITH2,4,Provincia Autonoma Trento
2024-01-07,VEN,5,2,3,5,ITH,ITH3,5,Veneto
2023-11-10,PAB,271,131,140,271,ITH,ITH1,4,Provincia Autonoma Bolzano / Bozen
2023-12-18,MAR,668,349,319,668,ITI,ITI3,11,Marche
2023-12-30,CAM,223,130,93,223,ITF,ITF3,15,Campania
2023-11-21,PAT,550,252,298,550,ITH,ITH2,4,Provincia Autonoma Trento
2023-10-31,UMB,282,136,146,282,ITI,ITI2,10,Umbria
2023-11-21,PUG,1846,890,956,1846,ITF,ITF4,16,Puglia
2023-12-12,LOM,10549,5055,5494,10549,ITC,ITC4,3,Lombardia
2024-01-16,VEN,945,466,479,945,ITH,ITH3,5,Veneto
2023-11-08,SAR,292,155,137,292,ITG,ITG2,20,Sardegna
2023-12-30,EMR,159,69,90,159,ITH,ITH5,8,Emilia-Romagna
2023-11-10,MAR,1015,517,498,1015,ITI,ITI3,11,Marche
2023-10-26,PAB,780,388,392,780,ITH,ITH1,4,Provincia Autonoma Bolzano / Bozen
2023-10-12,ABR,27,14,13,27,ITF,ITF1,13,Abruzzo
2023-11-05,VDA,8,3,5,8,ITC,ITC2,2,Valle d'Aosta / Vallée d'Aoste
2023-12-08,LOM,441,217,224,441,ITC,ITC4,3,Lombardia
2023-12-29,LIG,820,404,416,820,ITC,ITC3,7,Liguria
2024-01-03,VEN,637,273,364,637,ITH,ITH3,5,Veneto
2024-01-15,PUG,447,214,233,447,ITF,ITF4,16,Puglia
2023-12-12,LIG,2898,1387,1511,2898,ITC,ITC3,7,Liguria
2023-11-27,LIG,325,167,158,325,ITC,ITC3,7,Liguria
2023-11-19,ABR,25,13,12,25,ITF,ITF1,13,Abruzzo
2023-12-09,FVG,140,67,73,140,ITH,ITH4,6,Friuli-Venezia Giulia
2023-10-30,SAR,170,94,76,170,ITG,ITG2,20,Sardegna
2023-10-20,CAL,6,4,2,6,ITF,ITF6,18,Calabria
2023-11-04,CAL,40,21,19,40,ITF,ITF6,18,Calabria
2023-12-25,LAZ,11,8,3,11,ITI,ITI4,12,Lazio
2023-12-26,FVG,18,6,12,18,ITH,ITH4,6,Friuli-Venezia Giulia
2023-12-29,CAL,248,127,121,248,ITF,ITF6,18,Calabria
2024-01-15,PAT,60,28,32,60,ITH,ITH2,4,Provincia Autonoma Trento
2023-12-10,SIC,59,31,28,59,ITG,ITG1,19,Sicilia
2023-12-12,PAB,332,165,167,332,ITH,ITH1,4,Provincia Autonoma Bolzano / Bozen
2024-01-19,PAB,8,5,3,8,ITH,ITH1,4,Provincia Autonoma Bolzano / Bozen
2023-12-06,EMR,5195,2563,2632,5195,ITH,ITH5,8,Emilia-Romagna
2023-11-25,PIE,1396,717,679,1396,ITC,ITC1,1,Piemonte
2023-11-06,MAR,410,206,204,410,ITI,ITI3,11,Marche
2024-01-19,UMB,108,46,62,108,ITI,ITI2,10,Umbria
2023-11-18,PUG,343,172,171,343,ITF,ITF4,16,Puglia
2024-01-20,SIC,59,29,30,59,ITG,ITG1,19,Sicilia
2023-10-04,LAZ,16,9,7,16,ITI,ITI4,12,Lazio
2023-12-11,LOM,9369,4572,4797,9369,ITC,ITC4,3,Lombardia
2024-01-19,SAR,246,121,125,246,ITG,ITG2,20,Sardegna
2024-01-11,LAZ,2556,1205,1351,2556,ITI,ITI4,12,Lazio
2024-01-24,LIG,392,162,230,392,ITC,ITC3,7,Liguria
2023-10-29,FVG,9,4,5,9,ITH,ITH4,6,Friuli-Venezia Giulia
2023-11-18,PAT,44,21,23,44,ITH,ITH2,4,Provincia Autonoma Trento
2023-09-26,TOS,15,7,8,15,ITI,ITI1,9,Toscana
2023-12-08,CAM,30,17,13,30,ITF,ITF3,15,Campania
2023-12-03,FVG,8,2,6,8,ITH,ITH4,6,Friuli-Venezia Giulia
2023-09-29,TOS,3,0,3,3,ITI,ITI1,9,Toscana
2023-10-21,PAB,3,0,3,3,ITH,ITH1,4,Provincia Autonoma Bolzano / Bozen
2024-01-22,MOL,8,3,5,8,ITF,ITF2,14,Molise
2024-01-12,PAB,34,13,21,34,ITH,ITH1,4,Provincia Autonoma Bolzano / Bozen
2024-01-06,TOS,6,3,3,6,ITI,ITI1,9,Toscana
2023-12-17,UMB,13,6,7,13,ITI,ITI2,10,Umbria
2023-10-29,PAT,1,0,1,1,ITH,ITH2,4,Provincia Autonoma Trento
2024-01-01,VEN,1,0,1,1,ITH,ITH3,5,Veneto
2023-12-26,PUG,7,6,1,7,ITF,ITF4,16,Puglia
2023-12-08,LIG,2,1,1,2,ITC,ITC3,7,Liguria
2023-10-15,MAR,1,1,0,1,ITI,ITI3,11,Marche
2024-01-10,PIE,1226,581,645,1226,ITC,ITC1,1,Piemonte
2023-11-16,PIE,3028,1424,1604,3028,ITC,ITC1,1,Piemonte
2023-12-04,MAR,548,271,277,548,ITI,ITI3,11,Marche
2023-12-21,MAR,1486,800,686,1486,ITI,ITI3,11,Marche
2023-12-15,EMR,6633,3323,3310,6633,ITH,ITH5,8,Emilia-Romagna
2024-01-16,LIG,680,329,351,680,ITC,ITC3,7,Liguria
2024-01-05,SAR,516,286,230,516,ITG,ITG2,20,Sardegna
2023-12-30,LIG,433,222,211,433,ITC,ITC3,7,Liguria
2023-12-13,LIG,1851,886,965,1851,ITC,ITC3,7,Liguria
2024-01-12,LOM,3016,1370,1646,3016,ITC,ITC4,3,Lombardia
2023-11-04,FVG,159,76,83,159,ITH,ITH4,6,Friuli-Venezia Giulia
2023-12-05,SIC,535,283,252,535,ITG,ITG1,19,Sicilia
2024-01-01,EMR,20,10,10,20,ITH,ITH5,8,Emilia-Romagna
2024-01-16,PAB,19,11,8,19,ITH,ITH1,4,Provincia Autonoma Bolzano / Bozen
2023-10-19,CAL,23,12,11,23,ITF,ITF6,18,Calabria
2023-11-01,LOM,1247,550,697,1247,ITC,ITC4,3,Lombardia
2023-11-20,EMR,3918,1874,2044,3918,ITH,ITH5,8,Emilia-Romagna
2023-12-06,SAR,679,357,322,679,ITG,ITG2,20,Sardegna
2023-10-09,PIE,85,35,50,85,ITC,ITC1,1,Piemonte
2023-11-12,PIE,55,26,29,55,ITC,ITC1,1,Piemonte
2023-12-28,MOL,62,35,27,62,ITF,ITF2,14,Molise
2023-12-18,ABR,484,251,233,484,ITF,ITF1,13,Abruzzo
2023-10-16,VEN,159,73,86,159,ITH,ITH3,5,Veneto
2023-12-05,VEN,4051,1989,2062,4051,ITH,ITH3,5,Veneto
2023-10-27,PAB,352,171,181,352,ITH,ITH1,4,Provincia Autonoma Bolzano / Bozen
2024-01-24,PAT,46,17,29,46,ITH,ITH2,4,Provincia Autonoma Trento
2023-12-16,VDA,72,36,36,72,ITC,ITC2,2,Valle d'Aosta / Vallée d'Aoste
2023-12-07,CAM,884,496,388,884,ITF,ITF3,15,Campania
2024-01-08,VEN,879,458,421,879,ITH,ITH3,5,Veneto
2024-01-23,PIE,481,232,249,481,ITC,ITC1,1,Piemonte
2024-01-25,LOM,958,417,541,958,ITC,ITC4,3,Lombardia
2024-01-11,CAM,566,315,251,566,ITF,ITF3,15,Campania
2023-11-30,CAM,659,375,284,659,ITF,ITF3,15,Campania
2023-12-08,TOS,21,7,14,21,ITI,ITI1,9,Toscana
2024-01-24,PUG,260,117,143,260,ITF,ITF4,16,Puglia
2023-10-18,UMB,18,9,9,18,ITI,ITI2,10,Umbria
2023-11-15,PIE,2837,1306,1531,2837,ITC,ITC1,1,Piemonte
2023-11-23,PAT,578,264,314,578,ITH,ITH2,4,Provincia Autonoma Trento
2023-11-06,LIG,480,239,241,480,ITC,ITC3,7,Liguria
2023-12-12,PAT,629,286,343,629,ITH,ITH2,4,Provincia Autonoma Trento
2023-10-12,LAZ,144,77,67,144,ITI,ITI4,12,Lazio
2024-01-09,UMB,211,103,108,211,ITI,ITI2,10,Umbria
2024-01-15,LIG,266,124,142,266,ITC,ITC3,7,Liguria
2023-11-25,CAL,29,12,17,29,ITF,ITF6,18,Calabria
2023-10-04,CAM,30,20,10,30,ITF,ITF3,15,Campania
2023-12-02,LOM,6136,3043,3093,6136,ITC,ITC4,3,Lombardia
2023-12-19,LOM,10707,5259,5448,10707,ITC,ITC4,3,Lombardia
2023-10-30,EMR,3325,1529,1796,3325,ITH,ITH5,8,Emilia-Romagna
2023-11-07,FVG,1265,603,662,1265,ITH,ITH4,6,Friuli-Venezia Giulia
2023-12-21,ABR,606,339,267,606,ITF,ITF1,13,Abruzzo
2024-01-10,TOS,973,461,512,973,ITI,ITI1,9,Toscana
2023-12-09,CAM,304,172,132,304,ITF,ITF3,15,Campania
2023-12-04,MOL,168,99,69,168,ITF,ITF2,14,Molise
2023-11-11,CAM,95,58,37,95,ITF,ITF3,15,Campania
2023-12-17,LOM,1004,489,515,1004,ITC,ITC4,3,Lombardia
2023-10-20,PIE,831,421,410,831,ITC,ITC1,1,Piemonte
2023-12-14,SAR,1111,590,521,1111,ITG,ITG2,20,Sardegna
2024-01-05,PAT,54,32,22,54,ITH,ITH2,4,Provincia Autonoma Trento
2023-10-26,MOL,9,4,5,9,ITF,ITF2,14,Molise
2023-11-12,ABR,28,15,13,28,ITF,ITF1,13,Abruzzo
2023-11-13,CAL,93,49,44,93,ITF,ITF6,18,Calabria
2023-10-30,TOS,2473,1165,1308,2473,ITI,ITI1,9,Toscana
2023-12-24,BAS,58,28,30,58,ITF,ITF5,17,Basilicata
2023-12-23,BAS,88,46,42,88,ITF,ITF5,17,Basilicata
2023-12-11,CAL,382,205,177,382,ITF,ITF6,18,Calabria
2023-11-18,PIE,1255,638,617,1255,ITC,ITC1,1,Piemonte
2024-01-10,PAT,80,41,39,80,ITH,ITH2,4,Provincia Autonoma Trento
2023-12-19,BAS,618,313,305,618,ITF,ITF5,17,Basilicata
2023-11-12,VEN,112,63,49,112,ITH,ITH3,5,Veneto
2024-01-13,FVG,24,14,10,24,ITH,ITH4,6,Friuli-Venezia Giulia
2023-10-24,CAM,354,199,155,354,ITF,ITF3,15,Campania
2023-12-20,LOM,11195,5441,5754,11195,ITC,ITC4,3,Lombardia
2023-11-13,EMR,3937,1892,2045,3937,ITH,ITH5,8,Emilia-Romagna
2023-12-28,ABR,403,202,201,403,ITF,ITF1,13,Abruzzo
2023-11-02,MAR,625,307,318,625,ITI,ITI3,11,Marche
2023-12-22,VDA,17,7,10,17,ITC,ITC2,2,Valle d'Aosta / Vallée d'Aoste
2023-11-16,SIC,260,141,119,260,ITG,ITG1,19,Sicilia
2023-12-27,MAR,398,212,186,398,ITI,ITI3,11,Marche
2023-12-06,PAB,414,217,197,414,ITH,ITH1,4,Provincia Autonoma Bolzano / Bozen
2023-12-20,CAL,655,370,285,655,ITF,ITF6,18,Calabria
2024-01-16,PIE,1065,533,532,1065,ITC,ITC1,1,Piemonte
2024-01-10,PUG,853,437,416,853,ITF,ITF4,16,Puglia
2023-12-28,MAR,602,341,261,602,ITI,ITI3,11,Marche
2024-01-22,SIC,127,53,74,127,ITG,ITG1,19,Sicilia
2023-11-24,MAR,844,434,410,844,ITI,ITI3,11,Marche
2023-10-24,PIE,1307,628,679,1307,ITC,ITC1,1,Piemonte
2024-01-18,LOM,1759,784,975,1759,ITC,ITC4,3,Lombardia
2024-01-09,SIC,372,187,185,372,ITG,ITG1,19,Sicilia
2023-11-05,EMR,192,102,90,192,ITH,ITH5,8,Emilia-Romagna
2024-01-07,LAZ,1791,926,865,1791,ITI,ITI4,12,Lazio
2024-01-23,SIC,169,89,80,169,ITG,ITG1,19,Sicilia
2024-01-04,CAM,225,114,111,225,ITF,ITF3,15,Campania
2023-12-07,BAS,194,113,81,194,ITF,ITF5,17,Basilicata
2023-12-26,PIE,99,51,48,99,ITC,ITC1,1,Piemonte
2023-12-02,LAZ,2411,1192,1219,2411,ITI,ITI4,12,Lazio
2023-12-06,UMB,1079,528,551,1079,ITI,ITI2,10,Umbria
2023-11-02,ABR,172,96,76,172,ITF,ITF1,13,Abruzzo
2023-12-27,ABR,240,125,115,240,ITF,ITF1,13,Abruzzo
2023-10-29,PIE,23,11,12,23,ITC,ITC1,1,Piemonte
2024-01-22,LAZ,888,403,485,888,ITI,ITI4,12,Lazio
2023-11-22,CAM,550,302,248,550,ITF,ITF3,15,Campania
2023-11-23,EMR,6353,3048,3305,6353,ITH,ITH5,8,Emilia-Romagna
2023-12-01,PUG,2356,1184,1172,2356,ITF,ITF4,16,Puglia
2023-11-04,LAZ,726,371,355,726,ITI,ITI4,12,Lazio
2023-11-09,TOS,8150,3857,4293,8150,ITI,ITI1,9,Toscana
2024-01-17,MAR,150,69,81,150,ITI,ITI3,11,Marche
2023-11-09,PIE,2957,1420,1537,2957,ITC,ITC1,1,Piemonte
2023-12-21,UMB,1136,558,578,1136,ITI,ITI2,10,Umbria
2023-11-06,PAT,425,207,218,425,ITH,ITH2,4,Provincia Autonoma Trento
2023-10-10,ABR,74,39,35,74,ITF,ITF1,13,Abruzzo
2023-12-14,ABR,670,345,325,670,ITF,ITF1,13,Abruzzo
2023-11-27,MOL,65,34,31,65,ITF,ITF2,14,Molise
2023-12-04,ABR,378,199,179,378,ITF,ITF1,13,Abruzzo
2023-11-10,VDA,165,76,89,165,ITC,ITC2,2,Valle d'Aosta / Vallée d'Aoste
2023-10-27,SIC,66,38,28,66,ITG,ITG1,19,Sicilia
2023-11-20,MAR,587,312,275,587,ITI,ITI3,11,Marche
2023-12-01,PAT,688,357,331,688,ITH,ITH2,4,Provincia Autonoma Trento
2023-12-31,ABR,1,1,0,1,ITF,ITF1,13,Abruzzo
2024-01-18,VEN,827,384,443,827,ITH,ITH3,5,Veneto
2023-11-13,LOM,8617,4037,4580,8617,ITC,ITC4,3,Lombardia
2024-01-18,SAR,374,188,186,374,ITG,ITG2,20,Sardegna
2024-01-19,PIE,985,476,509,985,ITC,ITC1,1,Piemonte
2023-12-09,PIE,695,335,360,695,ITC,ITC1,1,Piemonte
2023-12-30,PAT,6,2,4,6,ITH,ITH2,4,Provincia Autonoma Trento
2023-10-10,MAR,5,3,2,5,ITI,ITI3,11,Marche
2024-01-08,PAT,165,67,98,165,ITH,ITH2,4,Provincia Autonoma Trento
2023-10-09,SAR,66,32,34,66,ITG,ITG2,20,Sardegna
2023-11-15,VDA,154,85,69,154,ITC,ITC2,2,Valle d'Aosta / Vallée d'Aoste
2024-01-14,SIC,4,2,2,4,ITG,ITG1,19,Sicilia
2023-12-17,TOS,43,16,27,43,ITI,ITI1,9,Toscana
2023-10-12,VEN,6,1,5,6,ITH,ITH3,5,Veneto
2024-01-07,SIC,8,6,2,8,ITG,ITG1,19,Sicilia
2023-12-27,VDA,82,38,44,82,ITC,ITC2,2,Valle d'Aosta / Vallée d'Aoste
2023-11-12,PAB,2,2,0,2,ITH,ITH1,4,Provincia Autonoma Bolzano / Bozen
2023-10-03,VEN,1,1,0,1,ITH,ITH3,5,Veneto
2023-12-08,MOL,1,0,1,1,ITF,ITF2,14,Molise
2023-12-09,CAL,44,26,18,44,ITF,ITF6,18,Calabria
2023-12-20,PIE,3061,1514,1547,3061,ITC,ITC1,1,Piemonte
2024-01-20,LIG,77,31,46,77,ITC,ITC3,7,Liguria
2023-10-19,ABR,124,76,48,124,ITF,ITF1,13,Abruzzo
2023-11-30,MAR,38,22,16,38,ITI,ITI3,11,Marche
2023-11-13,MAR,475,229,246,475,ITI,ITI3,11,Marche
2023-11-05,PAB,6,2,4,6,ITH,ITH1,4,Provincia Autonoma Bolzano / Bozen
2024-01-04,SIC,521,285,236,521,ITG,ITG1,19,Sicilia
2023-11-04,CAM,89,50,39,89,ITF,ITF3,15,Campania
2024-01-12,PUG,1026,515,511,1026,ITF,ITF4,16,Puglia
2023-12-08,BAS,19,10,9,19,ITF,ITF5,17,Basilicata
2023-11-01,VEN,12,4,8,12,ITH,ITH3,5,Veneto
2023-12-31,VEN,131,60,71,131,ITH,ITH3,5,Veneto
2023-12-24,PIE,11,4,7,11,ITC,ITC1,1,Piemonte
2023-11-25,MAR,38,13,25,38,ITI,ITI3,11,Marche
2023-10-13,CAM,128,61,67,128,ITF,ITF3,15,Campania
2023-12-13,BAS,340,193,147,340,ITF,ITF5,17,Basilicata
2023-12-02,VDA,6,3,3,6,ITC,ITC2,2,Valle d'Aosta / Vallée d'Aoste
2023-11-27,VEN,2489,1189,1300,2489,ITH,ITH3,5,Veneto
2024-01-22,PIE,299,145,154,299,ITC,ITC1,1,Piemonte
2023-12-18,VEN,3446,1725,1721,3446,ITH,ITH3,5,Veneto
2023-10-26,FVG,850,422,428,850,ITH,ITH4,6,Friuli-Venezia Giulia
2023-11-11,EMR,3418,1664,1754,3418,ITH,ITH5,8,Emilia-Romagna
2023-12-13,ABR,496,265,231,496,ITF,ITF1,13,Abruzzo
2023-11-09,CAL,122,64,58,122,ITF,ITF6,18,Calabria
2023-12-04,LAZ,2870,1362,1508,2870,ITI,ITI4,12,Lazio
2023-12-01,EMR,5502,2601,2901,5502,ITH,ITH5,8,Emilia-Romagna
2024-01-14,FVG,2,1,1,2,ITH,ITH4,6,Friuli-Venezia Giulia
2023-11-08,LOM,11434,5242,6192,11434,ITC,ITC4,3,Lombardia
2023-11-02,PIE,1548,750,798,1548,ITC,ITC1,1,Piemonte
2024-01-11,EMR,1337,642,695,1337,ITH,ITH5,8,Emilia-Romagna
2023-11-21,LAZ,2402,1195,1207,2402,ITI,ITI4,12,Lazio
2023-12-12,PUG,2885,1453,1432,2885,ITF,ITF4,16,Puglia
2024-01-19,PUG,629,302,327,629,ITF,ITF4,16,Puglia
2024-01-24,PIE,541,261,280,541,ITC,ITC1,1,Piemonte
2023-12-08,LAZ,330,168,162,330,ITI,ITI4,12,Lazio
2023-12-01,PAB,270,135,135,270,ITH,ITH1,4,Provincia Autonoma Bolzano / Bozen
2023-10-31,VDA,154,76,78,154,ITC,ITC2,2,Valle d'Aosta / Vallée d'Aoste
2023-11-10,BAS,12,6,6,12,ITF,ITF5,17,Basilicata
2023-11-22,LAZ,2392,1150,1242,2392,ITI,ITI4,12,Lazio
2023-11-17,ABR,360,180,180,360,ITF,ITF1,13,Abruzzo
2023-10-16,SIC,8,5,3,8,ITG,ITG1,19,Sicilia
2024-01-12,CAM,588,306,282,588,ITF,ITF3,15,Campania
2024-01-09,LIG,956,440,516,956,ITC,ITC3,7,Liguria
2023-11-28,LOM,10750,4970,5780,10750,ITC,ITC4,3,Lombardia
2023-10-31,PAB,550,258,292,550,ITH,ITH1,4,Provincia Autonoma Bolzano / Bozen
2023-10-28,FVG,779,403,376,779,ITH,ITH4,6,Friuli-Venezia Giulia
2023-12-16,CAL,191,95,96,191,ITF,ITF6,18,Calabria
2023-12-09,VEN,677,318,359,677,ITH,ITH3,5,Veneto
2023-10-23,PAT,145,75,70,145,ITH,ITH2,4,Provincia Autonoma Trento
2023-10-25,VDA,306,139,167,306,ITC,ITC2,2,Valle d'Aosta / Vallée d'Aoste
2023-11-24,VEN,3693,1870,1823,3693,ITH,ITH3,5,Veneto
2023-11-29,LAZ,4018,1940,2078,4018,ITI,ITI4,12,Lazio
2024-01-16,EMR,1124,528,596,1124,ITH,ITH5,8,Emilia-Romagna
2023-11-10,VEN,2771,1338,1433,2771,ITH,ITH3,5,Veneto
2023-10-23,PUG,858,424,434,858,ITF,ITF4,16,Puglia
2023-11-07,MAR,752,362,390,752,ITI,ITI3,11,Marche
2023-12-19,EMR,4697,2292,2405,4697,ITH,ITH5,8,Emilia-Romagna
2023-10-23,CAM,306,167,139,306,ITF,ITF3,15,Campania
2023-10-05,LIG,61,18,43,61,ITC,ITC3,7,Liguria
2023-11-21,TOS,5026,2287,2739,5026,ITI,ITI1,9,Toscana
2023-10-11,EMR,54,17,37,54,ITH,ITH5,8,Emilia-Romagna
2024-01-14,BAS,28,17,11,28,ITF,ITF5,17,Basilicata
2023-11-19,UMB,20,11,9,20,ITI,ITI2,10,Umbria
2023-11-05,FVG,11,7,4,11,ITH,ITH4,6,Friuli-Venezia Giulia
2023-10-28,CAL,12,7,5,12,ITF,ITF6,18,Calabria
2023-12-26,TOS,7,3,4,7,ITI,ITI1,9,Toscana
2024-01-07,EMR,75,38,37,75,ITH,ITH5,8,Emilia-Romagna
2024-01-06,CAM,8,5,3,8,ITF,ITF3,15,Campania
2023-09-29,CAM,11,6,5,11,ITF,ITF3,15,Campania
2023-10-14,VEN,1,1,0,1,ITH,ITH3,5,Veneto
2023-12-02,PAB,1,1,0,1,ITH,ITH1,4,Provincia Autonoma Bolzano / Bozen
2024-01-21,UMB,6,4,2,6,ITI,ITI2,10,Umbria
2023-10-02,EMR,1,0,1,1,ITH,ITH5,8,Emilia-Romagna
2023-10-30,LAZ,933,454,479,933,ITI,ITI4,12,Lazio
2023-12-12,FVG,1198,581,617,1198,ITH,ITH4,6,Friuli-Venezia Giulia
2023-10-18,FVG,140,77,63,140,ITH,ITH4,6,Friuli-Venezia Giulia
2023-10-25,SAR,213,105,108,213,ITG,ITG2,20,Sardegna
2023-12-07,MOL,159,78,81,159,ITF,ITF2,14,Molise
2023-12-16,LAZ,2982,1454,1528,2982,ITI,ITI4,12,Lazio
2023-10-23,MAR,387,192,195,387,ITI,ITI3,11,Marche
2024-01-08,ABR,89,45,44,89,ITF,ITF1,13,Abruzzo
2023-11-07,MOL,73,41,32,73,ITF,ITF2,14,Molise
2023-10-18,CAM,341,195,146,341,ITF,ITF3,15,Campania
2023-11-03,VDA,196,91,105,196,ITC,ITC2,2,Valle d'Aosta / Vallée d'Aoste
2024-01-03,ABR,160,84,76,160,ITF,ITF1,13,Abruzzo
2023-10-13,EMR,88,36,52,88,ITH,ITH5,8,Emilia-Romagna
2023-11-29,PIE,2799,1330,1469,2799,ITC,ITC1,1,Piemonte
2023-12-11,LAZ,3441,1648,1793,3441,ITI,ITI4,12,Lazio
2023-11-29,UMB,785,399,386,785,ITI,ITI2,10,Umbria
2023-12-13,SIC,628,333,295,628,ITG,ITG1,19,Sicilia
2023-12-18,LIG,1228,564,664,1228,ITC,ITC3,7,Liguria
2023-10-07,LOM,4,2,2,4,ITC,ITC4,3,Lombardia
2024-01-05,MOL,33,13,20,33,ITF,ITF2,14,Molise
2023-11-17,TOS,6687,3164,3523,6687,ITI,ITI1,9,Toscana
2024-01-17,PAT,80,36,44,80,ITH,ITH2,4,Provincia Autonoma Trento
2023-10-25,UMB,39,34,5,39,ITI,ITI2,10,Umbria
2024-01-03,BAS,182,103,79,182,ITF,ITF5,17,Basilicata
2023-11-22,SIC,219,119,100,219,ITG,ITG1,19,Sicilia
2024-01-02,UMB,92,40,52,92,ITI,ITI2,10,Umbria
2023-10-14,MAR,49,21,28,49,ITI,ITI3,11,Marche
2023-10-30,MAR,418,201,217,418,ITI,ITI3,11,Marche
2023-10-28,MAR,739,376,363,739,ITI,ITI3,11,Marche
2023-10-18,CAL,12,9,3,12,ITF,ITF6,18,Calabria
2023-10-02,TOS,286,162,124,286,ITI,ITI1,9,Toscana
2023-11-21,SIC,249,127,122,249,ITG,ITG1,19,Sicilia
2024-01-08,BAS,64,31,33,64,ITF,ITF5,17,Basilicata
2023-12-12,VDA,100,46,54,100,ITC,ITC2,2,Valle d'Aosta / Vallée d'Aoste
2024-01-24,UMB,89,47,42,89,ITI,ITI2,10,Umbria
2023-10-20,SIC,33,20,13,33,ITG,ITG1,19,Sicilia
2023-12-28,VEN,2352,1199,1153,2352,ITH,ITH3,5,Veneto
2023-12-28,SAR,596,275,321,596,ITG,ITG2,20,Sardegna
2023-12-18,PAB,112,53,59,112,ITH,ITH1,4,Provincia Autonoma Bolzano / Bozen
2023-12-23,PUG,230,108,122,230,ITF,ITF4,16,Puglia
2024-01-21,CAM,20,9,11,20,ITF,ITF3,15,Campania
2023-12-07,LIG,1749,860,889,1749,ITC,ITC3,7,Liguria
2024-01-07,PUG,21,19,2,21,ITF,ITF4,16,Puglia
2023-11-20,PAB,141,63,78,141,ITH,ITH1,4,Provincia Autonoma Bolzano / Bozen
2023-12-23,PAT,10,7,3,10,ITH,ITH2,4,Provincia Autonoma Trento
2023-12-20,MOL,271,152,119,271,ITF,ITF2,14,Molise
2024-01-10,ABR,154,75,79,154,ITF,ITF1,13,Abruzzo
2024-01-02,VEN,230,111,119,230,ITH,ITH3,5,Veneto
2023-10-04,LIG,12,4,8,12,ITC,ITC3,7,Liguria
2023-12-19,PUG,3152,1630,1522,3152,ITF,ITF4,16,Puglia
2023-11-25,VEN,2240,1092,1148,2240,ITH,ITH3,5,Veneto
2023-12-01,LAZ,3531,1738,1793,3531,ITI,ITI4,12,Lazio
2023-11-27,FVG,752,369,383,752,ITH,ITH4,6,Friuli-Venezia Giulia
2024-01-05,BAS,139,74,65,139,ITF,ITF5,17,Basilicata
2023-12-11,SIC,440,250,190,440,ITG,ITG1,19,Sicilia
2023-12-15,BAS,464,225,239,464,ITF,ITF5,17,Basilicata
2023-10-25,PAB,615,302,313,615,ITH,ITH1,4,Provincia Autonoma Bolzano / Bozen
2023-10-28,LAZ,716,348,368,716,ITI,ITI4,12,Lazio
2023-10-30,SIC,30,19,11,30,ITG,ITG1,19,Sicilia
2023-11-14,CAM,469,283,186,469,ITF,ITF3,15,Campania
2023-12-02,PUG,340,184,156,340,ITF,ITF4,16,Puglia
2024-01-17,TOS,567,252,315,567,ITI,ITI1,9,Toscana
2023-11-07,BAS,30,20,10,30,ITF,ITF5,17,Basilicata
2023-12-22,MOL,90,50,40,90,ITF,ITF2,14,Molise
2024-01-22,PUG,128,60,68,128,ITF,ITF4,16,Puglia
2024-01-22,CAL,62,36,26,62,ITF,ITF6,18,Calabria
2023-12-30,LAZ,1243,655,588,1243,ITI,ITI4,12,Lazio
2024-01-09,CAM,689,384,305,689,ITF,ITF3,15,Campania
2024-01-09,FVG,584,293,291,584,ITH,ITH4,6,Friuli-Venezia Giulia
2024-01-22,PAT,72,24,48,72,ITH,ITH2,4,Provincia Autonoma Trento
2023-12-23,TOS,651,353,298,651,ITI,ITI1,9,Toscana
2023-10-21,MAR,211,103,108,211,ITI,ITI3,11,Marche
2023-12-19,PAT,739,341,398,739,ITH,ITH2,4,Provincia Autonoma Trento
2024-01-02,ABR,101,46,55,101,ITF,ITF1,13,Abruzzo
2023-10-28,VDA,86,42,44,86,ITC,ITC2,2,Valle d'Aosta / Vallée d'Aoste
2023-11-14,PIE,2883,1339,1544,2883,ITC,ITC1,1,Piemonte
2023-11-02,PUG,1262,645,617,1262,ITF,ITF4,16,Puglia
2023-12-05,PIE,3155,1480,1675,3155,ITC,ITC1,1,Piemonte
2023-11-25,EMR,1988,983,1005,1988,ITH,ITH5,8,Emilia-Romagna
2023-11-13,TOS,3858,1803,2055,3858,ITI,ITI1,9,Toscana
2023-10-31,CAM,125,57,68,125,ITF,ITF3,15,Campania
2023-11-14,VDA,105,49,56,105,ITC,ITC2,2,Valle d'Aosta / Vallée d'Aoste
2023-10-21,VEN,49,21,28,49,ITH,ITH3,5,Veneto
2023-12-31,SIC,6,2,4,6,ITG,ITG1,19,Sicilia
2023-11-05,UMB,137,72,65,137,ITI,ITI2,10,Umbria
2024-01-19,PAT,52,23,29,52,ITH,ITH2,4,Provincia Autonoma Trento
2023-12-18,LOM,10355,5117,5238,10355,ITC,ITC4,3,Lombardia
2023-12-13,VDA,104,41,63,104,ITC,ITC2,2,Valle d'Aosta / Vallée d'Aoste
2023-10-31,MAR,607,296,311,607,ITI,ITI3,11,Marche
2024-01-09,EMR,1335,647,688,1335,ITH,ITH5,8,Emilia-Romagna
2024-01-20,BAS,20,8,12,20,ITF,ITF5,17,Basilicata
2024-01-20,ABR,19,9,10,19,ITF,ITF1,13,Abruzzo
2023-10-21,SIC,7,3,4,7,ITG,ITG1,19,Sicilia
2023-12-19,MAR,1024,513,511,1024,ITI,ITI3,11,Marche
2023-10-25,MAR,530,265,265,530,ITI,ITI3,11,Marche
2023-11-13,SAR,354,183,171,354,ITG,ITG2,20,Sardegna
2023-11-03,PAT,357,173,184,357,ITH,ITH2,4,Provincia Autonoma Trento
2023-11-03,SIC,70,39,31,70,ITG,ITG1,19,Sicilia
2023-12-03,SIC,157,80,77,157,ITG,ITG1,19,Sicilia
2023-12-22,UMB,996,508,488,996,ITI,ITI2,10,Umbria
2024-01-12,MOL,28,15,13,28,ITF,ITF2,14,Molise
2023-10-21,PUG,221,101,120,221,ITF,ITF4,16,Puglia
2023-11-09,SAR,303,160,143,303,ITG,ITG2,20,Sardegna
2024-01-05,PUG,829,399,430,829,ITF,ITF4,16,Puglia
2024-01-22,BAS,16,7,9,16,ITF,ITF5,17,Basilicata
2023-12-12,VEN,3394,1652,1742,3394,ITH,ITH3,5,Veneto
2023-11-21,VEN,3108,1507,1601,3108,ITH,ITH3,5,Veneto
2023-12-13,PIE,3155,1478,1677,3155,ITC,ITC1,1,Piemonte
2023-11-03,PUG,1626,841,785,1626,ITF,ITF4,16,Puglia
2023-10-23,MOL,37,14,23,37,ITF,ITF2,14,Molise
2024-01-04,FVG,430,206,224,430,ITH,ITH4,6,Friuli-Venezia Giulia
2023-11-23,MAR,55,23,32,55,ITI,ITI3,11,Marche
2024-01-25,CAM,195,105,90,195,ITF,ITF3,15,Campania
2024-01-02,SIC,213,116,97,213,ITG,ITG1,19,Sicilia
2023-10-17,VEN,164,61,103,164,ITH,ITH3,5,Veneto
2024-01-22,ABR,51,25,26,51,ITF,ITF1,13,Abruzzo
2023-11-24,BAS,63,33,30,63,ITF,ITF5,17,Basilicata
2023-12-01,TOS,5695,2641,3054,5695,ITI,ITI1,9,Toscana
2023-12-12,SIC,681,367,314,681,ITG,ITG1,19,Sicilia
2023-11-29,CAL,192,115,77,192,ITF,ITF6,18,Calabria
2023-12-27,BAS,165,84,81,165,ITF,ITF5,17,Basilicata
2023-11-22,TOS,6311,2918,3393,6311,ITI,ITI1,9,Toscana
2024-01-18,TOS,852,396,456,852,ITI,ITI1,9,Toscana
2023-10-12,PIE,105,50,55,105,ITC,ITC1,1,Piemonte
2023-11-05,TOS,192,100,92,192,ITI,ITI1,9,Toscana
2023-10-11,SAR,89,42,47,89,ITG,ITG2,20,Sardegna
2023-11-23,SIC,259,143,116,259,ITG,ITG1,19,Sicilia
2023-10-18,PAB,625,301,324,625,ITH,ITH1,4,Provincia Autonoma Bolzano / Bozen
2023-12-16,PUG,627,315,312,627,ITF,ITF4,16,Puglia
2023-12-02,CAM,159,91,68,159,ITF,ITF3,15,Campania
2023-10-01,LOM,2772,1464,1308,2772,ITC,ITC4,3,Lombardia
2024-01-02,CAL,111,70,41,111,ITF,ITF6,18,Calabria
2023-12-28,LAZ,3548,1757,1791,3548,ITI,ITI4,12,Lazio
2023-11-12,LOM,1024,488,536,1024,ITC,ITC4,3,Lombardia
2024-01-18,PIE,979,471,508,979,ITC,ITC1,1,Piemonte
2024-01-20,PIE,271,133,138,271,ITC,ITC1,1,Piemonte
2023-11-26,PIE,56,27,29,56,ITC,ITC1,1,Piemonte
2023-11-23,VEN,3503,1778,1725,3503,ITH,ITH3,5,Veneto
2023-11-18,CAL,34,21,13,34,ITF,ITF6,18,Calabria
2023-11-10,PIE,3358,1628,1730,3358,ITC,ITC1,1,Piemonte
2023-11-20,BAS,5,1,4,5,ITF,ITF5,17,Basilicata
2024-01-19,SIC,357,172,185,357,ITG,ITG1,19,Sicilia
2023-12-16,PAT,1278,607,671,1278,ITH,ITH2,4,Provincia Autonoma Trento
2023-12-19,VDA,44,21,23,44,ITC,ITC2,2,Valle d'Aosta / Vallée d'Aoste
2023-11-06,CAM,337,195,142,337,ITF,ITF3,15,Campania
2023-12-22,SAR,606,313,293,606,ITG,ITG2,20,Sardegna
2023-10-21,PAT,65,35,30,65,ITH,ITH2,4,Provincia Autonoma Trento
2023-12-27,LAZ,2224,1104,1120,2224,ITI,ITI4,12,Lazio
2023-12-05,TOS,4273,1968,2305,4273,ITI,ITI1,9,Toscana
2023-11-29,LIG,1373,662,711,1373,ITC,ITC3,7,Liguria
2024-01-24,LAZ,732,313,419,732,ITI,ITI4,12,Lazio
2023-10-24,MAR,572,298,274,572,ITI,ITI3,11,Marche
2024-01-07,BAS,9,4,5,9,ITF,ITF5,17,Basilicata
2023-10-05,FVG,29,11,18,29,ITH,ITH4,6,Friuli-Venezia Giulia
2023-11-26,BAS,3,2,1,3,ITF,ITF5,17,Basilicata
2023-10-06,VDA,18,10,8,18,ITC,ITC2,2,Valle d'Aosta / Vallée d'Aoste
2024-01-11,MOL,7,2,5,7,ITF,ITF2,14,Molise
2023-12-24,ABR,1,1,0,1,ITF,ITF1,13,Abruzzo
2023-11-26,VDA,3,0,3,3,ITC,ITC2,2,Valle d'Aosta / Vallée d'Aoste
2024-01-07,PIE,4,1,3,4,ITC,ITC1,1,Piemonte
2023-12-03,CAL,3,2,1,3,ITF,ITF6,18,Calabria
2023-12-31,PUG,1,0,1,1,ITF,ITF4,16,Puglia
2023-11-20,LIG,608,300,308,608,ITC,ITC3,7,Liguria
2024-01-02,SAR,303,150,153,303,ITG,ITG2,20,Sardegna
2023-12-31,LAZ,421,193,228,421,ITI,ITI4,12,Lazio
2023-12-01,MAR,32,10,22,32,ITI,ITI3,11,Marche
2024-01-10,BAS,170,91,79,170,ITF,ITF5,17,Basilicata
2023-10-25,VEN,981,348,633,981,ITH,ITH3,5,Veneto
2023-11-24,TOS,6636,3122,3514,6636,ITI,ITI1,9,Toscana
2024-01-02,EMR,880,440,440,880,ITH,ITH5,8,Emilia-Romagna
2024-01-17,PUG,533,263,270,533,ITF,ITF4,16,Puglia
2023-12-25,LOM,35,17,18,35,ITC,ITC4,3,Lombardia
2023-11-06,VDA,103,51,52,103,ITC,ITC2,2,Valle d'Aosta / Vallée d'Aoste
2023-11-29,PAB,543,250,293,543,ITH,ITH1,4,Provincia Autonoma Bolzano / Bozen
2023-12-08,SIC,1,1,0,1,ITG,ITG1,19,Sicilia
2023-12-16,LIG,871,435,436,871,ITC,ITC3,7,Liguria
2024-01-04,EMR,1160,548,612,1160,ITH,ITH5,8,Emilia-Romagna
2023-12-04,PAT,551,259,292,551,ITH,ITH2,4,Provincia Autonoma Trento
2023-10-26,MAR,190,85,105,190,ITI,ITI3,11,Marche
2023-11-13,MOL,86,52,34,86,ITF,ITF2,14,Molise
2023-12-04,PUG,1732,922,810,1732,ITF,ITF4,16,Puglia
2023-12-04,TOS,3169,1521,1648,3169,ITI,ITI1,9,Toscana
2023-10-10,TOS,315,152,163,315,ITI,ITI1,9,Toscana
2023-12-15,ABR,664,353,311,664,ITF,ITF1,13,Abruzzo
2023-12-14,LAZ,4560,2163,2397,4560,ITI,ITI4,12,Lazio
2023-12-05,CAM,916,481,435,916,ITF,ITF3,15,Campania
2023-10-26,VDA,117,57,60,117,ITC,ITC2,2,Valle d'Aosta / Vallée d'Aoste
2023-10-10,PUG,82,33,49,82,ITF,ITF4,16,Puglia
2023-12-02,CAL,92,54,38,92,ITF,ITF6,18,Calabria
2024-01-11,LIG,991,480,511,991,ITC,ITC3,7,Liguria
2023-10-25,EMR,4312,2050,2262,4312,ITH,ITH5,8,Emilia-Romagna
2023-10-13,SAR,111,56,55,111,ITG,ITG2,20,Sardegna
2023-11-27,LOM,412,144,268,412,ITC,ITC4,3,Lombardia
2023-12-02,ABR,135,67,68,135,ITF,ITF1,13,Abruzzo
2023-10-13,VEN,101,29,72,101,ITH,ITH3,5,Veneto
2023-11-25,UMB,229,100,129,229,ITI,ITI2,10,Umbria
2023-12-02,PAT,2,0,2,2,ITH,ITH2,4,Provincia Autonoma Trento
2023-12-17,BAS,28,24,4,28,ITF,ITF5,17,Basilicata
2024-01-20,PAB,1,0,1,1,ITH,ITH1,4,Provincia Autonoma Bolzano / Bozen
2023-11-11,MOL,38,5,33,38,ITF,ITF2,14,Molise
2024-01-06,MAR,10,6,4,10,ITI,ITI3,11,Marche
2023-11-12,MAR,78,41,37,78,ITI,ITI3,11,Marche
2023-11-30,VDA,86,41,45,86,ITC,ITC2,2,Valle d'Aosta / Vallée d'Aoste
2023-12-03,ABR,6,3,3,6,ITF,ITF1,13,Abruzzo
2023-11-25,PAB,5,1,4,5,ITH,ITH1,4,Provincia Autonoma Bolzano / Bozen
2024-01-16,VDA,11,5,6,11,ITC,ITC2,2,Valle d'Aosta / Vallée d'Aoste
2023-10-15,LIG,1,0,1,1,ITC,ITC3,7,Liguria
2023-12-25,EMR,10,6,4,10,ITH,ITH5,8,Emilia-Romagna
2023-11-01,SIC,1,0,1,1,ITG,ITG1,19,Sicilia
2024-01-21,PIE,3,1,2,3,ITC,ITC1,1,Piemonte
2023-10-05,ABR,2,1,1,2,ITF,ITF1,13,Abruzzo
2024-01-19,VDA,2,1,1,2,ITC,ITC2,2,Valle d'Aosta / Vallée d'Aoste
2023-10-05,EMR,1,0,1,1,ITH,ITH5,8,Emilia-Romagna
2023-10-04,LOM,287,138,149,287,ITC,ITC4,3,Lombardia
2023-10-23,SAR,128,69,59,128,ITG,ITG2,20,Sardegna
2023-10-30,ABR,130,68,62,130,ITF,ITF1,13,Abruzzo
2024-01-06,LOM,28,13,15,28,ITC,ITC4,3,Lombardia
2023-11-15,PUG,2096,1038,1058,2096,ITF,ITF4,16,Puglia
2024-01-04,TOS,1334,622,712,1334,ITI,ITI1,9,Toscana
2023-11-22,PIE,3057,1445,1612,3057,ITC,ITC1,1,Piemonte
2023-10-12,CAM,233,130,103,233,ITF,ITF3,15,Campania
2023-12-14,BAS,331,172,159,331,ITF,ITF5,17,Basilicata
2023-11-15,CAM,427,243,184,427,ITF,ITF3,15,Campania
2024-01-14,VEN,16,8,8,16,ITH,ITH3,5,Veneto
2023-12-06,CAL,356,205,151,356,ITF,ITF6,18,Calabria
2023-12-06,BAS,182,94,88,182,ITF,ITF5,17,Basilicata
2023-11-24,LOM,10899,5084,5815,10899,ITC,ITC4,3,Lombardia
2023-10-31,SAR,183,81,102,183,ITG,ITG2,20,Sardegna
2023-10-16,LIG,141,43,98,141,ITC,ITC3,7,Liguria
2023-11-15,PAT,544,277,267,544,ITH,ITH2,4,Provincia Autonoma Trento
2024-01-05,MAR,246,129,117,246,ITI,ITI3,11,Marche
2024-01-16,UMB,136,57,79,136,ITI,ITI2,10,Umbria
2023-10-07,TOS,241,137,104,241,ITI,ITI1,9,Toscana
2023-10-26,EMR,4231,2010,2221,4231,ITH,ITH5,8,Emilia-Romagna
2024-01-11,LOM,2889,1325,1564,2889,ITC,ITC4,3,Lombardia
2023-12-21,PIE,3916,1929,1987,3916,ITC,ITC1,1,Piemonte
2024-01-09,LAZ,2371,1136,1235,2371,ITI,ITI4,12,Lazio
2023-12-06,PIE,3063,1446,1617,3063,ITC,ITC1,1,Piemonte
2023-10-04,FVG,43,24,19,43,ITH,ITH4,6,Friuli-Venezia Giulia
2023-10-20,PUG,770,400,370,770,ITF,ITF4,16,Puglia
2023-11-16,BAS,37,17,20,37,ITF,ITF5,17,Basilicata
2024-01-11,CAL,182,86,96,182,ITF,ITF6,18,Calabria
2023-10-14,LOM,8,3,5,8,ITC,ITC4,3,Lombardia
2023-10-09,MAR,6,1,5,6,ITI,ITI3,11,Marche
2023-10-17,FVG,396,203,193,396,ITH,ITH4,6,Friuli-Venezia Giulia
2023-11-21,CAL,341,192,149,341,ITF,ITF6,18,Calabria
2024-01-17,SAR,611,313,298,611,ITG,ITG2,20,Sardegna
2023-10-20,PAT,344,159,185,344,ITH,ITH2,4,Provincia Autonoma Trento
2023-11-23,UMB,823,398,425,823,ITI,ITI2,10,Umbria
2023-10-27,UMB,390,193,197,390,ITI,ITI2,10,Umbria
2023-12-03,TOS,29,9,20,29,ITI,ITI1,9,Toscana
2023-12-01,CAL,158,92,66,158,ITF,ITF6,18,Calabria
2023-12-16,BAS,174,93,81,174,ITF,ITF5,17,Basilicata
2023-09-28,TOS,1,0,1,1,ITI,ITI1,9,Toscana
2023-12-14,MOL,190,102,88,190,ITF,ITF2,14,Molise
2023-12-01,ABR,276,147,129,276,ITF,ITF1,13,Abruzzo
2023-11-11,FVG,818,383,435,818,ITH,ITH4,6,Friuli-Venezia Giulia
2023-12-16,ABR,181,91,90,181,ITF,ITF1,13,Abruzzo
2024-01-03,VDA,75,38,37,75,ITC,ITC2,2,Valle d'Aosta / Vallée d'Aoste
2023-10-02,LOM,145,63,82,145,ITC,ITC4,3,Lombardia
2023-10-30,LOM,8290,3965,4325,8290,ITC,ITC4,3,Lombardia
2023-12-09,UMB,157,84,73,157,ITI,ITI2,10,Umbria
2023-11-20,PUG,1168,600,568,1168,ITF,ITF4,16,Puglia
2023-10-05,LAZ,47,24,23,47,ITI,ITI4,12,Lazio
2023-10-21,ABR,36,17,19,36,ITF,ITF1,13,Abruzzo
2024-01-15,PAB,6,4,2,6,ITH,ITH1,4,Provincia Autonoma Bolzano / Bozen
2023-10-06,PIE,31,18,13,31,ITC,ITC1,1,Piemonte
2024-01-24,VDA,16,9,7,16,ITC,ITC2,2,Valle d'Aosta / Vallée d'Aoste
2023-11-19,MAR,6,1,5,6,ITI,ITI3,11,Marche
2023-10-18,MOL,27,14,13,27,ITF,ITF2,14,Molise
2024-01-04,PAT,96,45,51,96,ITH,ITH2,4,Provincia Autonoma Trento
2024-01-08,VDA,6,4,2,6,ITC,ITC2,2,Valle d'Aosta / Vallée d'Aoste
2023-12-10,UMB,2,0,2,2,ITI,ITI2,10,Umbria
2024-01-06,ABR,2,1,1,2,ITF,ITF1,13,Abruzzo
2024-01-01,PUG,1,1,0,1,ITF,ITF4,16,Puglia
2023-11-01,ABR,1,0,1,1,ITF,ITF1,13,Abruzzo
2024-01-01,CAM,3,3,0,3,ITF,ITF3,15,Campania
2023-10-30,FVG,532,274,258,532,ITH,ITH4,6,Friuli-Venezia Giulia
2023-10-23,ABR,120,61,59,120,ITF,ITF1,13,Abruzzo
2023-12-30,BAS,105,56,49,105,ITF,ITF5,17,Basilicata
2024-01-04,VDA,19,6,13,19,ITC,ITC2,2,Valle d'Aosta / Vallée d'Aoste
2023-12-20,VDA,97,54,43,97,ITC,ITC2,2,Valle d'Aosta / Vallée d'Aoste
2023-11-08,EMR,7113,3342,3771,7113,ITH,ITH5,8,Emilia-Romagna
2024-01-10,LIG,773,362,411,773,ITC,ITC3,7,Liguria
2023-11-07,TOS,5229,2441,2788,5229,ITI,ITI1,9,Toscana
2024-01-02,MAR,102,46,56,102,ITI,ITI3,11,Marche
2024-01-09,MOL,20,9,11,20,ITF,ITF2,14,Molise
2023-11-24,SAR,570,293,277,570,ITG,ITG2,20,Sardegna
2023-11-10,SAR,336,163,173,336,ITG,ITG2,20,Sardegna
2024-01-02,TOS,789,382,407,789,ITI,ITI1,9,Toscana
2024-01-07,LOM,72,45,27,72,ITC,ITC4,3,Lombardia
2024-01-14,CAM,8,5,3,8,ITF,ITF3,15,Campania
2023-10-23,CAL,23,14,9,23,ITF,ITF6,18,Calabria
2023-10-14,PIE,43,20,23,43,ITC,ITC1,1,Piemonte
2023-12-23,MOL,1,0,1,1,ITF,ITF2,14,Molise
2024-01-17,MOL,21,10,11,21,ITF,ITF2,14,Molise
2023-10-31,MOL,33,13,20,33,ITF,ITF2,14,Molise
2023-10-12,VDA,17,7,10,17,ITC,ITC2,2,Valle d'Aosta / Vallée d'Aoste
2023-10-14,ABR,11,5,6,11,ITF,ITF1,13,Abruzzo
2023-12-03,MAR,1,0,1,1,ITI,ITI3,11,Marche
2023-12-31,BAS,7,4,3,7,ITF,ITF5,17,Basilicata
2023-10-03,SAR,6,1,5,6,ITG,ITG2,20,Sardegna
2023-11-14,MOL,31,19,12,31,ITF,ITF2,14,Molise
2023-10-02,ABR,2,2,0,2,ITF,ITF1,13,Abruzzo
2024-01-01,FVG,1,1,0,1,ITH,ITH4,6,Friuli-Venezia Giulia
2024-01-22,PAB,2,1,1,2,ITH,ITH1,4,Provincia Autonoma Bolzano / Bozen
2023-09-25,ABR,1,0,1,1,ITF,ITF1,13,Abruzzo
2023-12-01,UMB,915,445,470,915,ITI,ITI2,10,Umbria
2023-10-06,SAR,50,24,26,50,ITG,ITG2,20,Sardegna
2023-12-23,CAL,59,37,22,59,ITF,ITF6,18,Calabria
2023-12-14,FVG,1392,696,696,1392,ITH,ITH4,6,Friuli-Venezia Giulia
2023-10-17,PAT,213,69,144,213,ITH,ITH2,4,Provincia Autonoma Trento
2023-11-15,BAS,29,15,14,29,ITF,ITF5,17,Basilicata
2023-10-27,EMR,4879,2318,2561,4879,ITH,ITH5,8,Emilia-Romagna
2023-10-17,PUG,262,148,114,262,ITF,ITF4,16,Puglia
2023-12-19,LIG,2199,1070,1129,2199,ITC,ITC3,7,Liguria
2023-12-27,TOS,1740,840,900,1740,ITI,ITI1,9,Toscana
2024-01-18,SIC,258,131,127,258,ITG,ITG1,19,Sicilia
2023-10-11,CAM,174,95,79,174,ITF,ITF3,15,Campania
2024-01-06,VEN,4,3,1,4,ITH,ITH3,5,Veneto
2023-11-11,LOM,5999,2866,3133,5999,ITC,ITC4,3,Lombardia
2023-12-20,PUG,2893,1484,1409,2893,ITF,ITF4,16,Puglia
2023-11-07,SIC,99,56,43,99,ITG,ITG1,19,Sicilia
2023-10-25,CAL,30,16,14,30,ITF,ITF6,18,Calabria
2024-01-18,BAS,34,19,15,34,ITF,ITF5,17,Basilicata
2024-01-09,PAB,24,9,15,24,ITH,ITH1,4,Provincia Autonoma Bolzano / Bozen
2023-11-23,PUG,2020,990,1030,2020,ITF,ITF4,16,Puglia
2023-12-11,VEN,2503,1260,1243,2503,ITH,ITH3,5,Veneto
2023-11-08,ABR,211,98,113,211,ITF,ITF1,13,Abruzzo
2023-12-20,PAT,398,186,212,398,ITH,ITH2,4,Provincia Autonoma Trento
2023-11-19,LAZ,57,32,25,57,ITI,ITI4,12,Lazio
2023-10-25,SIC,42,26,16,42,ITG,ITG1,19,Sicilia
2023-10-31,LOM,4730,2165,2565,4730,ITC,ITC4,3,Lombardia
2023-10-31,LIG,1070,481,589,1070,ITC,ITC3,7,Liguria
2024-01-03,TOS,1235,576,659,1235,ITI,ITI1,9,Toscana
2023-11-13,SIC,103,63,40,103,ITG,ITG1,19,Sicilia
2024-01-15,EMR,896,433,463,896,ITH,ITH5,8,Emilia-Romagna
2023-12-19,CAM,1962,1032,930,1962,ITF,ITF3,15,Campania
2023-12-21,VDA,15,10,5,15,ITC,ITC2,2,Valle d'Aosta / Vallée d'Aoste
2024-01-16,CAM,117,67,50,117,ITF,ITF3,15,Campania
2023-10-18,LAZ,494,255,239,494,ITI,ITI4,12,Lazio
2023-11-14,LOM,10391,4719,5672,10391,ITC,ITC4,3,Lombardia
2023-11-18,CAM,83,40,43,83,ITF,ITF3,15,Campania
2023-11-22,MAR,62,25,37,62,ITI,ITI3,11,Marche
2023-12-17,ABR,9,6,3,9,ITF,ITF1,13,Abruzzo
2023-10-09,ABR,7,4,3,7,ITF,ITF1,13,Abruzzo
2024-01-01,BAS,6,3,3,6,ITF,ITF5,17,Basilicata
2023-12-06,VDA,121,62,59,121,ITC,ITC2,2,Valle d'Aosta / Vallée d'Aoste
2023-11-21,MAR,672,323,349,672,ITI,ITI3,11,Marche
2023-11-30,LIG,1494,728,766,1494,ITC,ITC3,7,Liguria
2023-10-28,PIE,880,440,440,880,ITC,ITC1,1,Piemonte
2023-11-25,SIC,15,9,6,15,ITG,ITG1,19,Sicilia
2023-10-24,MOL,36,12,24,36,ITF,ITF2,14,Molise
2024-01-21,LOM,27,14,13,27,ITC,ITC4,3,Lombardia
2023-10-14,LAZ,13,8,5,13,ITI,ITI4,12,Lazio
2023-10-15,LOM,3,2,1,3,ITC,ITC4,3,Lombardia
2023-12-26,CAM,3,1,2,3,ITF,ITF3,15,Campania
2023-12-25,VDA,1,1,0,1,ITC,ITC2,2,Valle d'Aosta / Vallée d'Aoste
2023-10-29,PAB,1,0,1,1,ITH,ITH1,4,Provincia Autonoma Bolzano / Bozen
