data,area,totale,m,f,d,N1,N2,ISTAT,reg
2023-11-08,TOS,6413,2930,3483,6413,ITI,ITI1,9,Toscana
2023-11-07,EMR,6199,2886,3313,6199,ITH,ITH5,8,Emilia-Romagna
2023-11-26,EMR,339,170,169,339,ITH,ITH5,8,Emilia-Romagna
2023-10-05,CAM,40,24,16,40,ITF,ITF3,15,Campania
2023-10-11,LAZ,160,90,70,160,ITI,ITI4,12,Lazio
2023-11-22,PAB,510,250,260,510,ITH,ITH1,4,Provincia Autonoma Bolzano / Bozen
2023-11-09,MOL,78,25,53,78,ITF,ITF2,14,Molise
2023-11-25,CAM,180,92,88,180,ITF,ITF3,15,Campania
2023-10-16,FVG,121,64,57,121,ITH,ITH4,6,Friuli-Venezia Giulia
2023-10-13,PIE,202,112,90,202,ITC,ITC1,1,Piemonte
2023-11-24,SIC,189,95,94,189,ITG,ITG1,19,Sicilia
2023-10-26,TOS,4654,2172,2482,4654,ITI,ITI1,9,Toscana
2023-11-18,VEN,1194,593,601,1194,ITH,ITH3,5,Veneto
2023-11-03,LIG,669,344,325,669,ITC,ITC3,7,Liguria
2023-11-11,PAB,36,17,19,36,ITH,ITH1,4,Provincia Autonoma Bolzano / Bozen
2023-11-22,SAR,730,371,359,730,ITG,ITG2,20,Sardegna
2023-11-27,PIE,1762,851,911,1762,ITC,ITC1,1,Piemonte
2023-10-30,LIG,400,205,195,400,ITC,ITC3,7,Liguria
2023-10-27,TOS,4045,1915,2130,4045,ITI,ITI1,9,Toscana
2023-10-13,PAB,232,121,111,232,ITH,ITH1,4,Provincia Autonoma Bolzano / Bozen
2023-10-29,EMR,328,169,159,328,ITH,ITH5,8,Emilia-Romagna
2023-11-09,UMB,704,336,368,704,ITI,ITI2,10,Umbria
2023-10-02,LAZ,17,7,10,17,ITI,ITI4,12,Lazio
2023-11-18,EMR,2116,1029,1087,2116,ITH,ITH5,8,Emilia-Romagna
2023-10-25,PIE,1779,808,971,1779,ITC,ITC1,1,Piemonte
2023-11-22,UMB,628,305,323,628,ITI,ITI2,10,Umbria
2023-11-17,LAZ,2500,1212,1288,2500,ITI,ITI4,12,Lazio
2023-11-27,PUG,1044,532,512,1044,ITF,ITF4,16,Puglia
2023-10-20,PAB,299,152,147,299,ITH,ITH1,4,Provincia Autonoma Bolzano / Bozen
2023-10-20,LIG,84,33,51,84,ITC,ITC3,7,Liguria
2023-10-11,MAR,4,2,2,4,ITI,ITI3,11,Marche
2023-11-22,VEN,3024,1369,1655,3024,ITH,ITH3,5,Veneto
2023-10-25,CAM,301,178,123,301,ITF,ITF3,15,Campania
2023-11-27,PAT,66,22,44,66,ITH,ITH2,4,Provincia Autonoma Trento
2023-10-29,LOM,640,314,326,640,ITC,ITC4,3,Lombardia
2023-11-21,PAB,552,277,275,552,ITH,ITH1,4,Provincia Autonoma Bolzano / Bozen
2023-10-18,PUG,444,240,204,444,ITF,ITF4,16,Puglia
2023-10-28,LIG,102,40,62,102,ITC,ITC3,7,Liguria
2023-10-29,VEN,35,19,16,35,ITH,ITH3,5,Veneto
2023-11-26,LOM,1045,515,530,1045,ITC,ITC4,3,Lombardia
2023-11-24,LAZ,2027,978,1049,2027,ITI,ITI4,12,Lazio
2023-11-04,VEN,1266,632,634,1266,ITH,ITH3,5,Veneto
2023-10-30,PAB,185,83,102,185,ITH,ITH1,4,Provincia Autonoma Bolzano / Bozen
2023-10-12,EMR,55,24,31,55,ITH,ITH5,8,Emilia-Romagna
2023-11-22,EMR,5817,2844,2973,5817,ITH,ITH5,8,Emilia-Romagna
2023-11-28,TOS,4190,1947,2243,4190,ITI,ITI1,9,Toscana
2023-11-15,MOL,78,44,34,78,ITF,ITF2,14,Molise
2023-10-07,PIE,47,24,23,47,ITC,ITC1,1,Piemonte
2023-11-19,FVG,46,19,27,46,ITH,ITH4,6,Friuli-Venezia Giulia
2023-11-08,VDA,206,103,103,206,ITC,ITC2,2,Valle d'Aosta / Vallée d'Aoste
2023-11-04,UMB,175,82,93,175,ITI,ITI2,10,Umbria
2023-10-09,PUG,14,7,7,14,ITF,ITF4,16,Puglia
2023-10-30,LAZ,924,451,473,924,ITI,ITI4,12,Lazio
2023-10-25,SAR,213,105,108,213,ITG,ITG2,20,Sardegna
2023-10-18,FVG,140,77,63,140,ITH,ITH4,6,Friuli-Venezia Giulia
2023-10-04,LIG,12,4,8,12,ITC,ITC3,7,Liguria
2023-11-11,MOL,38,5,33,38,ITF,ITF2,14,Molise
2023-11-07,MOL,73,41,32,73,ITF,ITF2,14,Molise
2023-11-03,VDA,191,88,103,191,ITC,ITC2,2,Valle d'Aosta / Vallée d'Aoste
2023-11-25,VEN,1905,944,961,1905,ITH,ITH3,5,Veneto
2023-10-28,LAZ,715,347,368,715,ITI,ITI4,12,Lazio
2023-10-23,MAR,388,193,195,388,ITI,ITI3,11,Marche
2023-10-25,PAB,615,302,313,615,ITH,ITH1,4,Provincia Autonoma Bolzano / Bozen
2023-11-07,BAS,30,20,10,30,ITF,ITF5,17,Basilicata
2023-11-27,FVG,730,359,371,730,ITH,ITH4,6,Friuli-Venezia Giulia
2023-11-13,MOL,76,48,28,76,ITF,ITF2,14,Molise
2023-10-30,SIC,27,17,10,27,ITG,ITG1,19,Sicilia
2023-10-18,CAM,340,194,146,340,ITF,ITF3,15,Campania
2023-11-14,CAM,464,280,184,464,ITF,ITF3,15,Campania
2023-10-13,EMR,86,35,51,86,ITH,ITH5,8,Emilia-Romagna
2023-11-29,UMB,718,369,349,718,ITI,ITI2,10,Umbria
2023-10-21,MAR,208,101,107,208,ITI,ITI3,11,Marche
2023-10-28,VDA,86,42,44,86,ITC,ITC2,2,Valle d'Aosta / Vallée d'Aoste
2023-11-20,LIG,608,300,308,608,ITC,ITC3,7,Liguria
2023-11-25,EMR,1819,906,913,1819,ITH,ITH5,8,Emilia-Romagna
2023-11-17,TOS,6535,3090,3445,6535,ITI,ITI1,9,Toscana
2023-11-14,PIE,2864,1333,1531,2864,ITC,ITC1,1,Piemonte
2023-11-22,SIC,179,102,77,179,ITG,ITG1,19,Sicilia
2023-11-02,PUG,1244,637,607,1244,ITF,ITF4,16,Puglia
2023-10-14,MAR,49,21,28,49,ITI,ITI3,11,Marche
2023-10-25,UMB,39,34,5,39,ITI,ITI2,10,Umbria
2023-10-25,VEN,955,335,620,955,ITH,ITH3,5,Veneto
2023-11-24,TOS,6448,3029,3419,6448,ITI,ITI1,9,Toscana
2023-10-28,MAR,738,376,362,738,ITI,ITI3,11,Marche
2023-10-30,MAR,416,200,216,416,ITI,ITI3,11,Marche
2023-10-02,TOS,286,162,124,286,ITI,ITI1,9,Toscana
2023-11-21,SIC,108,54,54,108,ITG,ITG1,19,Sicilia
2023-11-29,PAB,516,239,277,516,ITH,ITH1,4,Provincia Autonoma Bolzano / Bozen
2023-10-18,CAL,12,9,3,12,ITF,ITF6,18,Calabria
2023-11-25,PAB,5,1,4,5,ITH,ITH1,4,Provincia Autonoma Bolzano / Bozen
2023-11-06,VDA,86,48,38,86,ITC,ITC2,2,Valle d'Aosta / Vallée d'Aoste
2023-10-05,EMR,1,0,1,1,ITH,ITH5,8,Emilia-Romagna
2023-10-26,MAR,170,77,93,170,ITI,ITI3,11,Marche
2023-10-20,SIC,25,16,9,25,ITG,ITG1,19,Sicilia
2023-10-10,TOS,316,152,164,316,ITI,ITI1,9,Toscana
2023-10-26,VDA,117,57,60,117,ITC,ITC2,2,Valle d'Aosta / Vallée d'Aoste
2023-11-30,VDA,81,39,42,81,ITC,ITC2,2,Valle d'Aosta / Vallée d'Aoste
2023-10-10,PUG,82,33,49,82,ITF,ITF4,16,Puglia
2023-10-25,EMR,4263,2025,2238,4263,ITH,ITH5,8,Emilia-Romagna
2023-11-27,LOM,283,84,199,283,ITC,ITC4,3,Lombardia
2023-10-13,VEN,98,29,69,98,ITH,ITH3,5,Veneto
2023-10-13,SAR,111,56,55,111,ITG,ITG2,20,Sardegna
2023-11-25,UMB,210,92,118,210,ITI,ITI2,10,Umbria
2023-11-20,PAB,130,59,71,130,ITH,ITH1,4,Provincia Autonoma Bolzano / Bozen
2023-11-12,MAR,78,41,37,78,ITI,ITI3,11,Marche
2023-10-07,LOM,4,2,2,4,ITC,ITC4,3,Lombardia
2023-10-15,LIG,1,0,1,1,ITC,ITC3,7,Liguria
2023-11-04,FVG,158,75,83,158,ITH,ITH4,6,Friuli-Venezia Giulia
2023-11-16,PIE,2946,1394,1552,2946,ITC,ITC1,1,Piemonte
2023-10-19,CAL,23,12,11,23,ITF,ITF6,18,Calabria
2023-10-17,PAT,213,69,144,213,ITH,ITH2,4,Provincia Autonoma Trento
2023-11-15,BAS,28,15,13,28,ITF,ITF5,17,Basilicata
2023-11-20,EMR,3672,1753,1919,3672,ITH,ITH5,8,Emilia-Romagna
2023-11-18,LAZ,1214,597,617,1214,ITI,ITI4,12,Lazio
2023-11-16,VEN,2676,1297,1379,2676,ITH,ITH3,5,Veneto
2023-11-10,CAM,325,184,141,325,ITF,ITF3,15,Campania
2023-11-07,LIG,1551,800,751,1551,ITC,ITC3,7,Liguria
2023-10-27,SAR,175,81,94,175,ITG,ITG2,20,Sardegna
2023-11-20,CAL,148,75,73,148,ITF,ITF6,18,Calabria
2023-11-14,VEN,2061,973,1088,2061,ITH,ITH3,5,Veneto
2023-11-08,FVG,1035,497,538,1035,ITH,ITH4,6,Friuli-Venezia Giulia
2023-11-01,PIE,151,75,76,151,ITC,ITC1,1,Piemonte
2023-11-30,MOL,74,41,33,74,ITF,ITF2,14,Molise
2023-10-22,TOS,19,7,12,19,ITI,ITI1,9,Toscana
2023-11-17,EMR,5655,2695,2960,5655,ITH,ITH5,8,Emilia-Romagna
2023-10-11,PUG,217,111,106,217,ITF,ITF4,16,Puglia
2023-11-14,CAL,224,146,78,224,ITF,ITF6,18,Calabria
2023-11-15,CAL,210,134,76,210,ITF,ITF6,18,Calabria
2023-11-29,PAT,392,199,193,392,ITH,ITH2,4,Provincia Autonoma Trento
2023-11-04,MAR,367,176,191,367,ITI,ITI3,11,Marche
2023-10-27,PUG,1019,535,484,1019,ITF,ITF4,16,Puglia
2023-11-09,SIC,94,50,44,94,ITG,ITG1,19,Sicilia
2023-10-09,LAZ,127,80,47,127,ITI,ITI4,12,Lazio
2023-10-06,TOS,228,103,125,228,ITI,ITI1,9,Toscana
2023-10-17,PIE,397,199,198,397,ITC,ITC1,1,Piemonte
2023-11-08,PAT,620,277,343,620,ITH,ITH2,4,Provincia Autonoma Trento
2023-10-23,LAZ,587,275,312,587,ITI,ITI4,12,Lazio
2023-11-23,CAM,494,267,227,494,ITF,ITF3,15,Campania
2023-11-11,MAR,345,177,168,345,ITI,ITI3,11,Marche
2023-11-23,PAB,454,187,267,454,ITH,ITH1,4,Provincia Autonoma Bolzano / Bozen
2023-10-28,MOL,42,12,30,42,ITF,ITF2,14,Molise
2023-11-02,CAM,283,143,140,283,ITF,ITF3,15,Campania
2023-11-02,CAL,41,15,26,41,ITF,ITF6,18,Calabria
2023-11-09,BAS,15,12,3,15,ITF,ITF5,17,Basilicata
2023-11-12,LAZ,200,90,110,200,ITI,ITI4,12,Lazio
2023-09-30,TOS,2,2,0,2,ITI,ITI1,9,Toscana
2023-11-02,LOM,9492,4562,4930,9492,ITC,ITC4,3,Lombardia
2023-11-16,SAR,502,246,256,502,ITG,ITG2,20,Sardegna
2023-11-08,PUG,1610,806,804,1610,ITF,ITF4,16,Puglia
2023-11-29,PUG,1590,752,838,1590,ITF,ITF4,16,Puglia
2023-11-10,LIG,775,387,388,775,ITC,ITC3,7,Liguria
2023-10-22,PAB,3,2,1,3,ITH,ITH1,4,Provincia Autonoma Bolzano / Bozen
2023-11-07,CAM,329,194,135,329,ITF,ITF3,15,Campania
2023-11-14,SAR,515,267,248,515,ITG,ITG2,20,Sardegna
2023-11-05,CAM,6,3,3,6,ITF,ITF3,15,Campania
2023-10-23,TOS,2218,1039,1179,2218,ITI,ITI1,9,Toscana
2023-11-23,PIE,3025,1407,1618,3025,ITC,ITC1,1,Piemonte
2023-11-13,PIE,1943,895,1048,1943,ITC,ITC1,1,Piemonte
2023-11-06,MOL,86,46,40,86,ITF,ITF2,14,Molise
2023-11-15,LOM,10286,4680,5606,10286,ITC,ITC4,3,Lombardia
2023-10-27,PAT,427,192,235,427,ITH,ITH2,4,Provincia Autonoma Trento
2023-11-19,PIE,153,74,79,153,ITC,ITC1,1,Piemonte
2023-10-17,CAM,313,180,133,313,ITF,ITF3,15,Campania
2023-11-10,CAL,66,31,35,66,ITF,ITF6,18,Calabria
2023-11-01,TOS,127,52,75,127,ITI,ITI1,9,Toscana
2023-11-05,PIE,68,26,42,68,ITC,ITC1,1,Piemonte
2023-10-18,MAR,369,205,164,369,ITI,ITI3,11,Marche
2023-09-27,EMR,1,1,0,1,ITH,ITH5,8,Emilia-Romagna
2023-11-13,CAM,331,176,155,331,ITF,ITF3,15,Campania
2023-11-23,LIG,1206,626,580,1206,ITC,ITC3,7,Liguria
2023-10-27,VEN,1656,770,886,1656,ITH,ITH3,5,Veneto
2023-10-10,LOM,582,257,325,582,ITC,ITC4,3,Lombardia
2023-11-09,LAZ,2211,1038,1173,2211,ITI,ITI4,12,Lazio
2023-11-02,LIG,779,389,390,779,ITC,ITC3,7,Liguria
2023-11-21,BAS,32,17,15,32,ITF,ITF5,17,Basilicata
2023-11-18,SIC,7,2,5,7,ITG,ITG1,19,Sicilia
2023-11-19,CAM,14,5,9,14,ITF,ITF3,15,Campania
2023-11-12,SIC,3,1,2,3,ITG,ITG1,19,Sicilia
2023-11-27,TOS,3569,1698,1871,3569,ITI,ITI1,9,Toscana
2023-11-08,CAM,407,228,179,407,ITF,ITF3,15,Campania
2023-11-07,PUG,1263,624,639,1263,ITF,ITF4,16,Puglia
2023-10-20,TOS,2174,1054,1120,2174,ITI,ITI1,9,Toscana
2023-11-28,MOL,38,21,17,38,ITF,ITF2,14,Molise
2023-10-05,TOS,432,224,208,432,ITI,ITI1,9,Toscana
2023-11-10,FVG,1103,512,591,1103,ITH,ITH4,6,Friuli-Venezia Giulia
2023-11-11,LIG,158,69,89,158,ITC,ITC3,7,Liguria
2023-11-02,TOS,3734,1823,1911,3734,ITI,ITI1,9,Toscana
2023-11-09,MAR,1147,533,614,1147,ITI,ITI3,11,Marche
2023-11-16,UMB,798,384,414,798,ITI,ITI2,10,Umbria
2023-11-07,PAT,562,285,277,562,ITH,ITH2,4,Provincia Autonoma Trento
2023-10-25,PUG,1112,547,565,1112,ITF,ITF4,16,Puglia
2023-10-17,CAL,7,2,5,7,ITF,ITF6,18,Calabria
2023-10-28,TOS,1250,644,606,1250,ITI,ITI1,9,Toscana
2023-11-03,EMR,5414,2587,2827,5414,ITH,ITH5,8,Emilia-Romagna
2023-11-27,LAZ,2112,1068,1044,2112,ITI,ITI4,12,Lazio
2023-11-16,TOS,8951,4120,4831,8951,ITI,ITI1,9,Toscana
2023-11-17,PUG,2161,1102,1059,2161,ITF,ITF4,16,Puglia
2023-10-06,LOM,240,99,141,240,ITC,ITC4,3,Lombardia
2023-10-23,VDA,138,64,74,138,ITC,ITC2,2,Valle d'Aosta / Vallée d'Aoste
2023-10-16,SAR,125,63,62,125,ITG,ITG2,20,Sardegna
2023-11-05,LAZ,64,22,42,64,ITI,ITI4,12,Lazio
2023-10-25,PAT,418,196,222,418,ITH,ITH2,4,Provincia Autonoma Trento
2023-10-01,MAR,1,1,0,1,ITI,ITI3,11,Marche
2023-10-04,PIE,20,14,6,20,ITC,ITC1,1,Piemonte
2023-11-17,MOL,44,27,17,44,ITF,ITF2,14,Molise
2023-11-02,FVG,700,350,350,700,ITH,ITH4,6,Friuli-Venezia Giulia
2023-10-28,EMR,1860,895,965,1860,ITH,ITH5,8,Emilia-Romagna
2023-10-19,LOM,6041,2986,3055,6041,ITC,ITC4,3,Lombardia
2023-11-07,SAR,168,94,74,168,ITG,ITG2,20,Sardegna
2023-11-16,PAB,568,267,301,568,ITH,ITH1,4,Provincia Autonoma Bolzano / Bozen
2023-10-16,LAZ,329,165,164,329,ITI,ITI4,12,Lazio
2023-10-18,SIC,20,14,6,20,ITG,ITG1,19,Sicilia
2023-10-18,PAT,245,129,116,245,ITH,ITH2,4,Provincia Autonoma Trento
2023-11-29,EMR,4882,2372,2510,4882,ITH,ITH5,8,Emilia-Romagna
2023-10-02,FVG,30,18,12,30,ITH,ITH4,6,Friuli-Venezia Giulia
2023-11-08,LIG,916,445,471,916,ITC,ITC3,7,Liguria
2023-11-24,FVG,1103,514,589,1103,ITH,ITH4,6,Friuli-Venezia Giulia
2023-11-25,PUG,207,110,97,207,ITF,ITF4,16,Puglia
2023-11-17,SIC,39,19,20,39,ITG,ITG1,19,Sicilia
2023-10-03,LIG,30,14,16,30,ITC,ITC3,7,Liguria
2023-11-18,MAR,34,10,24,34,ITI,ITI3,11,Marche
2023-10-22,PUG,23,9,14,23,ITF,ITF4,16,Puglia
2023-11-17,PAT,418,199,219,418,ITH,ITH2,4,Provincia Autonoma Trento
2023-11-04,LIG,127,60,67,127,ITC,ITC3,7,Liguria
2023-10-31,CAL,36,21,15,36,ITF,ITF6,18,Calabria
2023-11-19,VEN,33,8,25,33,ITH,ITH3,5,Veneto
2023-10-11,PIE,136,70,66,136,ITC,ITC1,1,Piemonte
2023-11-09,EMR,7606,3694,3912,7606,ITH,ITH5,8,Emilia-Romagna
2023-11-15,SAR,585,306,279,585,ITG,ITG2,20,Sardegna
2023-11-01,LAZ,25,11,14,25,ITI,ITI4,12,Lazio
2023-11-25,FVG,651,347,304,651,ITH,ITH4,6,Friuli-Venezia Giulia
2023-10-15,LAZ,61,26,35,61,ITI,ITI4,12,Lazio
2023-10-25,LIG,624,294,330,624,ITC,ITC3,7,Liguria
2023-10-30,VDA,102,55,47,102,ITC,ITC2,2,Valle d'Aosta / Vallée d'Aoste
2023-11-16,PAT,658,333,325,658,ITH,ITH2,4,Provincia Autonoma Trento
2023-10-13,PAT,54,24,30,54,ITH,ITH2,4,Provincia Autonoma Trento
2023-11-22,BAS,49,25,24,49,ITF,ITF5,17,Basilicata
2023-11-08,PIE,3077,1505,1572,3077,ITC,ITC1,1,Piemonte
2023-10-04,SAR,24,10,14,24,ITG,ITG2,20,Sardegna
2023-10-20,MAR,511,267,244,511,ITI,ITI3,11,Marche
2023-10-18,VEN,237,63,174,237,ITH,ITH3,5,Veneto
2023-11-06,LAZ,1472,744,728,1472,ITI,ITI4,12,Lazio
2023-11-17,CAM,470,259,211,470,ITF,ITF3,15,Campania
2023-10-18,SAR,167,86,81,167,ITG,ITG2,20,Sardegna
2023-10-25,FVG,675,327,348,675,ITH,ITH4,6,Friuli-Venezia Giulia
2023-10-03,LAZ,56,28,28,56,ITI,ITI4,12,Lazio
2023-10-10,LIG,7,3,4,7,ITC,ITC3,7,Liguria
2023-10-21,EMR,1029,505,524,1029,ITH,ITH5,8,Emilia-Romagna
2023-11-16,PUG,1872,961,911,1872,ITF,ITF4,16,Puglia
2023-11-17,LOM,8928,4133,4795,8928,ITC,ITC4,3,Lombardia
2023-11-27,EMR,3371,1601,1770,3371,ITH,ITH5,8,Emilia-Romagna
2023-11-11,VEN,1602,813,789,1602,ITH,ITH3,5,Veneto
2023-11-20,TOS,4066,1875,2191,4066,ITI,ITI1,9,Toscana
2023-10-27,PIE,2149,1043,1106,2149,ITC,ITC1,1,Piemonte
2023-11-18,BAS,25,9,16,25,ITF,ITF5,17,Basilicata
2023-10-18,LOM,5833,2934,2899,5833,ITC,ITC4,3,Lombardia
2023-11-15,VEN,2770,1270,1500,2770,ITH,ITH3,5,Veneto
2023-11-25,LOM,13,4,9,13,ITC,ITC4,3,Lombardia
2023-10-13,FVG,40,18,22,40,ITH,ITH4,6,Friuli-Venezia Giulia
2023-10-31,LAZ,1465,727,738,1465,ITI,ITI4,12,Lazio
2023-10-15,TOS,15,9,6,15,ITI,ITI1,9,Toscana
2023-11-17,CAL,93,44,49,93,ITF,ITF6,18,Calabria
2023-10-25,LOM,9594,4602,4992,9594,ITC,ITC4,3,Lombardia
2023-10-20,VDA,143,67,76,143,ITC,ITC2,2,Valle d'Aosta / Vallée d'Aoste
2023-11-27,VDA,65,33,32,65,ITC,ITC2,2,Valle d'Aosta / Vallée d'Aoste
2023-11-06,SIC,44,22,22,44,ITG,ITG1,19,Sicilia
2023-11-21,EMR,5639,2696,2943,5639,ITH,ITH5,8,Emilia-Romagna
2023-10-11,TOS,598,290,308,598,ITI,ITI1,9,Toscana
2023-11-17,LIG,689,350,339,689,ITC,ITC3,7,Liguria
2023-10-06,LAZ,69,40,29,69,ITI,ITI4,12,Lazio
2023-11-02,MOL,32,16,16,32,ITF,ITF2,14,Molise
2023-11-28,VDA,77,40,37,77,ITC,ITC2,2,Valle d'Aosta / Vallée d'Aoste
2023-09-29,LIG,86,27,59,86,ITC,ITC3,7,Liguria
2023-11-30,LAZ,3054,1554,1500,3054,ITI,ITI4,12,Lazio
2023-10-19,LAZ,361,169,192,361,ITI,ITI4,12,Lazio
2023-11-14,TOS,4705,2129,2576,4705,ITI,ITI1,9,Toscana
2023-11-11,UMB,370,171,199,370,ITI,ITI2,10,Umbria
2023-11-28,MAR,13,3,10,13,ITI,ITI3,11,Marche
2023-11-22,VDA,112,52,60,112,ITC,ITC2,2,Valle d'Aosta / Vallée d'Aoste
2023-11-13,BAS,20,11,9,20,ITF,ITF5,17,Basilicata
2023-11-24,MOL,36,23,13,36,ITF,ITF2,14,Molise
2023-11-21,VDA,70,29,41,70,ITC,ITC2,2,Valle d'Aosta / Vallée d'Aoste
2023-11-29,MOL,106,63,43,106,ITF,ITF2,14,Molise
2023-11-26,SIC,25,15,10,25,ITG,ITG1,19,Sicilia
2023-10-10,CAM,64,39,25,64,ITF,ITF3,15,Campania
2023-10-28,SIC,7,1,6,7,ITG,ITG1,19,Sicilia
2023-11-26,LAZ,10,4,6,10,ITI,ITI4,12,Lazio
2023-11-16,LAZ,2396,1164,1232,2396,ITI,ITI4,12,Lazio
2023-11-06,FVG,931,411,520,931,ITH,ITH4,6,Friuli-Venezia Giulia
2023-11-18,UMB,234,119,115,234,ITI,ITI2,10,Umbria
2023-11-23,FVG,1188,556,632,1188,ITH,ITH4,6,Friuli-Venezia Giulia
2023-11-07,PAB,550,278,272,550,ITH,ITH1,4,Provincia Autonoma Bolzano / Bozen
2023-11-15,MAR,728,364,364,728,ITI,ITI3,11,Marche
2023-10-27,MAR,907,477,430,907,ITI,ITI3,11,Marche
2023-10-19,PAT,318,146,172,318,ITH,ITH2,4,Provincia Autonoma Trento
2023-11-03,LAZ,1666,841,825,1666,ITI,ITI4,12,Lazio
2023-11-29,VEN,3607,1714,1893,3607,ITH,ITH3,5,Veneto
2023-11-28,PUG,1540,790,750,1540,ITF,ITF4,16,Puglia
2023-10-17,PAB,494,251,243,494,ITH,ITH1,4,Provincia Autonoma Bolzano / Bozen
2023-10-17,LIG,350,149,201,350,ITC,ITC3,7,Liguria
2023-10-22,VEN,6,4,2,6,ITH,ITH3,5,Veneto
2023-10-11,FVG,72,36,36,72,ITH,ITH4,6,Friuli-Venezia Giulia
2023-11-07,UMB,479,227,252,479,ITI,ITI2,10,Umbria
2023-11-29,LOM,10498,5013,5485,10498,ITC,ITC4,3,Lombardia
2023-11-14,PAT,454,226,228,454,ITH,ITH2,4,Provincia Autonoma Trento
2023-11-05,MAR,28,11,17,28,ITI,ITI3,11,Marche
2023-11-13,LIG,394,190,204,394,ITC,ITC3,7,Liguria
2023-10-21,LAZ,442,217,225,442,ITI,ITI4,12,Lazio
2023-11-18,LIG,257,127,130,257,ITC,ITC3,7,Liguria
2023-11-28,PAT,463,210,253,463,ITH,ITH2,4,Provincia Autonoma Trento
2023-11-15,SIC,64,30,34,64,ITG,ITG1,19,Sicilia
2023-10-19,PUG,468,251,217,468,ITF,ITF4,16,Puglia
2023-10-14,TOS,358,182,176,358,ITI,ITI1,9,Toscana
2023-11-25,MOL,85,42,43,85,ITF,ITF2,14,Molise
2023-10-21,TOS,864,437,427,864,ITI,ITI1,9,Toscana
2023-10-03,PUG,10,7,3,10,ITF,ITF4,16,Puglia
2023-10-29,UMB,3,1,2,3,ITI,ITI2,10,Umbria
2023-10-27,LAZ,1369,688,681,1369,ITI,ITI4,12,Lazio
2023-11-06,CAL,45,29,16,45,ITF,ITF6,18,Calabria
2023-11-06,PUG,1179,620,559,1179,ITF,ITF4,16,Puglia
2023-11-15,LAZ,2327,1148,1179,2327,ITI,ITI4,12,Lazio
2023-10-16,LOM,4569,2407,2162,4569,ITC,ITC4,3,Lombardia
2023-11-16,MAR,829,416,413,829,ITI,ITI3,11,Marche
2023-11-23,VDA,85,49,36,85,ITC,ITC2,2,Valle d'Aosta / Vallée d'Aoste
2023-10-22,EMR,105,50,55,105,ITH,ITH5,8,Emilia-Romagna
2023-11-12,MOL,16,10,6,16,ITF,ITF2,14,Molise
2023-11-14,PUG,1800,927,873,1800,ITF,ITF4,16,Puglia
2023-10-24,PUG,1077,572,505,1077,ITF,ITF4,16,Puglia
2023-10-31,PAT,448,243,205,448,ITH,ITH2,4,Provincia Autonoma Trento
2023-11-27,CAL,196,113,83,196,ITF,ITF6,18,Calabria
2023-11-29,SAR,819,416,403,819,ITG,ITG2,20,Sardegna
2023-11-13,UMB,405,195,210,405,ITI,ITI2,10,Umbria
2023-10-27,VDA,213,95,118,213,ITC,ITC2,2,Valle d'Aosta / Vallée d'Aoste
2023-10-05,SAR,42,23,19,42,ITG,ITG2,20,Sardegna
2023-10-31,PUG,849,435,414,849,ITF,ITF4,16,Puglia
2023-10-22,LOM,381,190,191,381,ITC,ITC4,3,Lombardia
2023-10-09,FVG,48,26,22,48,ITH,ITH4,6,Friuli-Venezia Giulia
2023-10-12,LIG,126,48,78,126,ITC,ITC3,7,Liguria
2023-11-21,MOL,47,29,18,47,ITF,ITF2,14,Molise
2023-10-24,CAL,45,28,17,45,ITF,ITF6,18,Calabria
2023-11-10,LAZ,2482,1190,1292,2482,ITI,ITI4,12,Lazio
2023-11-24,UMB,848,406,442,848,ITI,ITI2,10,Umbria
2023-11-08,MAR,95,35,60,95,ITI,ITI3,11,Marche
2023-10-13,LIG,56,18,38,56,ITC,ITC3,7,Liguria
2023-11-13,PAT,461,230,231,461,ITH,ITH2,4,Provincia Autonoma Trento
2023-10-24,VDA,165,79,86,165,ITC,ITC2,2,Valle d'Aosta / Vallée d'Aoste
2023-11-14,EMR,5644,2696,2948,5644,ITH,ITH5,8,Emilia-Romagna
2023-11-20,LOM,8401,3967,4434,8401,ITC,ITC4,3,Lombardia
2023-10-19,LIG,171,81,90,171,ITC,ITC3,7,Liguria
2023-11-13,PUG,1234,600,634,1234,ITF,ITF4,16,Puglia
2023-10-09,CAM,59,36,23,59,ITF,ITF3,15,Campania
2023-10-03,LOM,167,75,92,167,ITC,ITC4,3,Lombardia
2023-11-12,CAM,12,5,7,12,ITF,ITF3,15,Campania
2023-11-26,FVG,42,17,25,42,ITH,ITH4,6,Friuli-Venezia Giulia
2023-11-19,PUG,31,15,16,31,ITF,ITF4,16,Puglia
2023-10-17,SIC,16,9,7,16,ITG,ITG1,19,Sicilia
2023-11-11,BAS,13,5,8,13,ITF,ITF5,17,Basilicata
2023-10-28,PAB,2,1,1,2,ITH,ITH1,4,Provincia Autonoma Bolzano / Bozen
2023-10-29,CAM,2,0,2,2,ITF,ITF3,15,Campania
2023-09-26,EMR,2,2,0,2,ITH,ITH5,8,Emilia-Romagna
2023-10-22,PAT,1,0,1,1,ITH,ITH2,4,Provincia Autonoma Trento
2023-10-14,UMB,6,3,3,6,ITI,ITI2,10,Umbria
2023-10-12,UMB,6,3,3,6,ITI,ITI2,10,Umbria
2023-11-19,SIC,1,1,0,1,ITG,ITG1,19,Sicilia
2023-09-29,SAR,1,1,0,1,ITG,ITG2,20,Sardegna
2023-10-23,EMR,2227,1111,1116,2227,ITH,ITH5,8,Emilia-Romagna
2023-10-30,PIE,1128,559,569,1128,ITC,ITC1,1,Piemonte
2023-11-22,PUG,1313,684,629,1313,ITF,ITF4,16,Puglia
2023-11-28,EMR,4983,2397,2586,4983,ITH,ITH5,8,Emilia-Romagna
2023-11-24,EMR,5068,2450,2618,5068,ITH,ITH5,8,Emilia-Romagna
2023-11-04,TOS,1961,942,1019,1961,ITI,ITI1,9,Toscana
2023-10-29,MAR,27,15,12,27,ITI,ITI3,11,Marche
2023-11-30,EMR,4868,2401,2467,4868,ITH,ITH5,8,Emilia-Romagna
2023-11-20,PIE,1892,855,1037,1892,ITC,ITC1,1,Piemonte
2023-10-16,TOS,730,315,415,730,ITI,ITI1,9,Toscana
2023-11-05,LOM,788,382,406,788,ITC,ITC4,3,Lombardia
2023-11-11,PUG,406,215,191,406,ITF,ITF4,16,Puglia
2023-10-27,MOL,3,2,1,3,ITF,ITF2,14,Molise
2023-10-13,PUG,204,111,93,204,ITF,ITF4,16,Puglia
2023-11-17,PAB,271,134,137,271,ITH,ITH1,4,Provincia Autonoma Bolzano / Bozen
2023-10-13,TOS,681,341,340,681,ITI,ITI1,9,Toscana
2023-11-27,SIC,124,54,70,124,ITG,ITG1,19,Sicilia
2023-11-08,UMB,663,331,332,663,ITI,ITI2,10,Umbria
2023-11-15,FVG,1092,520,572,1092,ITH,ITH4,6,Friuli-Venezia Giulia
2023-11-28,SIC,235,148,87,235,ITG,ITG1,19,Sicilia
2023-11-03,CAM,350,198,152,350,ITF,ITF3,15,Campania
2023-11-01,PUG,33,15,18,33,ITF,ITF4,16,Puglia
2023-10-14,EMR,11,3,8,11,ITH,ITH5,8,Emilia-Romagna
2023-11-22,PAT,392,185,207,392,ITH,ITH2,4,Provincia Autonoma Trento
2023-10-12,FVG,53,33,20,53,ITH,ITH4,6,Friuli-Venezia Giulia
2023-10-31,VEN,1418,610,808,1418,ITH,ITH3,5,Veneto
2023-10-12,CAL,12,5,7,12,ITF,ITF6,18,Calabria
2023-11-09,FVG,1302,592,710,1302,ITH,ITH4,6,Friuli-Venezia Giulia
2023-10-09,LIG,32,10,22,32,ITC,ITC3,7,Liguria
2023-11-08,PAB,513,273,240,513,ITH,ITH1,4,Provincia Autonoma Bolzano / Bozen
2023-11-28,VEN,3001,1431,1570,3001,ITH,ITH3,5,Veneto
2023-10-18,LIG,224,89,135,224,ITC,ITC3,7,Liguria
2023-10-26,SAR,205,101,104,205,ITG,ITG2,20,Sardegna
2023-10-23,VEN,324,140,184,324,ITH,ITH3,5,Veneto
2023-11-02,SIC,53,28,25,53,ITG,ITG1,19,Sicilia
2023-11-10,MOL,60,31,29,60,ITF,ITF2,14,Molise
2023-10-31,SIC,72,42,30,72,ITG,ITG1,19,Sicilia
2023-11-14,PAB,572,276,296,572,ITH,ITH1,4,Provincia Autonoma Bolzano / Bozen
2023-10-21,CAM,44,24,20,44,ITF,ITF3,15,Campania
2023-11-14,LIG,1096,533,563,1096,ITC,ITC3,7,Liguria
2023-11-04,PUG,320,160,160,320,ITF,ITF4,16,Puglia
2023-11-23,MOL,41,23,18,41,ITF,ITF2,14,Molise
2023-10-10,PAB,438,248,190,438,ITH,ITH1,4,Provincia Autonoma Bolzano / Bozen
2023-10-25,TOS,3499,1681,1818,3499,ITI,ITI1,9,Toscana
2023-10-31,EMR,4535,2109,2426,4535,ITH,ITH5,8,Emilia-Romagna
2023-10-19,SAR,119,71,48,119,ITG,ITG2,20,Sardegna
2023-10-16,MAR,142,81,61,142,ITI,ITI3,11,Marche
2023-11-11,PAT,21,11,10,21,ITH,ITH2,4,Provincia Autonoma Trento
2023-11-13,FVG,812,401,411,812,ITH,ITH4,6,Friuli-Venezia Giulia
2023-10-15,CAM,12,5,7,12,ITF,ITF3,15,Campania
2023-11-10,SIC,40,25,15,40,ITG,ITG1,19,Sicilia
2023-11-17,VEN,2777,1296,1481,2777,ITH,ITH3,5,Veneto
2023-10-28,UMB,79,25,54,79,ITI,ITI2,10,Umbria
2023-11-01,CAM,21,10,11,21,ITF,ITF3,15,Campania
2023-11-19,LIG,3,1,2,3,ITC,ITC3,7,Liguria
2023-11-12,FVG,12,4,8,12,ITH,ITH4,6,Friuli-Venezia Giulia
2023-11-27,MAR,8,5,3,8,ITI,ITI3,11,Marche
2023-10-22,SIC,2,1,1,2,ITG,ITG1,19,Sicilia
2023-11-12,CAL,6,0,6,6,ITF,ITF6,18,Calabria
2023-10-11,MOL,6,5,1,6,ITF,ITF2,14,Molise
2023-11-19,PAB,1,0,1,1,ITH,ITH1,4,Provincia Autonoma Bolzano / Bozen
2023-11-18,PIE,1254,637,617,1254,ITC,ITC1,1,Piemonte
2023-10-17,LOM,4959,2585,2374,4959,ITC,ITC4,3,Lombardia
2023-10-13,LAZ,248,119,129,248,ITI,ITI4,12,Lazio
2023-10-24,CAM,354,199,155,354,ITF,ITF3,15,Campania
2023-11-12,VEN,26,13,13,26,ITH,ITH3,5,Veneto
2023-10-31,FVG,1065,503,562,1065,ITH,ITH4,6,Friuli-Venezia Giulia
2023-11-13,EMR,3799,1828,1971,3799,ITH,ITH5,8,Emilia-Romagna
2023-11-02,MAR,622,305,317,622,ITI,ITI3,11,Marche
2023-11-16,SIC,75,41,34,75,ITG,ITG1,19,Sicilia
2023-11-12,UMB,127,73,54,127,ITI,ITI2,10,Umbria
2023-10-12,SAR,48,27,21,48,ITG,ITG2,20,Sardegna
2023-11-10,LOM,9830,4575,5255,9830,ITC,ITC4,3,Lombardia
2023-11-30,PAT,591,312,279,591,ITH,ITH2,4,Provincia Autonoma Trento
2023-11-24,MAR,776,406,370,776,ITI,ITI3,11,Marche
2023-11-08,BAS,30,22,8,30,ITF,ITF5,17,Basilicata
2023-11-19,EMR,260,116,144,260,ITH,ITH5,8,Emilia-Romagna
2023-10-24,PIE,1278,627,651,1278,ITC,ITC1,1,Piemonte
2023-11-23,LOM,8714,4074,4640,8714,ITC,ITC4,3,Lombardia
2023-11-09,PAB,551,266,285,551,ITH,ITH1,4,Provincia Autonoma Bolzano / Bozen
2023-11-05,EMR,193,103,90,193,ITH,ITH5,8,Emilia-Romagna
2023-11-30,PUG,747,379,368,747,ITF,ITF4,16,Puglia
2023-10-26,CAM,402,225,177,402,ITF,ITF3,15,Campania
2023-11-29,FVG,1290,611,679,1290,ITH,ITH4,6,Friuli-Venezia Giulia
2023-10-23,LIG,290,145,145,290,ITC,ITC3,7,Liguria
2023-10-16,PAT,226,76,150,226,ITH,ITH2,4,Provincia Autonoma Trento
2023-10-12,LOM,563,245,318,563,ITC,ITC4,3,Lombardia
2023-11-16,VDA,116,57,59,116,ITC,ITC2,2,Valle d'Aosta / Vallée d'Aoste
2023-10-26,LAZ,841,412,429,841,ITI,ITI4,12,Lazio
2023-10-24,TOS,2449,1129,1320,2449,ITI,ITI1,9,Toscana
2023-11-09,LIG,1033,523,510,1033,ITC,ITC3,7,Liguria
2023-10-09,LOM,380,153,227,380,ITC,ITC4,3,Lombardia
2023-10-16,CAM,165,94,71,165,ITF,ITF3,15,Campania
2023-10-25,MOL,74,40,34,74,ITF,ITF2,14,Molise
2023-11-13,PAB,200,77,123,200,ITH,ITH1,4,Provincia Autonoma Bolzano / Bozen
2023-10-05,PIE,14,9,5,14,ITC,ITC1,1,Piemonte
2023-11-14,BAS,24,10,14,24,ITF,ITF5,17,Basilicata
2023-11-11,SIC,31,16,15,31,ITG,ITG1,19,Sicilia
2023-11-18,PAB,9,2,7,9,ITH,ITH1,4,Provincia Autonoma Bolzano / Bozen
2023-11-04,SIC,8,5,3,8,ITG,ITG1,19,Sicilia
2023-10-03,FVG,6,2,4,6,ITH,ITH4,6,Friuli-Venezia Giulia
2023-11-24,PAB,187,96,91,187,ITH,ITH1,4,Provincia Autonoma Bolzano / Bozen
2023-10-18,TOS,1078,520,558,1078,ITI,ITI1,9,Toscana
2023-11-24,LIG,554,272,282,554,ITC,ITC3,7,Liguria
2023-10-30,UMB,315,156,159,315,ITI,ITI2,10,Umbria
2023-10-19,VDA,113,59,54,113,ITC,ITC2,2,Valle d'Aosta / Vallée d'Aoste
2023-11-19,TOS,206,90,116,206,ITI,ITI1,9,Toscana
2023-11-18,LOM,6262,2962,3300,6262,ITC,ITC4,3,Lombardia
2023-10-12,TOS,804,360,444,804,ITI,ITI1,9,Toscana
2023-10-11,LOM,451,173,278,451,ITC,ITC4,3,Lombardia
2023-11-17,FVG,1346,660,686,1346,ITH,ITH4,6,Friuli-Venezia Giulia
2023-11-03,CAL,52,26,26,52,ITF,ITF6,18,Calabria
2023-10-13,CAL,6,4,2,6,ITF,ITF6,18,Calabria
2023-10-19,MAR,357,171,186,357,ITI,ITI3,11,Marche
2023-11-07,PIE,2559,1199,1360,2559,ITC,ITC1,1,Piemonte
2023-11-06,PIE,1620,806,814,1620,ITC,ITC1,1,Piemonte
2023-11-09,LOM,10147,4767,5380,10147,ITC,ITC4,3,Lombardia
2023-11-11,VDA,81,33,48,81,ITC,ITC2,2,Valle d'Aosta / Vallée d'Aoste
2023-10-12,PAB,565,292,273,565,ITH,ITH1,4,Provincia Autonoma Bolzano / Bozen
2023-10-24,PAT,593,268,325,593,ITH,ITH2,4,Provincia Autonoma Trento
2023-10-26,PAT,607,293,314,607,ITH,ITH2,4,Provincia Autonoma Trento
2023-10-26,SIC,45,23,22,45,ITG,ITG1,19,Sicilia
2023-11-27,UMB,335,178,157,335,ITI,ITI2,10,Umbria
2023-10-18,PIE,419,219,200,419,ITC,ITC1,1,Piemonte
2023-10-26,PUG,1333,663,670,1333,ITF,ITF4,16,Puglia
2023-10-27,LOM,9059,4306,4753,9059,ITC,ITC4,3,Lombardia
2023-10-19,CAM,298,169,129,298,ITF,ITF3,15,Campania
2023-11-27,SAR,515,262,253,515,ITG,ITG2,20,Sardegna
2023-11-21,UMB,600,283,317,600,ITI,ITI2,10,Umbria
2023-11-21,SAR,487,239,248,487,ITG,ITG2,20,Sardegna
2023-10-17,SAR,129,64,65,129,ITG,ITG2,20,Sardegna
2023-11-12,EMR,797,380,417,797,ITH,ITH5,8,Emilia-Romagna
2023-11-09,VEN,2034,953,1081,2034,ITH,ITH3,5,Veneto
2023-11-13,VEN,1585,756,829,1585,ITH,ITH3,5,Veneto
2023-10-10,LAZ,198,113,85,198,ITI,ITI4,12,Lazio
2023-11-24,CAM,360,203,157,360,ITF,ITF3,15,Campania
2023-11-26,CAM,19,10,9,19,ITF,ITF3,15,Campania
2023-10-13,MAR,100,55,45,100,ITI,ITI3,11,Marche
2023-11-23,CAL,114,67,47,114,ITF,ITF6,18,Calabria
2023-11-04,VDA,109,57,52,109,ITC,ITC2,2,Valle d'Aosta / Vallée d'Aoste
2023-11-16,EMR,6468,3070,3398,6468,ITH,ITH5,8,Emilia-Romagna
2023-11-28,LAZ,2873,1417,1456,2873,ITI,ITI4,12,Lazio
2023-11-28,FVG,1215,589,626,1215,ITH,ITH4,6,Friuli-Venezia Giulia
2023-10-20,EMR,2205,1073,1132,2205,ITH,ITH5,8,Emilia-Romagna
2023-11-01,MAR,34,12,22,34,ITI,ITI3,11,Marche
2023-11-05,VEN,49,30,19,49,ITH,ITH3,5,Veneto
2023-11-02,UMB,423,222,201,423,ITI,ITI2,10,Umbria
2023-10-14,PAB,21,7,14,21,ITH,ITH1,4,Provincia Autonoma Bolzano / Bozen
2023-11-15,TOS,6166,2839,3327,6166,ITI,ITI1,9,Toscana
2023-10-20,LAZ,739,370,369,739,ITI,ITI4,12,Lazio
2023-11-10,UMB,681,322,359,681,ITI,ITI2,10,Umbria
2023-11-23,SAR,597,325,272,597,ITG,ITG2,20,Sardegna
2023-10-10,FVG,48,25,23,48,ITH,ITH4,6,Friuli-Venezia Giulia
2023-11-11,PIE,1867,928,939,1867,ITC,ITC1,1,Piemonte
2023-11-02,LAZ,1340,633,707,1340,ITI,ITI4,12,Lazio
2023-11-04,PIE,1381,677,704,1381,ITC,ITC1,1,Piemonte
2023-11-15,EMR,6539,3123,3416,6539,ITH,ITH5,8,Emilia-Romagna
2023-11-20,CAM,439,257,182,439,ITF,ITF3,15,Campania
2023-10-17,MAR,234,112,122,234,ITI,ITI3,11,Marche
2023-10-16,PAB,150,72,78,150,ITH,ITH1,4,Provincia Autonoma Bolzano / Bozen
2023-10-03,CAM,29,18,11,29,ITF,ITF3,15,Campania
2023-10-11,VEN,1,0,1,1,ITH,ITH3,5,Veneto
2023-11-01,VDA,1,0,1,1,ITC,ITC2,2,Valle d'Aosta / Vallée d'Aoste
2023-10-02,CAM,4,3,1,4,ITF,ITF3,15,Campania
2023-11-06,BAS,5,3,2,5,ITF,ITF5,17,Basilicata
2023-11-24,PUG,1792,890,902,1792,ITF,ITF4,16,Puglia
2023-10-24,VEN,695,260,435,695,ITH,ITH3,5,Veneto
2023-10-20,FVG,571,289,282,571,ITH,ITH4,6,Friuli-Venezia Giulia
2023-11-03,LOM,8978,4260,4718,8978,ITC,ITC4,3,Lombardia
2023-10-26,PIE,1451,727,724,1451,ITC,ITC1,1,Piemonte
2023-10-17,LAZ,432,232,200,432,ITI,ITI4,12,Lazio
2023-10-14,CAM,41,15,26,41,ITF,ITF3,15,Campania
2023-11-28,PAB,477,245,232,477,ITH,ITH1,4,Provincia Autonoma Bolzano / Bozen
2023-11-24,PAT,187,86,101,187,ITH,ITH2,4,Provincia Autonoma Trento
2023-10-21,LOM,3449,1738,1711,3449,ITC,ITC4,3,Lombardia
2023-11-07,VDA,100,45,55,100,ITC,ITC2,2,Valle d'Aosta / Vallée d'Aoste
2023-10-19,PIE,555,282,273,555,ITC,ITC1,1,Piemonte
2023-10-30,PAT,337,172,165,337,ITH,ITH2,4,Provincia Autonoma Trento
2023-11-18,TOS,2442,1213,1229,2442,ITI,ITI1,9,Toscana
2023-11-30,LOM,10064,4812,5252,10064,ITC,ITC4,3,Lombardia
2023-11-06,SAR,313,148,165,313,ITG,ITG2,20,Sardegna
2023-11-16,FVG,1142,556,586,1142,ITH,ITH4,6,Friuli-Venezia Giulia
2023-11-16,CAL,123,67,56,123,ITF,ITF6,18,Calabria
2023-10-12,PUG,86,62,24,86,ITF,ITF4,16,Puglia
2023-10-27,CAM,278,148,130,278,ITF,ITF3,15,Campania
2023-11-30,PAB,493,237,256,493,ITH,ITH1,4,Provincia Autonoma Bolzano / Bozen
2023-11-20,LAZ,1434,724,710,1434,ITI,ITI4,12,Lazio
2023-11-02,PAB,334,157,177,334,ITH,ITH1,4,Provincia Autonoma Bolzano / Bozen
2023-11-28,UMB,710,355,355,710,ITI,ITI2,10,Umbria
2023-11-11,TOS,2445,1117,1328,2445,ITI,ITI1,9,Toscana
2023-11-14,UMB,656,320,336,656,ITI,ITI2,10,Umbria
2023-10-04,PAT,11,7,4,11,ITH,ITH2,4,Provincia Autonoma Trento
2023-11-25,VDA,101,49,52,101,ITC,ITC2,2,Valle d'Aosta / Vallée d'Aoste
2023-11-10,EMR,7444,3648,3796,7444,ITH,ITH5,8,Emilia-Romagna
2023-11-30,VEN,2903,1443,1460,2903,ITH,ITH3,5,Veneto
2023-11-21,PAT,550,252,298,550,ITH,ITH2,4,Provincia Autonoma Trento
2023-11-10,PAB,271,131,140,271,ITH,ITH1,4,Provincia Autonoma Bolzano / Bozen
2023-10-24,EMR,3562,1690,1872,3562,ITH,ITH5,8,Emilia-Romagna
2023-10-04,TOS,274,153,121,274,ITI,ITI1,9,Toscana
2023-11-17,UMB,674,338,336,674,ITI,ITI2,10,Umbria
2023-11-19,LOM,491,235,256,491,ITC,ITC4,3,Lombardia
2023-10-09,SAR,66,32,34,66,ITG,ITG2,20,Sardegna
2023-11-09,TOS,8092,3832,4260,8092,ITI,ITI1,9,Toscana
2023-10-24,LIG,893,364,529,893,ITC,ITC3,7,Liguria
2023-11-11,LAZ,919,454,465,919,ITI,ITI4,12,Lazio
2023-11-09,PIE,2911,1407,1504,2911,ITC,ITC1,1,Piemonte
2023-11-04,LAZ,726,371,355,726,ITI,ITI4,12,Lazio
2023-11-23,EMR,5945,2864,3081,5945,ITH,ITH5,8,Emilia-Romagna
2023-11-28,CAM,510,265,245,510,ITF,ITF3,15,Campania
2023-10-27,SIC,47,26,21,47,ITG,ITG1,19,Sicilia
2023-11-06,PAT,425,207,218,425,ITH,ITH2,4,Provincia Autonoma Trento
2023-10-28,PUG,382,201,181,382,ITF,ITF4,16,Puglia
2023-11-10,VDA,160,73,87,160,ITC,ITC2,2,Valle d'Aosta / Vallée d'Aoste
2023-11-22,CAM,545,300,245,545,ITF,ITF3,15,Campania
2023-10-30,MOL,25,12,13,25,ITF,ITF2,14,Molise
2023-10-12,VEN,1,1,0,1,ITH,ITH3,5,Veneto
2023-10-20,SAR,120,59,61,120,ITG,ITG2,20,Sardegna
2023-11-20,MAR,576,308,268,576,ITI,ITI3,11,Marche
2023-11-07,LOM,10373,4795,5578,10373,ITC,ITC4,3,Lombardia
2023-10-17,EMR,1201,585,616,1201,ITH,ITH5,8,Emilia-Romagna
2023-11-01,EMR,236,92,144,236,ITH,ITH5,8,Emilia-Romagna
2023-10-29,PUG,62,39,23,62,ITF,ITF4,16,Puglia
2023-10-28,PAT,47,16,31,47,ITH,ITH2,4,Provincia Autonoma Trento
2023-10-23,PAB,216,99,117,216,ITH,ITH1,4,Provincia Autonoma Bolzano / Bozen
2023-11-13,LOM,8557,4015,4542,8557,ITC,ITC4,3,Lombardia
2023-10-23,FVG,332,166,166,332,ITH,ITH4,6,Friuli-Venezia Giulia
2023-11-15,VDA,152,84,68,152,ITC,ITC2,2,Valle d'Aosta / Vallée d'Aoste
2023-10-10,MAR,5,3,2,5,ITI,ITI3,11,Marche
2023-11-02,VDA,158,70,88,158,ITC,ITC2,2,Valle d'Aosta / Vallée d'Aoste
2023-10-29,PIE,22,10,12,22,ITC,ITC1,1,Piemonte
2023-11-27,MOL,14,8,6,14,ITF,ITF2,14,Molise
2023-10-09,PAB,80,39,41,80,ITH,ITH1,4,Provincia Autonoma Bolzano / Bozen
2023-10-03,VEN,1,1,0,1,ITH,ITH3,5,Veneto
2023-11-12,PAB,2,2,0,2,ITH,ITH1,4,Provincia Autonoma Bolzano / Bozen
2023-10-28,VEN,733,354,379,733,ITH,ITH3,5,Veneto
2023-11-27,CAM,399,227,172,399,ITF,ITF3,15,Campania
2023-11-03,UMB,537,284,253,537,ITI,ITI2,10,Umbria
2023-11-22,LIG,1121,549,572,1121,ITC,ITC3,7,Liguria
2023-09-29,TOS,3,0,3,3,ITI,ITI1,9,Toscana
2023-10-24,FVG,664,341,323,664,ITH,ITH4,6,Friuli-Venezia Giulia
2023-11-22,LOM,10277,4852,5425,10277,ITC,ITC4,3,Lombardia
2023-10-26,UMB,121,57,64,121,ITI,ITI2,10,Umbria
2023-11-28,LIG,1111,580,531,1111,ITC,ITC3,7,Liguria
2023-11-21,CAM,406,216,190,406,ITF,ITF3,15,Campania
2023-11-20,SIC,58,33,25,58,ITG,ITG1,19,Sicilia
2023-11-28,CAL,175,108,67,175,ITF,ITF6,18,Calabria
2023-11-24,VDA,123,66,57,123,ITC,ITC2,2,Valle d'Aosta / Vallée d'Aoste
2023-10-12,MAR,29,15,14,29,ITI,ITI3,11,Marche
2023-10-21,PAB,3,0,3,3,ITH,ITH1,4,Provincia Autonoma Bolzano / Bozen
2023-11-09,PAT,737,385,352,737,ITH,ITH2,4,Provincia Autonoma Trento
2023-10-05,LOM,362,191,171,362,ITC,ITC4,3,Lombardia
2023-11-30,FVG,917,440,477,917,ITH,ITH4,6,Friuli-Venezia Giulia
2023-11-03,PAB,301,139,162,301,ITH,ITH1,4,Provincia Autonoma Bolzano / Bozen
2023-10-30,VEN,1273,577,696,1273,ITH,ITH3,5,Veneto
2023-10-26,PAB,780,388,392,780,ITH,ITH1,4,Provincia Autonoma Bolzano / Bozen
2023-11-21,PIE,2793,1309,1484,2793,ITC,ITC1,1,Piemonte
2023-11-10,MAR,970,496,474,970,ITI,ITI3,11,Marche
2023-11-03,TOS,5902,2787,3115,5902,ITI,ITI1,9,Toscana
2023-11-09,PUG,1546,821,725,1546,ITF,ITF4,16,Puglia
2023-10-20,LOM,5909,2919,2990,5909,ITC,ITC4,3,Lombardia
2023-11-14,SIC,108,52,56,108,ITG,ITG1,19,Sicilia
2023-11-08,SIC,30,16,14,30,ITG,ITG1,19,Sicilia
2023-11-05,VDA,7,2,5,7,ITC,ITC2,2,Valle d'Aosta / Vallée d'Aoste
2023-11-14,MAR,670,352,318,670,ITI,ITI3,11,Marche
2023-10-19,FVG,306,147,159,306,ITH,ITH4,6,Friuli-Venezia Giulia
2023-10-30,SAR,169,94,75,169,ITG,ITG2,20,Sardegna
2023-11-22,FVG,1039,495,544,1039,ITH,ITH4,6,Friuli-Venezia Giulia
2023-10-16,VDA,104,50,54,104,ITC,ITC2,2,Valle d'Aosta / Vallée d'Aoste
2023-11-27,LIG,300,156,144,300,ITC,ITC3,7,Liguria
2023-11-04,CAL,40,21,19,40,ITF,ITF6,18,Calabria
2023-11-21,LIG,1645,826,819,1645,ITC,ITC3,7,Liguria
2023-11-16,MOL,111,50,61,111,ITF,ITF2,14,Molise
2023-10-13,MOL,9,7,2,9,ITF,ITF2,14,Molise
2023-10-16,EMR,716,311,405,716,ITH,ITH5,8,Emilia-Romagna
2023-10-15,MAR,1,1,0,1,ITI,ITI3,11,Marche
2023-11-25,PIE,1360,693,667,1360,ITC,ITC1,1,Piemonte
2023-11-18,PUG,326,166,160,326,ITF,ITF4,16,Puglia
2023-10-04,LAZ,16,9,7,16,ITI,ITI4,12,Lazio
2023-11-08,LAZ,2137,1014,1123,2137,ITI,ITI4,12,Lazio
2023-11-18,FVG,322,164,158,322,ITH,ITH4,6,Friuli-Venezia Giulia
2023-10-30,CAL,59,30,29,59,ITF,ITF6,18,Calabria
2023-11-06,MAR,408,206,202,408,ITI,ITI3,11,Marche
2023-11-03,VEN,1240,570,670,1240,ITH,ITH3,5,Veneto
2023-10-29,PAT,1,0,1,1,ITH,ITH2,4,Provincia Autonoma Trento
2023-10-20,VEN,466,227,239,466,ITH,ITH3,5,Veneto
2023-10-26,LIG,823,413,410,823,ITC,ITC3,7,Liguria
2023-11-03,SAR,217,112,105,217,ITG,ITG2,20,Sardegna
2023-11-18,PAT,44,21,23,44,ITH,ITH2,4,Provincia Autonoma Trento
2023-09-26,TOS,15,7,8,15,ITI,ITI1,9,Toscana
2023-10-21,UMB,24,13,11,24,ITI,ITI2,10,Umbria
2023-10-20,CAL,6,4,2,6,ITF,ITF6,18,Calabria
2023-10-29,FVG,9,4,5,9,ITH,ITH4,6,Friuli-Venezia Giulia
2023-11-06,TOS,3900,1885,2015,3900,ITI,ITI1,9,Toscana
2023-11-29,CAM,620,341,279,620,ITF,ITF3,15,Campania
2023-11-23,TOS,7974,3773,4201,7974,ITI,ITI1,9,Toscana
2023-10-06,LIG,61,21,40,61,ITC,ITC3,7,Liguria
2023-10-24,LAZ,1004,517,487,1004,ITI,ITI4,12,Lazio
2023-11-20,UMB,369,183,186,369,ITI,ITI2,10,Umbria
2023-11-07,CAL,114,68,46,114,ITF,ITF6,18,Calabria
2023-11-20,MOL,91,54,37,91,ITF,ITF2,14,Molise
2023-11-20,SAR,371,187,184,371,ITG,ITG2,20,Sardegna
2023-11-20,VEN,2072,1038,1034,2072,ITH,ITH3,5,Veneto
2023-11-30,TOS,5962,2814,3148,5962,ITI,ITI1,9,Toscana
2023-11-15,PAB,553,278,275,553,ITH,ITH1,4,Provincia Autonoma Bolzano / Bozen
2023-11-14,FVG,1417,717,700,1417,ITH,ITH4,6,Friuli-Venezia Giulia
2023-10-24,SIC,70,40,30,70,ITG,ITG1,19,Sicilia
2023-11-03,MAR,829,429,400,829,ITI,ITI3,11,Marche
2023-11-07,VEN,1790,792,998,1790,ITH,ITH3,5,Veneto
2023-10-13,LOM,520,203,317,520,ITC,ITC4,3,Lombardia
2023-11-10,TOS,6721,3181,3540,6721,ITI,ITI1,9,Toscana
2023-11-04,EMR,2862,1396,1466,2862,ITH,ITH5,8,Emilia-Romagna
2023-11-17,MAR,39,20,19,39,ITI,ITI3,11,Marche
2023-11-10,PUG,1884,991,893,1884,ITF,ITF4,16,Puglia
2023-11-06,PAB,164,76,88,164,ITH,ITH1,4,Provincia Autonoma Bolzano / Bozen
2023-11-08,CAL,110,71,39,110,ITF,ITF6,18,Calabria
2023-11-19,UMB,20,11,9,20,ITI,ITI2,10,Umbria
2023-10-31,UMB,282,136,146,282,ITI,ITI2,10,Umbria
2023-11-06,UMB,323,151,172,323,ITI,ITI2,10,Umbria
2023-11-03,FVG,704,350,354,704,ITH,ITH4,6,Friuli-Venezia Giulia
2023-11-08,SAR,292,155,137,292,ITG,ITG2,20,Sardegna
2023-11-21,PUG,1718,820,898,1718,ITF,ITF4,16,Puglia
2023-10-06,FVG,151,81,70,151,ITH,ITH4,6,Friuli-Venezia Giulia
2023-10-30,PUG,890,444,446,890,ITF,ITF4,16,Puglia
2023-10-23,PAT,145,75,70,145,ITH,ITH2,4,Provincia Autonoma Trento
2023-11-28,LOM,10408,4831,5577,10408,ITC,ITC4,3,Lombardia
2023-11-02,VEN,1718,763,955,1718,ITH,ITH3,5,Veneto
2023-10-28,FVG,519,275,244,519,ITH,ITH4,6,Friuli-Venezia Giulia
2023-10-30,CAM,369,214,155,369,ITF,ITF3,15,Campania
2023-10-25,VDA,304,138,166,304,ITC,ITC2,2,Valle d'Aosta / Vallée d'Aoste
2023-11-02,EMR,4072,1946,2126,4072,ITH,ITH5,8,Emilia-Romagna
2023-10-31,PAB,532,250,282,532,ITH,ITH1,4,Provincia Autonoma Bolzano / Bozen
2023-11-24,VEN,2939,1503,1436,2939,ITH,ITH3,5,Veneto
2023-11-10,VEN,2472,1210,1262,2472,ITH,ITH3,5,Veneto
2023-10-17,TOS,651,295,356,651,ITI,ITI1,9,Toscana
2023-11-06,LOM,4259,2011,2248,4259,ITC,ITC4,3,Lombardia
2023-11-29,LAZ,3355,1644,1711,3355,ITI,ITI4,12,Lazio
2023-10-23,CAM,306,167,139,306,ITF,ITF3,15,Campania
2023-11-21,TOS,4961,2263,2698,4961,ITI,ITI1,9,Toscana
2023-10-23,PUG,851,422,429,851,ITF,ITF4,16,Puglia
2023-10-11,EMR,52,16,36,52,ITH,ITH5,8,Emilia-Romagna
2023-11-07,MAR,741,355,386,741,ITI,ITI3,11,Marche
2023-10-05,LIG,61,18,43,61,ITC,ITC3,7,Liguria
2023-10-19,MOL,55,18,37,55,ITF,ITF2,14,Molise
2023-11-13,VDA,61,30,31,61,ITC,ITC2,2,Valle d'Aosta / Vallée d'Aoste
2023-09-29,CAM,11,6,5,11,ITF,ITF3,15,Campania
2023-11-27,PAB,32,18,14,32,ITH,ITH1,4,Provincia Autonoma Bolzano / Bozen
2023-10-14,PUG,11,4,7,11,ITF,ITF4,16,Puglia
2023-10-28,CAL,12,7,5,12,ITF,ITF6,18,Calabria
2023-11-05,FVG,11,7,4,11,ITH,ITH4,6,Friuli-Venezia Giulia
2023-10-16,SIC,7,4,3,7,ITG,ITG1,19,Sicilia
2023-10-26,CAL,15,7,8,15,ITF,ITF6,18,Calabria
2023-10-02,EMR,1,0,1,1,ITH,ITH5,8,Emilia-Romagna
2023-10-25,MAR,530,265,265,530,ITI,ITI3,11,Marche
2023-11-03,SIC,48,24,24,48,ITG,ITG1,19,Sicilia
2023-11-13,MAR,471,226,245,471,ITI,ITI3,11,Marche
2023-11-05,PAB,6,2,4,6,ITH,ITH1,4,Provincia Autonoma Bolzano / Bozen
2023-11-13,SAR,354,183,171,354,ITG,ITG2,20,Sardegna
2023-11-03,PAT,357,173,184,357,ITH,ITH2,4,Provincia Autonoma Trento
2023-11-30,MAR,6,5,1,6,ITI,ITI3,11,Marche
2023-10-23,MOL,37,14,23,37,ITF,ITF2,14,Molise
2023-10-21,PUG,215,98,117,215,ITF,ITF4,16,Puglia
2023-11-09,SAR,303,160,143,303,ITG,ITG2,20,Sardegna
2023-11-04,CAM,89,50,39,89,ITF,ITF3,15,Campania
2023-10-06,VDA,18,10,8,18,ITC,ITC2,2,Valle d'Aosta / Vallée d'Aoste
2023-11-03,PUG,1604,828,776,1604,ITF,ITF4,16,Puglia
2023-11-21,VEN,2552,1229,1323,2552,ITH,ITH3,5,Veneto
2023-10-17,VEN,159,60,99,159,ITH,ITH3,5,Veneto
2023-10-13,CAM,127,61,66,127,ITF,ITF3,15,Campania
2023-11-25,MAR,5,1,4,5,ITI,ITI3,11,Marche
2023-11-24,BAS,50,25,25,50,ITF,ITF5,17,Basilicata
2023-11-23,MAR,47,19,28,47,ITI,ITI3,11,Marche
2023-10-26,FVG,850,422,428,850,ITH,ITH4,6,Friuli-Venezia Giulia
2023-11-27,VEN,2098,989,1109,2098,ITH,ITH3,5,Veneto
2023-11-11,EMR,3331,1614,1717,3331,ITH,ITH5,8,Emilia-Romagna
2023-11-29,CAL,168,100,68,168,ITF,ITF6,18,Calabria
2023-10-05,FVG,29,11,18,29,ITH,ITH4,6,Friuli-Venezia Giulia
2023-11-09,CAL,121,64,57,121,ITF,ITF6,18,Calabria
2023-11-22,TOS,6191,2857,3334,6191,ITI,ITI1,9,Toscana
2023-10-12,PIE,105,50,55,105,ITC,ITC1,1,Piemonte
2023-11-05,TOS,186,97,89,186,ITI,ITI1,9,Toscana
2023-10-11,SAR,89,42,47,89,ITG,ITG2,20,Sardegna
2023-11-23,SIC,214,119,95,214,ITG,ITG1,19,Sicilia
2023-11-21,LAZ,2177,1076,1101,2177,ITI,ITI4,12,Lazio
2023-11-08,LOM,11340,5197,6143,11340,ITC,ITC4,3,Lombardia
2023-10-01,LOM,2772,1464,1308,2772,ITC,ITC4,3,Lombardia
2023-11-02,PIE,1546,748,798,1546,ITC,ITC1,1,Piemonte
2023-10-31,VDA,152,75,77,152,ITC,ITC2,2,Valle d'Aosta / Vallée d'Aoste
2023-10-18,PAB,625,301,324,625,ITH,ITH1,4,Provincia Autonoma Bolzano / Bozen
2023-11-23,VEN,2784,1410,1374,2784,ITH,ITH3,5,Veneto
2023-10-21,VEN,49,21,28,49,ITH,ITH3,5,Veneto
2023-10-31,CAM,123,56,67,123,ITF,ITF3,15,Campania
2023-11-22,LAZ,2111,1011,1100,2111,ITI,ITI4,12,Lazio
2023-11-12,LOM,1020,485,535,1020,ITC,ITC4,3,Lombardia
2023-11-10,PIE,3352,1622,1730,3352,ITC,ITC1,1,Piemonte
2023-11-14,VDA,105,49,56,105,ITC,ITC2,2,Valle d'Aosta / Vallée d'Aoste
2023-11-18,CAL,34,21,13,34,ITF,ITF6,18,Calabria
2023-11-13,TOS,3841,1790,2051,3841,ITI,ITI1,9,Toscana
2023-11-26,PIE,56,27,29,56,ITC,ITC1,1,Piemonte
2023-11-05,UMB,137,72,65,137,ITI,ITI2,10,Umbria
2023-11-29,LIG,1310,628,682,1310,ITC,ITC3,7,Liguria
2023-10-31,MAR,600,293,307,600,ITI,ITI3,11,Marche
2023-10-24,MAR,569,297,272,569,ITI,ITI3,11,Marche
2023-11-06,CAM,335,195,140,335,ITF,ITF3,15,Campania
2023-11-26,VDA,3,0,3,3,ITC,ITC2,2,Valle d'Aosta / Vallée d'Aoste
2023-11-10,BAS,12,6,6,12,ITF,ITF5,17,Basilicata
2023-11-20,BAS,5,1,4,5,ITF,ITF5,17,Basilicata
2023-10-21,PAT,65,35,30,65,ITH,ITH2,4,Provincia Autonoma Trento
2023-10-21,SIC,6,3,3,6,ITG,ITG1,19,Sicilia
2023-11-01,VEN,2,1,1,2,ITH,ITH3,5,Veneto
2023-10-11,CAM,174,95,79,174,ITF,ITF3,15,Campania
2023-10-27,EMR,4786,2284,2502,4786,ITH,ITH5,8,Emilia-Romagna
2023-11-01,LOM,1248,551,697,1248,ITC,ITC4,3,Lombardia
2023-11-12,PIE,54,26,28,54,ITC,ITC1,1,Piemonte
2023-10-17,PUG,262,148,114,262,ITF,ITF4,16,Puglia
2023-10-09,PIE,85,35,50,85,ITC,ITC1,1,Piemonte
2023-11-11,LOM,5871,2805,3066,5871,ITC,ITC4,3,Lombardia
2023-11-07,SIC,77,44,33,77,ITG,ITG1,19,Sicilia
2023-10-16,VEN,152,72,80,152,ITH,ITH3,5,Veneto
2023-10-27,PAB,351,171,180,351,ITH,ITH1,4,Provincia Autonoma Bolzano / Bozen
2023-10-25,CAL,24,14,10,24,ITF,ITF6,18,Calabria
2023-11-30,CAM,653,371,282,653,ITF,ITF3,15,Campania
2023-11-23,PUG,1605,792,813,1605,ITF,ITF4,16,Puglia
2023-11-19,LAZ,57,32,25,57,ITI,ITI4,12,Lazio
2023-10-25,SIC,38,23,15,38,ITG,ITG1,19,Sicilia
2023-10-31,LOM,4635,2113,2522,4635,ITC,ITC4,3,Lombardia
2023-11-15,PIE,2798,1289,1509,2798,ITC,ITC1,1,Piemonte
2023-11-06,LIG,480,239,241,480,ITC,ITC3,7,Liguria
2023-11-23,PAT,578,264,314,578,ITH,ITH2,4,Provincia Autonoma Trento
2023-10-12,LAZ,144,77,67,144,ITI,ITI4,12,Lazio
2023-10-24,MOL,36,12,24,36,ITF,ITF2,14,Molise
2023-10-04,CAM,30,20,10,30,ITF,ITF3,15,Campania
2023-11-25,CAL,16,7,9,16,ITF,ITF6,18,Calabria
2023-10-26,MOL,9,4,5,9,ITF,ITF2,14,Molise
2023-10-30,EMR,3205,1483,1722,3205,ITH,ITH5,8,Emilia-Romagna
2023-10-31,LIG,1055,478,577,1055,ITC,ITC3,7,Liguria
2023-11-07,FVG,1263,602,661,1263,ITH,ITH4,6,Friuli-Venezia Giulia
2023-11-11,CAM,94,57,37,94,ITF,ITF3,15,Campania
2023-10-14,LAZ,13,8,5,13,ITI,ITI4,12,Lazio
2023-11-13,SIC,34,21,13,34,ITG,ITG1,19,Sicilia
2023-11-14,LOM,10238,4655,5583,10238,ITC,ITC4,3,Lombardia
2023-10-18,LAZ,493,254,239,493,ITI,ITI4,12,Lazio
2023-10-30,TOS,2465,1163,1302,2465,ITI,ITI1,9,Toscana
2023-11-13,CAL,92,48,44,92,ITF,ITF6,18,Calabria
2023-11-18,CAM,83,40,43,83,ITF,ITF3,15,Campania
2023-10-20,PIE,830,420,410,830,ITC,ITC1,1,Piemonte
2023-11-22,MAR,29,10,19,29,ITI,ITI3,11,Marche
2023-11-21,MAR,634,311,323,634,ITI,ITI3,11,Marche
2023-11-30,LIG,714,351,363,714,ITC,ITC3,7,Liguria
2023-10-06,SAR,50,24,26,50,ITG,ITG2,20,Sardegna
2023-10-28,PIE,880,440,440,880,ITC,ITC1,1,Piemonte
2023-11-25,SIC,11,6,5,11,ITG,ITG1,19,Sicilia
2023-10-15,LOM,3,2,1,3,ITC,ITC4,3,Lombardia
2023-10-18,UMB,18,9,9,18,ITI,ITI2,10,Umbria
2023-10-29,PAB,1,0,1,1,ITH,ITH1,4,Provincia Autonoma Bolzano / Bozen
2023-11-30,SAR,901,463,438,901,ITG,ITG2,20,Sardegna
2023-11-20,VDA,40,19,21,40,ITC,ITC2,2,Valle d'Aosta / Vallée d'Aoste
2023-11-25,TOS,1807,864,943,1807,ITI,ITI1,9,Toscana
2023-10-17,VDA,63,29,34,63,ITC,ITC2,2,Valle d'Aosta / Vallée d'Aoste
2023-11-05,PUG,22,13,9,22,ITF,ITF4,16,Puglia
2023-11-08,VEN,2042,977,1065,2042,ITH,ITH3,5,Veneto
2023-10-28,LOM,5946,2939,3007,5946,ITC,ITC4,3,Lombardia
2023-11-02,SAR,171,93,78,171,ITG,ITG2,20,Sardegna
2023-11-12,TOS,189,87,102,189,ITI,ITI1,9,Toscana
2023-10-28,CAM,77,42,35,77,ITF,ITF3,15,Campania
2023-11-24,CAL,135,87,48,135,ITF,ITF6,18,Calabria
2023-11-25,LAZ,1207,633,574,1207,ITI,ITI4,12,Lazio
2023-11-07,LAZ,2105,1026,1079,2105,ITI,ITI4,12,Lazio
2023-10-26,LOM,9897,4712,5185,9897,ITC,ITC4,3,Lombardia
2023-10-27,FVG,916,458,458,916,ITH,ITH4,6,Friuli-Venezia Giulia
2023-11-30,CAL,171,99,72,171,ITF,ITF6,18,Calabria
2023-10-27,CAL,70,36,34,70,ITF,ITF6,18,Calabria
2023-11-23,BAS,29,17,12,29,ITF,ITF5,17,Basilicata
2023-10-29,TOS,36,15,21,36,ITI,ITI1,9,Toscana
2023-11-29,SIC,148,86,62,148,ITG,ITG1,19,Sicilia
2023-11-16,LOM,9989,4693,5296,9989,ITC,ITC4,3,Lombardia
2023-10-03,SAR,6,1,5,6,ITG,ITG2,20,Sardegna
2023-10-19,PAB,802,390,412,802,ITH,ITH1,4,Provincia Autonoma Bolzano / Bozen
2023-11-06,VEN,1444,675,769,1444,ITH,ITH3,5,Veneto
2023-10-24,SAR,191,84,107,191,ITG,ITG2,20,Sardegna
2023-11-20,FVG,1105,561,544,1105,ITH,ITH4,6,Friuli-Venezia Giulia
2023-11-13,LAZ,1649,861,788,1649,ITI,ITI4,12,Lazio
2023-10-31,PIE,1514,743,771,1514,ITC,ITC1,1,Piemonte
2023-10-10,PIE,95,51,44,95,ITC,ITC1,1,Piemonte
2023-10-06,CAM,28,15,13,28,ITF,ITF3,15,Campania
2023-10-23,PIE,774,377,397,774,ITC,ITC1,1,Piemonte
2023-10-25,LAZ,990,492,498,990,ITI,ITI4,12,Lazio
2023-11-06,EMR,3935,1815,2120,3935,ITH,ITH5,8,Emilia-Romagna
2023-10-22,MAR,54,30,24,54,ITI,ITI3,11,Marche
2023-11-24,PIE,3387,1632,1755,3387,ITC,ITC1,1,Piemonte
2023-10-24,LOM,8997,4425,4572,8997,ITC,ITC4,3,Lombardia
2023-10-21,PIE,339,180,159,339,ITC,ITC1,1,Piemonte
2023-10-30,FVG,532,274,258,532,ITH,ITH4,6,Friuli-Venezia Giulia
2023-10-31,MOL,33,13,20,33,ITF,ITF2,14,Molise
2023-11-24,SAR,563,289,274,563,ITG,ITG2,20,Sardegna
2023-11-07,TOS,5187,2423,2764,5187,ITI,ITI1,9,Toscana
2023-11-08,EMR,6876,3231,3645,6876,ITH,ITH5,8,Emilia-Romagna
2023-11-10,SAR,332,159,173,332,ITG,ITG2,20,Sardegna
2023-10-18,EMR,1499,716,783,1499,ITH,ITH5,8,Emilia-Romagna
2023-11-29,VDA,128,62,66,128,ITC,ITC2,2,Valle d'Aosta / Vallée d'Aoste
2023-10-23,CAL,17,12,5,17,ITF,ITF6,18,Calabria
2023-11-12,PUG,51,30,21,51,ITF,ITF4,16,Puglia
2023-11-17,BAS,12,8,4,12,ITF,ITF5,17,Basilicata
2023-10-21,CAL,13,9,4,13,ITF,ITF6,18,Calabria
2023-11-01,FVG,23,10,13,23,ITH,ITH4,6,Friuli-Venezia Giulia
2023-11-18,VDA,80,42,38,80,ITC,ITC2,2,Valle d'Aosta / Vallée d'Aoste
2023-11-09,VDA,154,73,81,154,ITC,ITC2,2,Valle d'Aosta / Vallée d'Aoste
2023-10-14,PIE,43,20,23,43,ITC,ITC1,1,Piemonte
2023-11-14,MOL,31,19,12,31,ITF,ITF2,14,Molise
2023-10-12,VDA,12,6,6,12,ITC,ITC2,2,Valle d'Aosta / Vallée d'Aoste
2023-11-29,MAR,11,7,4,11,ITI,ITI3,11,Marche
2023-11-15,UMB,877,449,428,877,ITI,ITI2,10,Umbria
2023-10-16,CAL,17,11,6,17,ITF,ITF6,18,Calabria
2023-11-02,PAT,514,259,255,514,ITH,ITH2,4,Provincia Autonoma Trento
2023-10-19,TOS,2346,1116,1230,2346,ITI,ITI1,9,Toscana
2023-10-18,VDA,145,69,76,145,ITC,ITC2,2,Valle d'Aosta / Vallée d'Aoste
2023-11-04,LOM,5613,2696,2917,5613,ITC,ITC4,3,Lombardia
2023-11-10,PAT,588,270,318,588,ITH,ITH2,4,Provincia Autonoma Trento
2023-10-16,PIE,189,110,79,189,ITC,ITC1,1,Piemonte
2023-10-20,MOL,35,13,22,35,ITF,ITF2,14,Molise
2023-11-26,VEN,7,4,3,7,ITH,ITH3,5,Veneto
2023-11-17,VDA,161,73,88,161,ITC,ITC2,2,Valle d'Aosta / Vallée d'Aoste
2023-11-15,LIG,999,513,486,999,ITC,ITC3,7,Liguria
2023-11-16,LIG,1014,513,501,1014,ITC,ITC3,7,Liguria
2023-10-09,TOS,490,257,233,490,ITI,ITI1,9,Toscana
2023-11-01,LIG,81,9,72,81,ITC,ITC3,7,Liguria
2023-10-27,LIG,607,256,351,607,ITC,ITC3,7,Liguria
2023-10-23,SIC,27,15,12,27,ITG,ITG1,19,Sicilia
2023-11-26,UMB,10,3,7,10,ITI,ITI2,10,Umbria
2023-10-22,PIE,8,3,5,8,ITC,ITC1,1,Piemonte
2023-10-31,TOS,2434,1095,1339,2434,ITI,ITI1,9,Toscana
2023-11-23,LAZ,2139,1058,1081,2139,ITI,ITI4,12,Lazio
2023-11-22,MOL,83,51,32,83,ITF,ITF2,14,Molise
2023-10-16,PUG,282,145,137,282,ITF,ITF4,16,Puglia
2023-10-03,TOS,132,64,68,132,ITI,ITI1,9,Toscana
2023-11-26,PAB,1,1,0,1,ITH,ITH1,4,Provincia Autonoma Bolzano / Bozen
2023-11-01,UMB,15,8,7,15,ITI,ITI2,10,Umbria
2023-09-29,VDA,6,2,4,6,ITC,ITC2,2,Valle d'Aosta / Vallée d'Aoste
2023-10-15,PAB,8,4,4,8,ITH,ITH1,4,Provincia Autonoma Bolzano / Bozen
2023-10-22,CAM,3,1,2,3,ITF,ITF3,15,Campania
2023-10-26,VEN,989,455,534,989,ITH,ITH3,5,Veneto
2023-10-20,CAM,186,101,85,186,ITF,ITF3,15,Campania
2023-11-20,PAT,417,192,225,417,ITH,ITH2,4,Provincia Autonoma Trento
2023-11-22,CAL,223,119,104,223,ITF,ITF6,18,Calabria
2023-11-26,PUG,22,11,11,22,ITF,ITF4,16,Puglia
2023-10-10,SAR,54,32,22,54,ITG,ITG2,20,Sardegna
2023-10-06,PUG,13,8,5,13,ITF,ITF4,16,Puglia
2023-11-14,LAZ,2148,1044,1104,2148,ITI,ITI4,12,Lazio
2023-11-29,TOS,5640,2671,2969,5640,ITI,ITI1,9,Toscana
2023-10-19,EMR,1936,965,971,1936,ITH,ITH5,8,Emilia-Romagna
2023-10-04,LOM,287,138,149,287,ITC,ITC4,3,Lombardia
2023-10-13,VDA,77,35,42,77,ITC,ITC2,2,Valle d'Aosta / Vallée d'Aoste
2023-11-21,FVG,1146,554,592,1146,ITH,ITH4,6,Friuli-Venezia Giulia
2023-10-23,SAR,128,69,59,128,ITG,ITG2,20,Sardegna
2023-11-22,PIE,2930,1389,1541,2930,ITC,ITC1,1,Piemonte
2023-11-15,CAM,427,243,184,427,ITF,ITF3,15,Campania
2023-11-15,PUG,1957,967,990,1957,ITF,ITF4,16,Puglia
2023-10-11,PAB,474,257,217,474,ITH,ITH1,4,Provincia Autonoma Bolzano / Bozen
2023-10-12,CAM,232,130,102,232,ITF,ITF3,15,Campania
2023-10-22,LAZ,42,21,21,42,ITI,ITI4,12,Lazio
2023-10-16,LIG,141,43,98,141,ITC,ITC3,7,Liguria
2023-10-31,SAR,183,81,102,183,ITG,ITG2,20,Sardegna
2023-11-24,LOM,10726,5004,5722,10726,ITC,ITC4,3,Lombardia
2023-11-16,CAM,490,261,229,490,ITF,ITF3,15,Campania
2023-10-07,TOS,241,137,104,241,ITI,ITI1,9,Toscana
2023-11-28,SAR,539,260,279,539,ITG,ITG2,20,Sardegna
2023-11-15,PAT,532,273,259,532,ITH,ITH2,4,Provincia Autonoma Trento
2023-11-09,CAM,407,227,180,407,ITF,ITF3,15,Campania
2023-10-26,EMR,4210,1999,2211,4210,ITH,ITH5,8,Emilia-Romagna
2023-11-21,LOM,9250,4295,4955,9250,ITC,ITC4,3,Lombardia
2023-11-17,PIE,3079,1490,1589,3079,ITC,ITC1,1,Piemonte
2023-10-09,MAR,6,1,5,6,ITI,ITI3,11,Marche
2023-10-04,FVG,43,24,19,43,ITH,ITH4,6,Friuli-Venezia Giulia
2023-10-20,PUG,757,394,363,757,ITF,ITF4,16,Puglia
2023-10-21,FVG,100,43,57,100,ITH,ITH4,6,Friuli-Venezia Giulia
2023-10-29,LAZ,26,11,15,26,ITI,ITI4,12,Lazio
2023-10-24,PAB,677,333,344,677,ITH,ITH1,4,Provincia Autonoma Bolzano / Bozen
2023-10-20,PAT,344,159,185,344,ITH,ITH2,4,Provincia Autonoma Trento
2023-11-21,CAL,314,181,133,314,ITF,ITF6,18,Calabria
2023-11-30,UMB,617,302,315,617,ITI,ITI2,10,Umbria
2023-10-17,FVG,396,203,193,396,ITH,ITH4,6,Friuli-Venezia Giulia
2023-11-26,TOS,122,61,61,122,ITI,ITI1,9,Toscana
2023-09-28,TOS,1,0,1,1,ITI,ITI1,9,Toscana
2023-11-23,UMB,791,385,406,791,ITI,ITI2,10,Umbria
2023-10-27,UMB,390,193,197,390,ITI,ITI2,10,Umbria
2023-11-11,FVG,818,383,435,818,ITH,ITH4,6,Friuli-Venezia Giulia
2023-10-23,LOM,7492,3724,3768,7492,ITC,ITC4,3,Lombardia
2023-11-11,CAL,45,22,23,45,ITF,ITF6,18,Calabria
2023-10-19,VEN,207,84,123,207,ITH,ITH3,5,Veneto
2023-10-06,PIE,31,18,13,31,ITC,ITC1,1,Piemonte
2023-10-11,LIG,53,14,39,53,ITC,ITC3,7,Liguria
2023-10-30,LOM,8238,3949,4289,8238,ITC,ITC4,3,Lombardia
2023-11-20,PUG,1114,573,541,1114,ITF,ITF4,16,Puglia
2023-11-17,SAR,491,242,249,491,ITG,ITG2,20,Sardegna
2023-11-03,PIE,2404,1205,1199,2404,ITC,ITC1,1,Piemonte
2023-10-05,LAZ,47,24,23,47,ITI,ITI4,12,Lazio
2023-10-02,LOM,145,63,82,145,ITC,ITC4,3,Lombardia
2023-10-18,MOL,27,14,13,27,ITF,ITF2,14,Molise
2023-10-19,SIC,32,20,12,32,ITG,ITG1,19,Sicilia
2023-11-16,BAS,37,17,20,37,ITF,ITF5,17,Basilicata
2023-10-14,LOM,7,3,4,7,ITC,ITC4,3,Lombardia
2023-10-09,MOL,10,6,4,10,ITF,ITF2,14,Molise
2023-11-08,MOL,91,54,37,91,ITF,ITF2,14,Molise
2023-11-19,MAR,6,1,5,6,ITI,ITI3,11,Marche
