data,area,totale,m,f,d,N1,N2,ISTAT,reg
2023-11-16,LAZ,2580,1263,1317,2580,ITI,ITI4,12,Lazio
2023-10-27,MAR,907,477,430,907,ITI,ITI3,11,Marche
2023-12-20,UMB,897,471,426,897,ITI,ITI2,10,Umbria
2023-10-19,PAT,318,146,172,318,ITH,ITH2,4,Provincia Autonoma Trento
2023-12-22,SIC,782,445,337,782,ITG,ITG1,19,Sicilia
2023-11-03,LAZ,1681,849,832,1681,ITI,ITI4,12,Lazio
2023-12-28,EMR,1646,790,856,1646,ITH,ITH5,8,Emilia-Romagna
2023-10-05,PIE,14,9,5,14,ITC,ITC1,1,Piemonte
2023-11-13,LIG,394,190,204,394,ITC,ITC3,7,Liguria
2023-10-21,LAZ,442,217,225,442,ITI,ITI4,12,Lazio
2023-11-14,PAT,454,226,228,454,ITH,ITH2,4,Provincia Autonoma Trento
2023-11-07,UMB,482,228,254,482,ITI,ITI2,10,Umbria
2023-11-14,ABR,228,106,122,228,ITF,ITF1,13,Abruzzo
2023-11-05,MAR,28,11,17,28,ITI,ITI3,11,Marche
2023-11-18,LIG,257,127,130,257,ITC,ITC3,7,Liguria
2023-10-14,TOS,358,182,176,358,ITI,ITI1,9,Toscana
2023-10-19,PUG,486,261,225,486,ITF,ITF4,16,Puglia
2023-11-25,MOL,85,42,43,85,ITF,ITF2,14,Molise
2023-10-27,LAZ,1370,688,682,1370,ITI,ITI4,12,Lazio
2023-11-16,MAR,843,423,420,843,ITI,ITI3,11,Marche
2023-12-02,PIE,1175,595,580,1175,ITC,ITC1,1,Piemonte
2023-11-12,MOL,16,10,6,16,ITF,ITF2,14,Molise
2023-11-27,CAL,211,118,93,211,ITF,ITF6,18,Calabria
2023-12-17,PIE,416,227,189,416,ITC,ITC1,1,Piemonte
2023-12-14,VDA,63,30,33,63,ITC,ITC2,2,Valle d'Aosta / Vallée d'Aoste
2023-11-14,PUG,1848,953,895,1848,ITF,ITF4,16,Puglia
2023-11-14,BAS,24,10,14,24,ITF,ITF5,17,Basilicata
2023-11-29,SAR,854,433,421,854,ITG,ITG2,20,Sardegna
2023-10-31,PAT,448,243,205,448,ITH,ITH2,4,Provincia Autonoma Trento
2023-10-05,SAR,42,23,19,42,ITG,ITG2,20,Sardegna
2023-12-20,LIG,2351,1111,1240,2351,ITC,ITC3,7,Liguria
2023-10-31,PUG,864,443,421,864,ITF,ITF4,16,Puglia
2023-12-27,EMR,1192,570,622,1192,ITH,ITH5,8,Emilia-Romagna
2023-12-21,LIG,1831,927,904,1831,ITC,ITC3,7,Liguria
2023-10-09,FVG,48,26,22,48,ITH,ITH4,6,Friuli-Venezia Giulia
2023-10-12,LIG,126,48,78,126,ITC,ITC3,7,Liguria
2023-10-22,LOM,381,190,191,381,ITC,ITC4,3,Lombardia
2023-11-16,VDA,120,58,62,120,ITC,ITC2,2,Valle d'Aosta / Vallée d'Aoste
2023-11-18,PAB,9,2,7,9,ITH,ITH1,4,Provincia Autonoma Bolzano / Bozen
2023-11-09,LIG,1033,523,510,1033,ITC,ITC3,7,Liguria
2023-10-26,LAZ,841,412,429,841,ITI,ITI4,12,Lazio
2023-10-16,CAM,166,94,72,166,ITF,ITF3,15,Campania
2023-10-09,LOM,380,153,227,380,ITC,ITC4,3,Lombardia
2023-11-04,SIC,11,7,4,11,ITG,ITG1,19,Sicilia
2023-11-23,FVG,1256,584,672,1256,ITH,ITH4,6,Friuli-Venezia Giulia
2023-11-15,MAR,749,373,376,749,ITI,ITI3,11,Marche
2023-11-06,FVG,931,411,520,931,ITH,ITH4,6,Friuli-Venezia Giulia
2023-11-18,UMB,235,120,115,235,ITI,ITI2,10,Umbria
2023-12-15,PUG,3561,1751,1810,3561,ITF,ITF4,16,Puglia
2023-11-07,PAB,550,278,272,550,ITH,ITH1,4,Provincia Autonoma Bolzano / Bozen
2023-10-17,PAB,494,251,243,494,ITH,ITH1,4,Provincia Autonoma Bolzano / Bozen
2023-10-17,LIG,350,149,201,350,ITC,ITC3,7,Liguria
2023-11-29,VEN,4456,2104,2352,4456,ITH,ITH3,5,Veneto
2023-11-28,PUG,1865,957,908,1865,ITF,ITF4,16,Puglia
2023-10-22,VEN,6,4,2,6,ITH,ITH3,5,Veneto
2023-11-28,PAT,465,212,253,465,ITH,ITH2,4,Provincia Autonoma Trento
2023-12-20,PAB,489,272,217,489,ITH,ITH1,4,Provincia Autonoma Bolzano / Bozen
2023-11-29,LOM,10681,5082,5599,10681,ITC,ITC4,3,Lombardia
2023-12-14,MAR,1079,541,538,1079,ITI,ITI3,11,Marche
2023-10-11,FVG,72,36,36,72,ITH,ITH4,6,Friuli-Venezia Giulia
2023-11-15,SIC,64,30,34,64,ITG,ITG1,19,Sicilia
2023-11-15,LAZ,2424,1199,1225,2424,ITI,ITI4,12,Lazio
2023-11-06,PUG,1228,637,591,1228,ITF,ITF4,16,Puglia
2023-10-22,EMR,105,50,55,105,ITH,ITH5,8,Emilia-Romagna
2023-10-16,LOM,4579,2411,2168,4579,ITC,ITC4,3,Lombardia
2023-10-21,TOS,864,437,427,864,ITI,ITI1,9,Toscana
2023-11-06,CAL,60,32,28,60,ITF,ITF6,18,Calabria
2023-11-23,VDA,89,51,38,89,ITC,ITC2,2,Valle d'Aosta / Vallée d'Aoste
2023-12-01,LIG,1147,589,558,1147,ITC,ITC3,7,Liguria
2023-10-24,PUG,1087,578,509,1087,ITF,ITF4,16,Puglia
2023-12-05,BAS,244,130,114,244,ITF,ITF5,17,Basilicata
2023-10-27,VDA,220,98,122,220,ITC,ITC2,2,Valle d'Aosta / Vallée d'Aoste
2023-11-13,UMB,415,201,214,415,ITI,ITI2,10,Umbria
2023-12-12,LAZ,4570,2211,2359,4570,ITI,ITI4,12,Lazio
2023-12-15,PAT,451,224,227,451,ITH,ITH2,4,Provincia Autonoma Trento
2023-11-21,MOL,47,29,18,47,ITF,ITF2,14,Molise
2023-12-03,CAM,20,12,8,20,ITF,ITF3,15,Campania
2023-10-24,TOS,2453,1131,1322,2453,ITI,ITI1,9,Toscana
2023-11-13,PAB,200,77,123,200,ITH,ITH1,4,Provincia Autonoma Bolzano / Bozen
2023-10-25,MOL,74,40,34,74,ITF,ITF2,14,Molise
2023-12-17,CAM,80,41,39,80,ITF,ITF3,15,Campania
2023-10-03,PUG,10,7,3,10,ITF,ITF4,16,Puglia
2023-11-11,SIC,31,16,15,31,ITG,ITG1,19,Sicilia
2023-10-22,ABR,5,3,2,5,ITF,ITF1,13,Abruzzo
2023-12-24,SIC,4,3,1,4,ITG,ITG1,19,Sicilia
2023-10-03,FVG,6,2,4,6,ITH,ITH4,6,Friuli-Venezia Giulia
2023-12-26,UMB,1,0,1,1,ITI,ITI2,10,Umbria
2023-10-29,UMB,3,1,2,3,ITI,ITI2,10,Umbria
2023-12-13,LIG,1847,885,962,1847,ITC,ITC3,7,Liguria
2023-11-04,FVG,158,75,83,158,ITH,ITH4,6,Friuli-Venezia Giulia
2023-11-16,PIE,2987,1410,1577,2987,ITC,ITC1,1,Piemonte
2023-12-21,MAR,1479,797,682,1479,ITI,ITI3,11,Marche
2023-12-04,MAR,541,266,275,541,ITI,ITI3,11,Marche
2023-12-15,EMR,6505,3258,3247,6505,ITH,ITH5,8,Emilia-Romagna
2023-12-05,SIC,514,271,243,514,ITG,ITG1,19,Sicilia
2023-10-19,CAL,23,12,11,23,ITF,ITF6,18,Calabria
2023-10-15,LOM,3,2,1,3,ITC,ITC4,3,Lombardia
2023-12-06,SAR,678,357,321,678,ITG,ITG2,20,Sardegna
2023-11-20,EMR,3891,1859,2032,3891,ITH,ITH5,8,Emilia-Romagna
2023-11-01,LOM,1247,550,697,1247,ITC,ITC4,3,Lombardia
2023-10-09,PIE,85,35,50,85,ITC,ITC1,1,Piemonte
2023-12-04,MOL,131,73,58,131,ITF,ITF2,14,Molise
2023-12-18,ABR,375,194,181,375,ITF,ITF1,13,Abruzzo
2023-11-12,PIE,54,26,28,54,ITC,ITC1,1,Piemonte
2023-10-27,PAB,352,171,181,352,ITH,ITH1,4,Provincia Autonoma Bolzano / Bozen
2023-12-05,VEN,3623,1781,1842,3623,ITH,ITH3,5,Veneto
2023-10-16,VEN,155,73,82,155,ITH,ITH3,5,Veneto
2023-12-16,VDA,72,36,36,72,ITC,ITC2,2,Valle d'Aosta / Vallée d'Aoste
2023-12-07,CAM,876,492,384,876,ITF,ITF3,15,Campania
2023-11-30,CAM,656,373,283,656,ITF,ITF3,15,Campania
2023-12-08,TOS,21,7,14,21,ITI,ITI1,9,Toscana
2023-11-15,PIE,2826,1304,1522,2826,ITC,ITC1,1,Piemonte
2023-11-06,LIG,480,239,241,480,ITC,ITC3,7,Liguria
2023-11-08,TOS,6446,2946,3500,6446,ITI,ITI1,9,Toscana
2023-11-22,PAB,513,252,261,513,ITH,ITH1,4,Provincia Autonoma Bolzano / Bozen
2023-12-12,TOS,4080,1959,2121,4080,ITI,ITI1,9,Toscana
2023-11-07,EMR,6304,2931,3373,6304,ITH,ITH5,8,Emilia-Romagna
2023-11-25,CAM,180,92,88,180,ITF,ITF3,15,Campania
2023-11-09,MOL,78,25,53,78,ITF,ITF2,14,Molise
2023-10-13,PIE,202,112,90,202,ITC,ITC1,1,Piemonte
2023-10-05,CAM,40,24,16,40,ITF,ITF3,15,Campania
2023-12-05,PUG,2058,1045,1013,2058,ITF,ITF4,16,Puglia
2023-10-26,TOS,4654,2170,2484,4654,ITI,ITI1,9,Toscana
2023-12-05,CAL,405,223,182,405,ITF,ITF6,18,Calabria
2023-11-18,VEN,1862,901,961,1862,ITH,ITH3,5,Veneto
2023-12-24,UMB,6,2,4,6,ITI,ITI2,10,Umbria
2023-10-27,TOS,4046,1916,2130,4046,ITI,ITI1,9,Toscana
2023-10-29,EMR,328,169,159,328,ITH,ITH5,8,Emilia-Romagna
2023-12-26,VEN,286,153,133,286,ITH,ITH3,5,Veneto
2023-10-25,PIE,1799,815,984,1799,ITC,ITC1,1,Piemonte
2023-11-29,BAS,107,58,49,107,ITF,ITF5,17,Basilicata
2023-11-27,PUG,1241,644,597,1241,ITF,ITF4,16,Puglia
2023-12-23,LAZ,3205,1739,1466,3205,ITI,ITI4,12,Lazio
2023-10-20,PAB,302,152,150,302,ITH,ITH1,4,Provincia Autonoma Bolzano / Bozen
2023-12-15,FVG,1020,486,534,1020,ITH,ITH4,6,Friuli-Venezia Giulia
2023-11-21,PAB,560,281,279,560,ITH,ITH1,4,Provincia Autonoma Bolzano / Bozen
2023-11-27,PAT,70,22,48,70,ITH,ITH2,4,Provincia Autonoma Trento
2023-10-18,PUG,452,246,206,452,ITF,ITF4,16,Puglia
2023-10-28,LIG,102,40,62,102,ITC,ITC3,7,Liguria
2023-12-11,MAR,648,316,332,648,ITI,ITI3,11,Marche
2023-11-24,LAZ,2193,1058,1135,2193,ITI,ITI4,12,Lazio
2023-12-01,SIC,362,187,175,362,ITG,ITG1,19,Sicilia
2023-11-04,VEN,1711,857,854,1711,ITH,ITH3,5,Veneto
2023-12-27,MOL,102,53,49,102,ITF,ITF2,14,Molise
2023-12-25,CAM,13,9,4,13,ITF,ITF3,15,Campania
2023-11-19,FVG,46,19,27,46,ITH,ITH4,6,Friuli-Venezia Giulia
2023-11-28,TOS,4496,2077,2419,4496,ITI,ITI1,9,Toscana
2023-11-15,MOL,78,44,34,78,ITF,ITF2,14,Molise
2023-12-26,EMR,71,37,34,71,ITH,ITH5,8,Emilia-Romagna
2023-12-16,SIC,148,74,74,148,ITG,ITG1,19,Sicilia
2023-11-04,UMB,175,82,93,175,ITI,ITI2,10,Umbria
2023-10-07,PIE,47,24,23,47,ITC,ITC1,1,Piemonte
2023-12-17,FVG,19,9,10,19,ITH,ITH4,6,Friuli-Venezia Giulia
2023-12-03,LOM,657,320,337,657,ITC,ITC4,3,Lombardia
2023-10-11,LAZ,160,90,70,160,ITI,ITI4,12,Lazio
2023-11-26,EMR,339,170,169,339,ITH,ITH5,8,Emilia-Romagna
2023-12-11,LIG,1778,880,898,1778,ITC,ITC3,7,Liguria
2023-12-21,SAR,937,458,479,937,ITG,ITG2,20,Sardegna
2023-12-13,EMR,5816,2852,2964,5816,ITH,ITH5,8,Emilia-Romagna
2023-12-07,SIC,447,241,206,447,ITG,ITG1,19,Sicilia
2023-10-16,FVG,121,64,57,121,ITH,ITH4,6,Friuli-Venezia Giulia
2023-12-21,EMR,4642,2318,2324,4642,ITH,ITH5,8,Emilia-Romagna
2023-11-03,LIG,691,352,339,691,ITC,ITC3,7,Liguria
2023-12-06,MAR,51,24,27,51,ITI,ITI3,11,Marche
2023-11-24,SIC,222,114,108,222,ITG,ITG1,19,Sicilia
2023-11-11,PAB,36,17,19,36,ITH,ITH1,4,Provincia Autonoma Bolzano / Bozen
2023-11-27,PIE,2332,1064,1268,2332,ITC,ITC1,1,Piemonte
2023-10-30,LIG,400,205,195,400,ITC,ITC3,7,Liguria
2023-11-22,SAR,754,383,371,754,ITG,ITG2,20,Sardegna
2023-11-09,UMB,708,338,370,708,ITI,ITI2,10,Umbria
2023-10-13,PAB,232,121,111,232,ITH,ITH1,4,Provincia Autonoma Bolzano / Bozen
2023-11-29,ABR,322,161,161,322,ITF,ITF1,13,Abruzzo
2023-10-02,LAZ,17,7,10,17,ITI,ITI4,12,Lazio
2023-12-10,LAZ,196,89,107,196,ITI,ITI4,12,Lazio
2023-11-18,EMR,2141,1043,1098,2141,ITH,ITH5,8,Emilia-Romagna
2023-11-22,UMB,671,334,337,671,ITI,ITI2,10,Umbria
2023-12-15,CAM,1432,821,611,1432,ITF,ITF3,15,Campania
2023-11-17,LAZ,2554,1238,1316,2554,ITI,ITI4,12,Lazio
2023-10-11,MAR,4,2,2,4,ITI,ITI3,11,Marche
2023-12-16,MAR,728,362,366,728,ITI,ITI3,11,Marche
2023-12-18,BAS,117,69,48,117,ITF,ITF5,17,Basilicata
2023-10-20,LIG,84,33,51,84,ITC,ITC3,7,Liguria
2023-12-25,PIE,14,8,6,14,ITC,ITC1,1,Piemonte
2023-10-25,CAM,301,178,123,301,ITF,ITF3,15,Campania
2023-11-22,VEN,3531,1612,1919,3531,ITH,ITH3,5,Veneto
2023-10-29,LOM,640,314,326,640,ITC,ITC4,3,Lombardia
2023-12-19,TOS,3213,1563,1650,3213,ITI,ITI1,9,Toscana
2023-11-26,LOM,1046,516,530,1046,ITC,ITC4,3,Lombardia
2023-12-08,VEN,1159,574,585,1159,ITH,ITH3,5,Veneto
2023-10-30,PAB,185,83,102,185,ITH,ITH1,4,Provincia Autonoma Bolzano / Bozen
2023-10-12,EMR,55,24,31,55,ITH,ITH5,8,Emilia-Romagna
2023-12-20,EMR,5370,2730,2640,5370,ITH,ITH5,8,Emilia-Romagna
2023-12-21,VEN,3953,2039,1914,3953,ITH,ITH3,5,Veneto
2023-11-22,EMR,6057,2961,3096,6057,ITH,ITH5,8,Emilia-Romagna
2023-12-17,CAL,128,55,73,128,ITF,ITF6,18,Calabria
2023-11-08,VDA,212,106,106,212,ITC,ITC2,2,Valle d'Aosta / Vallée d'Aoste
2023-12-17,PUG,78,41,37,78,ITF,ITF4,16,Puglia
2023-10-29,VEN,35,19,16,35,ITH,ITH3,5,Veneto
2023-10-09,PUG,14,7,7,14,ITF,ITF4,16,Puglia
2023-12-08,PAB,1,1,0,1,ITH,ITH1,4,Provincia Autonoma Bolzano / Bozen
2023-10-07,VEN,1,1,0,1,ITH,ITH3,5,Veneto
2023-10-10,MAR,5,3,2,5,ITI,ITI3,11,Marche
2023-12-01,VEN,3385,1684,1701,3385,ITH,ITH3,5,Veneto
2023-12-04,BAS,90,53,37,90,ITF,ITF5,17,Basilicata
2023-10-13,LAZ,248,119,129,248,ITI,ITI4,12,Lazio
2023-12-03,PIE,44,24,20,44,ITC,ITC1,1,Piemonte
2023-10-31,FVG,1065,503,562,1065,ITH,ITH4,6,Friuli-Venezia Giulia
2023-10-12,SAR,48,27,21,48,ITG,ITG2,20,Sardegna
2023-11-12,UMB,127,73,54,127,ITI,ITI2,10,Umbria
2023-11-10,LOM,9899,4598,5301,9899,ITC,ITC4,3,Lombardia
2023-11-19,EMR,321,142,179,321,ITH,ITH5,8,Emilia-Romagna
2023-12-21,PAB,456,256,200,456,ITH,ITH1,4,Provincia Autonoma Bolzano / Bozen
2023-11-30,PAT,680,344,336,680,ITH,ITH2,4,Provincia Autonoma Trento
2023-11-08,BAS,30,22,8,30,ITF,ITF5,17,Basilicata
2023-12-24,LAZ,229,115,114,229,ITI,ITI4,12,Lazio
2023-11-23,LOM,8936,4170,4766,8936,ITC,ITC4,3,Lombardia
2023-10-23,LIG,290,145,145,290,ITC,ITC3,7,Liguria
2023-10-26,CAM,402,225,177,402,ITF,ITF3,15,Campania
2023-11-30,PUG,2178,1049,1129,2178,ITF,ITF4,16,Puglia
2023-12-12,PIE,3406,1656,1750,3406,ITC,ITC1,1,Piemonte
2023-11-29,FVG,1328,631,697,1328,ITH,ITH4,6,Friuli-Venezia Giulia
2023-11-09,PAB,551,266,285,551,ITH,ITH1,4,Provincia Autonoma Bolzano / Bozen
2023-10-16,PAT,226,76,150,226,ITH,ITH2,4,Provincia Autonoma Trento
2023-10-12,LOM,563,245,318,563,ITC,ITC4,3,Lombardia
2023-11-19,LOM,493,236,257,493,ITC,ITC4,3,Lombardia
2023-12-09,TOS,531,261,270,531,ITI,ITI1,9,Toscana
2023-11-08,CAM,407,228,179,407,ITF,ITF3,15,Campania
2023-12-07,VDA,45,20,25,45,ITC,ITC2,2,Valle d'Aosta / Vallée d'Aoste
2023-12-13,LOM,11265,5476,5789,11265,ITC,ITC4,3,Lombardia
2023-10-05,TOS,421,224,197,421,ITI,ITI1,9,Toscana
2023-11-16,UMB,797,384,413,797,ITI,ITI2,10,Umbria
2023-11-09,MAR,1160,538,622,1160,ITI,ITI3,11,Marche
2023-12-08,FVG,403,221,182,403,ITH,ITH4,6,Friuli-Venezia Giulia
2023-11-16,TOS,9010,4140,4870,9010,ITI,ITI1,9,Toscana
2023-12-03,EMR,245,111,134,245,ITH,ITH5,8,Emilia-Romagna
2023-11-17,PUG,2286,1155,1131,2286,ITF,ITF4,16,Puglia
2023-12-21,CAM,1648,939,709,1648,ITF,ITF3,15,Campania
2023-12-11,SAR,850,432,418,850,ITG,ITG2,20,Sardegna
2023-11-03,EMR,5470,2618,2852,5470,ITH,ITH5,8,Emilia-Romagna
2023-10-16,SAR,125,63,62,125,ITG,ITG2,20,Sardegna
2023-10-06,LOM,240,99,141,240,ITC,ITC4,3,Lombardia
2023-12-11,UMB,455,228,227,455,ITI,ITI2,10,Umbria
2023-11-17,MOL,44,27,17,44,ITF,ITF2,14,Molise
2023-11-09,ABR,249,132,117,249,ITF,ITF1,13,Abruzzo
2023-10-04,PIE,20,14,6,20,ITC,ITC1,1,Piemonte
2023-10-19,LOM,6103,3021,3082,6103,ITC,ITC4,3,Lombardia
2023-12-13,FVG,1110,553,557,1110,ITH,ITH4,6,Friuli-Venezia Giulia
2023-12-16,EMR,2616,1329,1287,2616,ITH,ITH5,8,Emilia-Romagna
2023-12-22,MAR,707,374,333,707,ITI,ITI3,11,Marche
2023-11-01,CAL,17,9,8,17,ITF,ITF6,18,Calabria
2023-11-07,SAR,168,94,74,168,ITG,ITG2,20,Sardegna
2023-10-11,ABR,38,21,17,38,ITF,ITF1,13,Abruzzo
2023-12-11,TOS,3245,1538,1707,3245,ITI,ITI1,9,Toscana
2023-11-29,EMR,5725,2766,2959,5725,ITH,ITH5,8,Emilia-Romagna
2023-11-25,PUG,291,150,141,291,ITF,ITF4,16,Puglia
2023-11-08,LIG,916,445,471,916,ITC,ITC3,7,Liguria
2023-11-17,SIC,67,34,33,67,ITG,ITG1,19,Sicilia
2023-11-19,SIC,2,1,1,2,ITG,ITG1,19,Sicilia
2023-12-27,PIE,1600,806,794,1600,ITC,ITC1,1,Piemonte
2023-10-31,CAL,60,30,30,60,ITF,ITF6,18,Calabria
2023-11-10,LAZ,2508,1203,1305,2508,ITI,ITI4,12,Lazio
2023-10-13,LIG,56,18,38,56,ITC,ITC3,7,Liguria
2023-11-13,PAT,461,230,231,461,ITH,ITH2,4,Provincia Autonoma Trento
2023-12-15,PIE,4648,2259,2389,4648,ITC,ITC1,1,Piemonte
2023-11-14,EMR,5783,2763,3020,5783,ITH,ITH5,8,Emilia-Romagna
2023-11-20,LOM,8612,4054,4558,8612,ITC,ITC4,3,Lombardia
2023-11-13,PUG,1247,606,641,1247,ITF,ITF4,16,Puglia
2023-12-01,PIE,3777,1852,1925,3777,ITC,ITC1,1,Piemonte
2023-11-12,CAM,12,5,7,12,ITF,ITF3,15,Campania
2023-11-20,ABR,190,92,98,190,ITF,ITF1,13,Abruzzo
2023-12-24,LOM,244,125,119,244,ITC,ITC4,3,Lombardia
2023-12-05,UMB,621,318,303,621,ITI,ITI2,10,Umbria
2023-10-20,TOS,2175,1054,1121,2175,ITI,ITI1,9,Toscana
2023-11-07,PUG,1289,639,650,1289,ITF,ITF4,16,Puglia
2023-11-27,TOS,3683,1746,1937,3683,ITI,ITI1,9,Toscana
2023-12-07,ABR,410,202,208,410,ITF,ITF1,13,Abruzzo
2023-11-28,MOL,38,21,17,38,ITF,ITF2,14,Molise
2023-12-17,EMR,301,137,164,301,ITH,ITH5,8,Emilia-Romagna
2023-12-11,PAB,107,56,51,107,ITH,ITH1,4,Provincia Autonoma Bolzano / Bozen
2023-11-10,FVG,1102,512,590,1102,ITH,ITH4,6,Friuli-Venezia Giulia
2023-11-02,TOS,3754,1829,1925,3754,ITI,ITI1,9,Toscana
2023-12-05,LAZ,4000,1950,2050,4000,ITI,ITI4,12,Lazio
2023-11-07,PAT,562,285,277,562,ITH,ITH2,4,Provincia Autonoma Trento
2023-10-25,PUG,1111,547,564,1111,ITF,ITF4,16,Puglia
2023-11-11,BAS,13,5,8,13,ITF,ITF5,17,Basilicata
2023-11-11,LIG,158,69,89,158,ITC,ITC3,7,Liguria
2023-10-28,TOS,1250,644,606,1250,ITI,ITI1,9,Toscana
2023-11-27,LAZ,2345,1184,1161,2345,ITI,ITI4,12,Lazio
2023-12-19,CAL,582,326,256,582,ITF,ITF6,18,Calabria
2023-11-05,LAZ,64,22,42,64,ITI,ITI4,12,Lazio
2023-10-23,VDA,146,67,79,146,ITC,ITC2,2,Valle d'Aosta / Vallée d'Aoste
2023-10-25,PAT,418,196,222,418,ITH,ITH2,4,Provincia Autonoma Trento
2023-10-28,EMR,1871,900,971,1871,ITH,ITH5,8,Emilia-Romagna
2023-11-16,PAB,578,277,301,578,ITH,ITH1,4,Provincia Autonoma Bolzano / Bozen
2023-12-05,SAR,806,409,397,806,ITG,ITG2,20,Sardegna
2023-12-20,SIC,1144,643,501,1144,ITG,ITG1,19,Sicilia
2023-12-15,TOS,5085,2420,2665,5085,ITI,ITI1,9,Toscana
2023-12-27,FVG,757,359,398,757,ITH,ITH4,6,Friuli-Venezia Giulia
2023-10-16,LAZ,329,165,164,329,ITI,ITI4,12,Lazio
2023-11-02,FVG,717,355,362,717,ITH,ITH4,6,Friuli-Venezia Giulia
2023-10-18,PAT,245,129,116,245,ITH,ITH2,4,Provincia Autonoma Trento
2023-11-18,MAR,35,10,25,35,ITI,ITI3,11,Marche
2023-10-03,LIG,30,14,16,30,ITC,ITC3,7,Liguria
2023-11-24,FVG,1180,532,648,1180,ITH,ITH4,6,Friuli-Venezia Giulia
2023-10-02,FVG,30,18,12,30,ITH,ITH4,6,Friuli-Venezia Giulia
2023-10-12,UMB,6,3,3,6,ITI,ITI2,10,Umbria
2023-10-22,PUG,23,9,14,23,ITF,ITF4,16,Puglia
2023-12-14,PAT,269,106,163,269,ITH,ITH2,4,Provincia Autonoma Trento
2023-12-06,VEN,3896,1855,2041,3896,ITH,ITH3,5,Veneto
2023-10-24,CAL,45,28,17,45,ITF,ITF6,18,Calabria
2023-11-04,LIG,127,60,67,127,ITC,ITC3,7,Liguria
2023-10-28,PAB,7,2,5,7,ITH,ITH1,4,Provincia Autonoma Bolzano / Bozen
2023-11-17,PAT,419,199,220,419,ITH,ITH2,4,Provincia Autonoma Trento
2023-12-01,BAS,145,76,69,145,ITF,ITF5,17,Basilicata
2023-12-07,MAR,20,8,12,20,ITI,ITI3,11,Marche
2023-12-04,CAL,424,206,218,424,ITF,ITF6,18,Calabria
2023-10-24,VDA,165,79,86,165,ITC,ITC2,2,Valle d'Aosta / Vallée d'Aoste
2023-11-08,MAR,99,38,61,99,ITI,ITI3,11,Marche
2023-11-24,UMB,927,435,492,927,ITI,ITI2,10,Umbria
2023-12-08,PIE,113,52,61,113,ITC,ITC1,1,Piemonte
2023-12-23,SIC,151,81,70,151,ITG,ITG1,19,Sicilia
2023-11-18,ABR,102,57,45,102,ITF,ITF1,13,Abruzzo
2023-11-26,FVG,42,17,25,42,ITH,ITH4,6,Friuli-Venezia Giulia
2023-10-03,LOM,167,75,92,167,ITC,ITC4,3,Lombardia
2023-10-09,CAM,59,36,23,59,ITF,ITF3,15,Campania
2023-10-19,LIG,171,81,90,171,ITC,ITC3,7,Liguria
2023-11-19,PUG,31,15,16,31,ITF,ITF4,16,Puglia
2023-11-19,VEN,92,39,53,92,ITH,ITH3,5,Veneto
2023-12-02,BAS,63,29,34,63,ITF,ITF5,17,Basilicata
2023-10-17,SIC,17,9,8,17,ITG,ITG1,19,Sicilia
2023-10-18,SIC,21,14,7,21,ITG,ITG1,19,Sicilia
2023-09-29,SAR,1,1,0,1,ITG,ITG2,20,Sardegna
2023-10-14,UMB,6,3,3,6,ITI,ITI2,10,Umbria
2023-12-24,CAM,3,1,2,3,ITF,ITF3,15,Campania
2023-10-17,CAL,7,2,5,7,ITF,ITF6,18,Calabria
2023-10-01,MAR,1,1,0,1,ITI,ITI3,11,Marche
2023-10-29,CAM,2,0,2,2,ITF,ITF3,15,Campania
2023-10-15,EMR,1,0,1,1,ITH,ITH5,8,Emilia-Romagna
2023-09-26,EMR,2,2,0,2,ITH,ITH5,8,Emilia-Romagna
2023-11-14,VEN,2693,1286,1407,2693,ITH,ITH3,5,Veneto
2023-12-22,LOM,7581,3723,3858,7581,ITC,ITC4,3,Lombardia
2023-12-05,LOM,10104,4805,5299,10104,ITC,ITC4,3,Lombardia
2023-11-08,FVG,1058,512,546,1058,ITH,ITH4,6,Friuli-Venezia Giulia
2023-10-15,VEN,3,1,2,3,ITH,ITH3,5,Veneto
2023-12-18,PAT,483,243,240,483,ITH,ITH2,4,Provincia Autonoma Trento
2023-10-22,TOS,19,7,12,19,ITI,ITI1,9,Toscana
2023-11-21,BAS,32,17,15,32,ITF,ITF5,17,Basilicata
2023-11-30,MOL,81,42,39,81,ITF,ITF2,14,Molise
2023-11-14,CAL,224,146,78,224,ITF,ITF6,18,Calabria
2023-10-11,PUG,217,111,106,217,ITF,ITF4,16,Puglia
2023-12-21,TOS,6394,3244,3150,6394,ITI,ITI1,9,Toscana
2023-12-20,CAM,1728,929,799,1728,ITF,ITF3,15,Campania
2023-10-27,PUG,1019,535,484,1019,ITF,ITF4,16,Puglia
2023-11-04,MAR,386,184,202,386,ITI,ITI3,11,Marche
2023-11-09,SIC,107,57,50,107,ITG,ITG1,19,Sicilia
2023-10-06,TOS,228,103,125,228,ITI,ITI1,9,Toscana
2023-12-07,FVG,933,453,480,933,ITH,ITH4,6,Friuli-Venezia Giulia
2023-11-12,LAZ,200,90,110,200,ITI,ITI4,12,Lazio
2023-10-09,LAZ,127,80,47,127,ITI,ITI4,12,Lazio
2023-10-17,PIE,384,190,194,384,ITC,ITC1,1,Piemonte
2023-11-09,BAS,15,12,3,15,ITF,ITF5,17,Basilicata
2023-10-28,MOL,42,12,30,42,ITF,ITF2,14,Molise
2023-12-14,PAB,132,64,68,132,ITH,ITH1,4,Provincia Autonoma Bolzano / Bozen
2023-12-21,LAZ,4680,2268,2412,4680,ITI,ITI4,12,Lazio
2023-11-29,PUG,1960,949,1011,1960,ITF,ITF4,16,Puglia
2023-11-16,SAR,502,246,256,502,ITG,ITG2,20,Sardegna
2023-11-14,SAR,544,275,269,544,ITG,ITG2,20,Sardegna
2023-11-10,LIG,820,394,426,820,ITC,ITC3,7,Liguria
2023-10-17,CAM,314,180,134,314,ITF,ITF3,15,Campania
2023-10-27,PAT,428,192,236,428,ITH,ITH2,4,Provincia Autonoma Trento
2023-11-19,PIE,153,74,79,153,ITC,ITC1,1,Piemonte
2023-11-10,CAL,66,31,35,66,ITF,ITF6,18,Calabria
2023-11-01,TOS,129,52,77,129,ITI,ITI1,9,Toscana
2023-11-05,PIE,68,26,42,68,ITC,ITC1,1,Piemonte
2023-10-18,MAR,369,205,164,369,ITI,ITI3,11,Marche
2023-12-17,SIC,33,11,22,33,ITG,ITG1,19,Sicilia
2023-12-04,FVG,838,409,429,838,ITH,ITH4,6,Friuli-Venezia Giulia
2023-12-22,LIG,1209,605,604,1209,ITC,ITC3,7,Liguria
2023-11-27,BAS,34,18,16,34,ITF,ITF5,17,Basilicata
2023-11-09,LAZ,2277,1073,1204,2277,ITI,ITI4,12,Lazio
2023-11-13,CAM,331,176,155,331,ITF,ITF3,15,Campania
2023-10-10,LOM,582,257,325,582,ITC,ITC4,3,Lombardia
2023-11-23,LIG,1264,639,625,1264,ITC,ITC3,7,Liguria
2023-12-16,UMB,138,62,76,138,ITI,ITI2,10,Umbria
2023-12-10,PUG,98,51,47,98,ITF,ITF4,16,Puglia
2023-11-01,PIE,152,76,76,152,ITC,ITC1,1,Piemonte
2023-11-16,VEN,3140,1527,1613,3140,ITH,ITH3,5,Veneto
2023-11-18,LAZ,1666,813,853,1666,ITI,ITI4,12,Lazio
2023-12-16,VEN,4782,2407,2375,4782,ITH,ITH3,5,Veneto
2023-11-07,LIG,1551,800,751,1551,ITC,ITC3,7,Liguria
2023-12-14,CAM,1421,777,644,1421,ITF,ITF3,15,Campania
2023-10-27,SAR,175,81,94,175,ITG,ITG2,20,Sardegna
2023-12-05,VDA,72,37,35,72,ITC,ITC2,2,Valle d'Aosta / Vallée d'Aoste
2023-12-28,CAL,410,228,182,410,ITF,ITF6,18,Calabria
2023-12-28,LIG,677,338,339,677,ITC,ITC3,7,Liguria
2023-11-10,CAM,325,184,141,325,ITF,ITF3,15,Campania
2023-11-20,CAL,148,75,73,148,ITF,ITF6,18,Calabria
2023-12-06,TOS,5692,2674,3018,5692,ITI,ITI1,9,Toscana
2023-12-22,CAM,454,246,208,454,ITF,ITF3,15,Campania
2023-12-19,FVG,1215,587,628,1215,ITH,ITH4,6,Friuli-Venezia Giulia
2023-11-15,CAL,219,135,84,219,ITF,ITF6,18,Calabria
2023-11-17,EMR,5772,2757,3015,5772,ITH,ITH5,8,Emilia-Romagna
2023-11-29,PAT,396,201,195,396,ITH,ITH2,4,Provincia Autonoma Trento
2023-11-02,CAL,42,15,27,42,ITF,ITF6,18,Calabria
2023-11-08,PAT,620,277,343,620,ITH,ITH2,4,Provincia Autonoma Trento
2023-12-27,CAL,241,134,107,241,ITF,ITF6,18,Calabria
2023-11-02,CAM,283,143,140,283,ITF,ITF3,15,Campania
2023-11-23,PAB,456,188,268,456,ITH,ITH1,4,Provincia Autonoma Bolzano / Bozen
2023-12-17,LAZ,1713,852,861,1713,ITI,ITI4,12,Lazio
2023-10-23,LAZ,587,275,312,587,ITI,ITI4,12,Lazio
2023-11-11,MAR,347,177,170,347,ITI,ITI3,11,Marche
2023-10-18,ABR,94,47,47,94,ITF,ITF1,13,Abruzzo
2023-11-23,CAM,500,271,229,500,ITF,ITF3,15,Campania
2023-11-07,CAM,330,195,135,330,ITF,ITF3,15,Campania
2023-11-08,PUG,1654,831,823,1654,ITF,ITF4,16,Puglia
2023-12-14,LIG,2025,926,1099,2025,ITC,ITC3,7,Liguria
2023-12-27,LOM,5017,2478,2539,5017,ITC,ITC4,3,Lombardia
2023-11-02,LOM,9547,4585,4962,9547,ITC,ITC4,3,Lombardia
2023-11-13,PIE,1953,900,1053,1953,ITC,ITC1,1,Piemonte
2023-11-15,LOM,10390,4728,5662,10390,ITC,ITC4,3,Lombardia
2023-11-23,PIE,3162,1464,1698,3162,ITC,ITC1,1,Piemonte
2023-12-23,LOM,2484,1246,1238,2484,ITC,ITC4,3,Lombardia
2023-10-23,TOS,2231,1044,1187,2231,ITI,ITI1,9,Toscana
2023-11-06,MOL,86,46,40,86,ITF,ITF2,14,Molise
2023-12-05,EMR,5415,2625,2790,5415,ITH,ITH5,8,Emilia-Romagna
2023-12-18,PUG,2147,1090,1057,2147,ITF,ITF4,16,Puglia
2023-11-12,SIC,3,1,2,3,ITG,ITG1,19,Sicilia
2023-11-19,CAM,14,5,9,14,ITF,ITF3,15,Campania
2023-10-27,VEN,1660,772,888,1660,ITH,ITH3,5,Veneto
2023-11-02,LIG,780,389,391,780,ITC,ITC3,7,Liguria
2023-12-27,LIG,1146,561,585,1146,ITC,ITC3,7,Liguria
2023-12-23,FVG,51,27,24,51,ITH,ITH4,6,Friuli-Venezia Giulia
2023-12-09,SIC,60,33,27,60,ITG,ITG1,19,Sicilia
2023-11-18,SIC,8,3,5,8,ITG,ITG1,19,Sicilia
2023-11-05,CAM,6,3,3,6,ITF,ITF3,15,Campania
2023-10-22,PAB,3,2,1,3,ITH,ITH1,4,Provincia Autonoma Bolzano / Bozen
2023-12-10,CAL,1,1,0,1,ITF,ITF6,18,Calabria
2023-09-30,TOS,1,1,0,1,ITI,ITI1,9,Toscana
2023-12-02,MAR,2,1,1,2,ITI,ITI3,11,Marche
2023-09-27,EMR,1,1,0,1,ITH,ITH5,8,Emilia-Romagna
2023-12-20,LAZ,5526,2719,2807,5526,ITI,ITI4,12,Lazio
2023-10-24,VEN,737,284,453,737,ITH,ITH3,5,Veneto
2023-10-17,LAZ,432,232,200,432,ITI,ITI4,12,Lazio
2023-10-19,MOL,55,18,37,55,ITF,ITF2,14,Molise
2023-10-26,PIE,1528,741,787,1528,ITC,ITC1,1,Piemonte
2023-10-14,CAM,41,15,26,41,ITF,ITF3,15,Campania
2023-11-07,VDA,100,45,55,100,ITC,ITC2,2,Valle d'Aosta / Vallée d'Aoste
2023-12-01,LOM,10304,4797,5507,10304,ITC,ITC4,3,Lombardia
2023-11-30,LOM,10425,4975,5450,10425,ITC,ITC4,3,Lombardia
2023-10-27,CAM,278,148,130,278,ITF,ITF3,15,Campania
2023-11-16,FVG,1165,565,600,1165,ITH,ITH4,6,Friuli-Venezia Giulia
2023-11-06,SAR,313,148,165,313,ITG,ITG2,20,Sardegna
2023-12-05,PAT,581,265,316,581,ITH,ITH2,4,Provincia Autonoma Trento
2023-11-15,SAR,585,306,279,585,ITG,ITG2,20,Sardegna
2023-11-25,FVG,668,350,318,668,ITH,ITH4,6,Friuli-Venezia Giulia
2023-11-13,BAS,20,11,9,20,ITF,ITF5,17,Basilicata
2023-12-07,PIE,3433,1635,1798,3433,ITC,ITC1,1,Piemonte
2023-12-07,UMB,504,258,246,504,ITI,ITI2,10,Umbria
2023-10-30,VDA,102,55,47,102,ITC,ITC2,2,Valle d'Aosta / Vallée d'Aoste
2023-12-15,VDA,95,44,51,95,ITC,ITC2,2,Valle d'Aosta / Vallée d'Aoste
2023-12-11,VDA,15,9,6,15,ITC,ITC2,2,Valle d'Aosta / Vallée d'Aoste
2023-11-08,PIE,3134,1528,1606,3134,ITC,ITC1,1,Piemonte
2023-12-04,LIG,831,390,441,831,ITC,ITC3,7,Liguria
2023-11-22,BAS,49,25,24,49,ITF,ITF5,17,Basilicata
2023-11-17,CAM,471,259,212,471,ITF,ITF3,15,Campania
2023-12-16,TOS,1179,589,590,1179,ITI,ITI1,9,Toscana
2023-10-10,LIG,61,16,45,61,ITC,ITC3,7,Liguria
2023-10-04,SAR,24,10,14,24,ITG,ITG2,20,Sardegna
2023-11-22,ABR,201,111,90,201,ITF,ITF1,13,Abruzzo
2023-12-28,CAM,899,491,408,899,ITF,ITF3,15,Campania
2023-12-19,UMB,490,261,229,490,ITI,ITI2,10,Umbria
2023-10-21,EMR,1053,514,539,1053,ITH,ITH5,8,Emilia-Romagna
2023-11-30,BAS,87,51,36,87,ITF,ITF5,17,Basilicata
2023-11-27,EMR,3610,1705,1905,3610,ITH,ITH5,8,Emilia-Romagna
2023-12-02,VEN,1816,915,901,1816,ITH,ITH3,5,Veneto
2023-12-04,PIE,1984,927,1057,1984,ITC,ITC1,1,Piemonte
2023-11-17,LOM,8993,4154,4839,8993,ITC,ITC4,3,Lombardia
2023-12-08,ABR,12,5,7,12,ITF,ITF1,13,Abruzzo
2023-11-29,MOL,106,63,43,106,ITF,ITF2,14,Molise
2023-10-25,LOM,9643,4626,5017,9643,ITC,ITC4,3,Lombardia
2023-11-15,VEN,3063,1423,1640,3063,ITH,ITH3,5,Veneto
2023-11-30,SIC,306,162,144,306,ITG,ITG1,19,Sicilia
2023-11-06,SIC,53,26,27,53,ITG,ITG1,19,Sicilia
2023-11-27,VDA,69,34,35,69,ITC,ITC2,2,Valle d'Aosta / Vallée d'Aoste
2023-12-02,FVG,608,305,303,608,ITH,ITH4,6,Friuli-Venezia Giulia
2023-11-02,MOL,32,16,16,32,ITF,ITF2,14,Molise
2023-12-23,CAM,150,79,71,150,ITF,ITF3,15,Campania
2023-11-28,VDA,77,40,37,77,ITC,ITC2,2,Valle d'Aosta / Vallée d'Aoste
2023-12-12,EMR,5021,2467,2554,5021,ITH,ITH5,8,Emilia-Romagna
2023-11-14,TOS,4756,2150,2606,4756,ITI,ITI1,9,Toscana
2023-09-29,LIG,86,27,59,86,ITC,ITC3,7,Liguria
2023-11-28,MAR,13,3,10,13,ITI,ITI3,11,Marche
2023-12-22,PIE,3292,1754,1538,3292,ITC,ITC1,1,Piemonte
2023-11-09,EMR,7768,3759,4009,7768,ITH,ITH5,8,Emilia-Romagna
2023-10-11,PIE,136,70,66,136,ITC,ITC1,1,Piemonte
2023-12-18,PIE,2484,1238,1246,2484,ITC,ITC1,1,Piemonte
2023-10-15,LAZ,61,26,35,61,ITI,ITI4,12,Lazio
2023-11-01,LAZ,25,11,14,25,ITI,ITI4,12,Lazio
2023-11-16,PAT,660,334,326,660,ITH,ITH2,4,Provincia Autonoma Trento
2023-12-26,LAZ,4,2,2,4,ITI,ITI4,12,Lazio
2023-10-13,PAT,54,24,30,54,ITH,ITH2,4,Provincia Autonoma Trento
2023-10-25,LIG,624,294,330,624,ITC,ITC3,7,Liguria
2023-11-06,LAZ,1508,762,746,1508,ITI,ITI4,12,Lazio
2023-10-18,VEN,238,64,174,238,ITH,ITH3,5,Veneto
2023-10-20,MAR,509,266,243,509,ITI,ITI3,11,Marche
2023-10-03,LAZ,56,28,28,56,ITI,ITI4,12,Lazio
2023-10-25,FVG,686,332,354,686,ITH,ITH4,6,Friuli-Venezia Giulia
2023-10-18,SAR,167,86,81,167,ITG,ITG2,20,Sardegna
2023-11-28,ABR,395,187,208,395,ITF,ITF1,13,Abruzzo
2023-12-23,LIG,283,156,127,283,ITC,ITC3,7,Liguria
2023-10-26,ABR,166,95,71,166,ITF,ITF1,13,Abruzzo
2023-11-26,LAZ,12,4,8,12,ITI,ITI4,12,Lazio
2023-12-27,CAM,817,452,365,817,ITF,ITF3,15,Campania
2023-11-16,PUG,1928,987,941,1928,ITF,ITF4,16,Puglia
2023-12-15,MAR,1020,497,523,1020,ITI,ITI3,11,Marche
2023-12-12,ABR,380,190,190,380,ITF,ITF1,13,Abruzzo
2023-12-07,PAB,272,124,148,272,ITH,ITH1,4,Provincia Autonoma Bolzano / Bozen
2023-11-11,VEN,2280,1148,1132,2280,ITH,ITH3,5,Veneto
2023-11-20,TOS,4080,1882,2198,4080,ITI,ITI1,9,Toscana
2023-10-27,PIE,2149,1043,1106,2149,ITC,ITC1,1,Piemonte
2023-11-21,VDA,70,29,41,70,ITC,ITC2,2,Valle d'Aosta / Vallée d'Aoste
2023-11-21,ABR,283,152,131,283,ITF,ITF1,13,Abruzzo
2023-12-23,PIE,1095,574,521,1095,ITC,ITC1,1,Piemonte
2023-11-18,BAS,25,9,16,25,ITF,ITF5,17,Basilicata
2023-11-17,CAL,93,44,49,93,ITF,ITF6,18,Calabria
2023-10-18,LOM,5862,2954,2908,5862,ITC,ITC4,3,Lombardia
2023-10-31,LAZ,1479,731,748,1479,ITI,ITI4,12,Lazio
2023-12-07,TOS,4962,2335,2627,4962,ITI,ITI1,9,Toscana
2023-11-25,LOM,215,102,113,215,ITC,ITC4,3,Lombardia
2023-11-21,EMR,5805,2777,3028,5805,ITH,ITH5,8,Emilia-Romagna
2023-10-10,CAM,64,39,25,64,ITF,ITF3,15,Campania
2023-12-13,LAZ,4714,2247,2467,4714,ITI,ITI4,12,Lazio
2023-12-18,TOS,2817,1345,1472,2817,ITI,ITI1,9,Toscana
2023-10-06,LAZ,69,40,29,69,ITI,ITI4,12,Lazio
2023-10-11,TOS,610,292,318,610,ITI,ITI1,9,Toscana
2023-12-04,CAM,674,380,294,674,ITF,ITF3,15,Campania
2023-11-17,LIG,689,350,339,689,ITC,ITC3,7,Liguria
2023-10-19,LAZ,363,170,193,363,ITI,ITI4,12,Lazio
2023-11-30,LAZ,3582,1792,1790,3582,ITI,ITI4,12,Lazio
2023-11-11,UMB,371,172,199,371,ITI,ITI2,10,Umbria
2023-11-22,VDA,118,54,64,118,ITC,ITC2,2,Valle d'Aosta / Vallée d'Aoste
2023-10-15,TOS,15,9,6,15,ITI,ITI1,9,Toscana
2023-10-20,VDA,149,71,78,149,ITC,ITC2,2,Valle d'Aosta / Vallée d'Aoste
2023-11-24,MOL,37,23,14,37,ITF,ITF2,14,Molise
2023-10-13,FVG,40,18,22,40,ITH,ITH4,6,Friuli-Venezia Giulia
2023-10-28,SIC,9,2,7,9,ITG,ITG1,19,Sicilia
2023-11-26,SIC,25,15,10,25,ITG,ITG1,19,Sicilia
2023-10-18,TOS,1079,521,558,1079,ITI,ITI1,9,Toscana
2023-12-26,LOM,111,44,67,111,ITC,ITC4,3,Lombardia
2023-10-30,UMB,321,160,161,321,ITI,ITI2,10,Umbria
2023-11-18,LOM,6308,2986,3322,6308,ITC,ITC4,3,Lombardia
2023-11-17,FVG,1350,660,690,1350,ITH,ITH4,6,Friuli-Venezia Giulia
2023-12-09,LOM,3889,1989,1900,3889,ITC,ITC4,3,Lombardia
2023-12-21,MOL,110,52,58,110,ITF,ITF2,14,Molise
2023-12-05,PAB,372,178,194,372,ITH,ITH1,4,Provincia Autonoma Bolzano / Bozen
2023-10-11,LOM,451,173,278,451,ITC,ITC4,3,Lombardia
2023-11-09,LOM,10255,4816,5439,10255,ITC,ITC4,3,Lombardia
2023-11-07,PIE,2559,1199,1360,2559,ITC,ITC1,1,Piemonte
2023-10-18,PIE,420,219,201,420,ITC,ITC1,1,Piemonte
2023-10-19,MAR,370,177,193,370,ITI,ITI3,11,Marche
2023-11-11,VDA,81,33,48,81,ITC,ITC2,2,Valle d'Aosta / Vallée d'Aoste
2023-10-24,PAT,593,268,325,593,ITH,ITH2,4,Provincia Autonoma Trento
2023-11-30,ABR,340,180,160,340,ITF,ITF1,13,Abruzzo
2023-11-27,SAR,545,276,269,545,ITG,ITG2,20,Sardegna
2023-10-17,SAR,129,64,65,129,ITG,ITG2,20,Sardegna
2023-10-22,PAT,1,0,1,1,ITH,ITH2,4,Provincia Autonoma Trento
2023-12-12,FVG,1195,580,615,1195,ITH,ITH4,6,Friuli-Venezia Giulia
2023-10-18,FVG,140,77,63,140,ITH,ITH4,6,Friuli-Venezia Giulia
2023-10-30,LAZ,927,452,475,927,ITI,ITI4,12,Lazio
2023-10-25,SAR,213,105,108,213,ITG,ITG2,20,Sardegna
2023-12-16,LAZ,2072,1007,1065,2072,ITI,ITI4,12,Lazio
2023-11-13,MOL,76,48,28,76,ITF,ITF2,14,Molise
2023-10-18,CAM,340,194,146,340,ITF,ITF3,15,Campania
2023-10-23,MAR,387,192,195,387,ITI,ITI3,11,Marche
2023-11-03,VDA,195,90,105,195,ITC,ITC2,2,Valle d'Aosta / Vallée d'Aoste
2023-12-11,LAZ,3263,1561,1702,3263,ITI,ITI4,12,Lazio
2023-11-29,PIE,2782,1322,1460,2782,ITC,ITC1,1,Piemonte
2023-12-22,MOL,68,38,30,68,ITF,ITF2,14,Molise
2023-11-29,UMB,783,398,385,783,ITI,ITI2,10,Umbria
2023-10-13,EMR,86,35,51,86,ITH,ITH5,8,Emilia-Romagna
2023-12-18,LIG,1227,563,664,1227,ITC,ITC3,7,Liguria
2023-12-13,SIC,599,319,280,599,ITG,ITG1,19,Sicilia
2023-11-17,TOS,6670,3156,3514,6670,ITI,ITI1,9,Toscana
2023-11-22,SIC,205,113,92,205,ITG,ITG1,19,Sicilia
2023-10-25,UMB,39,34,5,39,ITI,ITI2,10,Umbria
2023-10-14,MAR,49,21,28,49,ITI,ITI3,11,Marche
2023-10-02,TOS,286,162,124,286,ITI,ITI1,9,Toscana
2023-10-18,CAL,12,9,3,12,ITF,ITF6,18,Calabria
2023-10-30,MAR,418,201,217,418,ITI,ITI3,11,Marche
2023-10-28,MAR,738,376,362,738,ITI,ITI3,11,Marche
2023-11-21,SIC,119,61,58,119,ITG,ITG1,19,Sicilia
2023-12-12,VDA,49,20,29,49,ITC,ITC2,2,Valle d'Aosta / Vallée d'Aoste
2023-10-20,SIC,27,17,10,27,ITG,ITG1,19,Sicilia
2023-11-12,MAR,78,41,37,78,ITI,ITI3,11,Marche
2023-12-28,SAR,592,274,318,592,ITG,ITG2,20,Sardegna
2023-12-18,PAB,112,53,59,112,ITH,ITH1,4,Provincia Autonoma Bolzano / Bozen
2023-11-30,VDA,86,41,45,86,ITC,ITC2,2,Valle d'Aosta / Vallée d'Aoste
2023-12-23,PUG,202,96,106,202,ITF,ITF4,16,Puglia
2023-12-07,LIG,1724,848,876,1724,ITC,ITC3,7,Liguria
2023-11-20,PAB,141,63,78,141,ITH,ITH1,4,Provincia Autonoma Bolzano / Bozen
2023-12-23,PAT,10,7,3,10,ITH,ITH2,4,Provincia Autonoma Trento
2023-11-07,MOL,73,41,32,73,ITF,ITF2,14,Molise
2023-11-11,MOL,38,5,33,38,ITF,ITF2,14,Molise
2023-10-04,LIG,12,4,8,12,ITC,ITC3,7,Liguria
2023-12-01,LAZ,3486,1714,1772,3486,ITI,ITI4,12,Lazio
2023-10-25,PAB,615,302,313,615,ITH,ITH1,4,Provincia Autonoma Bolzano / Bozen
2023-12-02,PUG,330,178,152,330,ITF,ITF4,16,Puglia
2023-12-19,PUG,2952,1538,1414,2952,ITF,ITF4,16,Puglia
2023-11-14,CAM,467,281,186,467,ITF,ITF3,15,Campania
2023-11-25,VEN,2197,1070,1127,2197,ITH,ITH3,5,Veneto
2023-11-27,FVG,750,368,382,750,ITH,ITH4,6,Friuli-Venezia Giulia
2023-10-28,LAZ,715,347,368,715,ITI,ITI4,12,Lazio
2023-12-11,SIC,426,246,180,426,ITG,ITG1,19,Sicilia
2023-12-15,BAS,344,161,183,344,ITF,ITF5,17,Basilicata
2023-11-07,BAS,30,20,10,30,ITF,ITF5,17,Basilicata
2023-12-19,PAT,739,341,398,739,ITH,ITH2,4,Provincia Autonoma Trento
2023-12-23,TOS,648,351,297,648,ITI,ITI1,9,Toscana
2023-10-28,VDA,86,42,44,86,ITC,ITC2,2,Valle d'Aosta / Vallée d'Aoste
2023-10-21,MAR,208,101,107,208,ITI,ITI3,11,Marche
2023-12-05,PIE,3140,1477,1663,3140,ITC,ITC1,1,Piemonte
2023-11-14,PIE,2877,1338,1539,2877,ITC,ITC1,1,Piemonte
2023-11-02,PUG,1262,645,617,1262,ITF,ITF4,16,Puglia
2023-11-20,LIG,608,300,308,608,ITC,ITC3,7,Liguria
2023-11-25,EMR,1973,976,997,1973,ITH,ITH5,8,Emilia-Romagna
2023-12-01,MAR,24,7,17,24,ITI,ITI3,11,Marche
2023-10-25,VEN,978,347,631,978,ITH,ITH3,5,Veneto
2023-11-24,TOS,6603,3105,3498,6603,ITI,ITI1,9,Toscana
2023-11-29,PAB,543,250,293,543,ITH,ITH1,4,Provincia Autonoma Bolzano / Bozen
2023-12-25,LOM,35,17,18,35,ITC,ITC4,3,Lombardia
2023-10-26,MAR,188,85,103,188,ITI,ITI3,11,Marche
2023-12-04,PAT,551,259,292,551,ITH,ITH2,4,Provincia Autonoma Trento
2023-12-16,LIG,870,434,436,870,ITC,ITC3,7,Liguria
2023-12-05,CAM,912,479,433,912,ITF,ITF3,15,Campania
2023-12-14,LAZ,4399,2092,2307,4399,ITI,ITI4,12,Lazio
2023-12-04,TOS,3149,1510,1639,3149,ITI,ITI1,9,Toscana
2023-12-04,PUG,1600,837,763,1600,ITF,ITF4,16,Puglia
2023-12-02,CAL,92,54,38,92,ITF,ITF6,18,Calabria
2023-10-10,TOS,314,152,162,314,ITI,ITI1,9,Toscana
2023-12-07,MOL,146,71,75,146,ITF,ITF2,14,Molise
2023-10-26,VDA,117,57,60,117,ITC,ITC2,2,Valle d'Aosta / Vallée d'Aoste
2023-10-10,PUG,82,33,49,82,ITF,ITF4,16,Puglia
2023-10-25,EMR,4297,2041,2256,4297,ITH,ITH5,8,Emilia-Romagna
2023-12-20,MOL,179,105,74,179,ITF,ITF2,14,Molise
2023-11-27,LOM,352,115,237,352,ITC,ITC4,3,Lombardia
2023-10-13,VEN,99,29,70,99,ITH,ITH3,5,Veneto
2023-11-25,UMB,229,100,129,229,ITI,ITI2,10,Umbria
2023-10-13,SAR,111,56,55,111,ITG,ITG2,20,Sardegna
2023-10-07,LOM,4,2,2,4,ITC,ITC4,3,Lombardia
2023-10-30,SIC,29,19,10,29,ITG,ITG1,19,Sicilia
2023-10-05,EMR,1,0,1,1,ITH,ITH5,8,Emilia-Romagna
2023-12-25,EMR,9,5,4,9,ITH,ITH5,8,Emilia-Romagna
2023-11-25,PAB,5,1,4,5,ITH,ITH1,4,Provincia Autonoma Bolzano / Bozen
2023-11-06,VDA,86,47,39,86,ITC,ITC2,2,Valle d'Aosta / Vallée d'Aoste
2023-12-17,BAS,28,24,4,28,ITF,ITF5,17,Basilicata
2023-12-03,ABR,6,3,3,6,ITF,ITF1,13,Abruzzo
2023-12-02,PAT,2,0,2,2,ITH,ITH2,4,Provincia Autonoma Trento
2023-10-15,LIG,1,0,1,1,ITC,ITC3,7,Liguria
2023-11-05,PUG,22,13,9,22,ITF,ITF4,16,Puglia
2023-12-19,SAR,824,412,412,824,ITG,ITG2,20,Sardegna
2023-11-25,TOS,1892,896,996,1892,ITI,ITI1,9,Toscana
2023-11-20,VDA,50,27,23,50,ITC,ITC2,2,Valle d'Aosta / Vallée d'Aoste
2023-10-17,VDA,63,29,34,63,ITC,ITC2,2,Valle d'Aosta / Vallée d'Aoste
2023-11-17,BAS,12,8,4,12,ITF,ITF5,17,Basilicata
2023-10-28,LOM,6049,2994,3055,6049,ITC,ITC4,3,Lombardia
2023-11-02,SAR,171,93,78,171,ITG,ITG2,20,Sardegna
2023-11-12,TOS,189,87,102,189,ITI,ITI1,9,Toscana
2023-12-21,PUG,3618,1918,1700,3618,ITF,ITF4,16,Puglia
2023-10-27,CAL,70,36,34,70,ITF,ITF6,18,Calabria
2023-11-07,LAZ,2297,1124,1173,2297,ITI,ITI4,12,Lazio
2023-11-30,CAL,329,193,136,329,ITF,ITF6,18,Calabria
2023-11-25,LAZ,1820,959,861,1820,ITI,ITI4,12,Lazio
2023-12-23,EMR,369,182,187,369,ITH,ITH5,8,Emilia-Romagna
2023-10-27,FVG,916,458,458,916,ITH,ITH4,6,Friuli-Venezia Giulia
2023-12-12,BAS,307,171,136,307,ITF,ITF5,17,Basilicata
2023-10-24,ABR,130,68,62,130,ITF,ITF1,13,Abruzzo
2023-11-28,PIE,2972,1348,1624,2972,ITC,ITC1,1,Piemonte
2023-12-19,PIE,3494,1763,1731,3494,ITC,ITC1,1,Piemonte
2023-12-02,EMR,1654,784,870,1654,ITH,ITH5,8,Emilia-Romagna
2023-11-20,LAZ,1542,782,760,1542,ITI,ITI4,12,Lazio
2023-11-28,UMB,751,374,377,751,ITI,ITI2,10,Umbria
2023-11-25,VDA,102,49,53,102,ITC,ITC2,2,Valle d'Aosta / Vallée d'Aoste
2023-11-30,PAB,533,259,274,533,ITH,ITH1,4,Provincia Autonoma Bolzano / Bozen
2023-11-30,VEN,3794,1868,1926,3794,ITH,ITH3,5,Veneto
2023-11-06,PAB,164,76,88,164,ITH,ITH1,4,Provincia Autonoma Bolzano / Bozen
2023-10-04,TOS,274,153,121,274,ITI,ITI1,9,Toscana
2023-11-17,UMB,675,338,337,675,ITI,ITI2,10,Umbria
2023-11-19,UMB,20,11,9,20,ITI,ITI2,10,Umbria
2023-11-03,FVG,712,352,360,712,ITH,ITH4,6,Friuli-Venezia Giulia
2023-11-06,UMB,327,153,174,327,ITI,ITI2,10,Umbria
2023-10-06,FVG,152,81,71,152,ITH,ITH4,6,Friuli-Venezia Giulia
2023-10-14,PUG,11,4,7,11,ITF,ITF4,16,Puglia
2023-11-02,EMR,4125,1972,2153,4125,ITH,ITH5,8,Emilia-Romagna
2023-10-30,PUG,907,448,459,907,ITF,ITF4,16,Puglia
2023-11-02,VEN,1808,806,1002,1808,ITH,ITH3,5,Veneto
2023-12-14,PIE,3638,1775,1863,3638,ITC,ITC1,1,Piemonte
2023-12-16,FVG,317,151,166,317,ITH,ITH4,6,Friuli-Venezia Giulia
2023-10-28,CAL,12,7,5,12,ITF,ITF6,18,Calabria
2023-10-30,CAM,371,214,157,371,ITF,ITF3,15,Campania
2023-12-10,CAM,26,10,16,26,ITF,ITF3,15,Campania
2023-10-17,TOS,651,295,356,651,ITI,ITI1,9,Toscana
2023-11-06,LOM,4275,2015,2260,4275,ITC,ITC4,3,Lombardia
2023-12-02,UMB,159,76,83,159,ITI,ITI2,10,Umbria
2023-10-20,FVG,572,289,283,572,ITH,ITH4,6,Friuli-Venezia Giulia
2023-11-03,LOM,8994,4268,4726,8994,ITC,ITC4,3,Lombardia
2023-11-24,PUG,2141,1065,1076,2141,ITF,ITF4,16,Puglia
2023-12-07,PAT,400,173,227,400,ITH,ITH2,4,Provincia Autonoma Trento
2023-12-15,PAB,237,103,134,237,ITH,ITH1,4,Provincia Autonoma Bolzano / Bozen
2023-12-16,LOM,8270,4012,4258,8270,ITC,ITC4,3,Lombardia
2023-12-04,EMR,3711,1823,1888,3711,ITH,ITH5,8,Emilia-Romagna
2023-12-15,LIG,1555,719,836,1555,ITC,ITC3,7,Liguria
2023-10-19,PIE,576,282,294,576,ITC,ITC1,1,Piemonte
2023-10-21,LOM,3459,1740,1719,3459,ITC,ITC4,3,Lombardia
2023-12-19,PAB,250,116,134,250,ITH,ITH1,4,Provincia Autonoma Bolzano / Bozen
2023-11-28,PAB,529,268,261,529,ITH,ITH1,4,Provincia Autonoma Bolzano / Bozen
2023-11-24,PAT,193,90,103,193,ITH,ITH2,4,Provincia Autonoma Trento
2023-10-30,PAT,341,176,165,341,ITH,ITH2,4,Provincia Autonoma Trento
2023-12-02,LIG,414,193,221,414,ITC,ITC3,7,Liguria
2023-10-12,PUG,86,62,24,86,ITF,ITF4,16,Puglia
2023-11-18,TOS,2454,1218,1236,2454,ITI,ITI1,9,Toscana
2023-11-13,VDA,62,31,31,62,ITC,ITC2,2,Valle d'Aosta / Vallée d'Aoste
2023-11-16,CAL,129,70,59,129,ITF,ITF6,18,Calabria
2023-12-18,VDA,13,5,8,13,ITC,ITC2,2,Valle d'Aosta / Vallée d'Aoste
2023-12-06,FVG,1421,669,752,1421,ITH,ITH4,6,Friuli-Venezia Giulia
2023-12-07,PUG,1692,892,800,1692,ITF,ITF4,16,Puglia
2023-11-02,PAB,344,158,186,344,ITH,ITH1,4,Provincia Autonoma Bolzano / Bozen
2023-12-04,VEN,2538,1234,1304,2538,ITH,ITH3,5,Veneto
2023-11-11,TOS,2475,1131,1344,2475,ITI,ITI1,9,Toscana
2023-12-09,EMR,682,323,359,682,ITH,ITH5,8,Emilia-Romagna
2023-11-14,UMB,655,319,336,655,ITI,ITI2,10,Umbria
2023-12-06,ABR,274,127,147,274,ITF,ITF1,13,Abruzzo
2023-11-10,EMR,7639,3721,3918,7639,ITH,ITH5,8,Emilia-Romagna
2023-12-18,MAR,631,330,301,631,ITI,ITI3,11,Marche
2023-12-19,VEN,3710,1811,1899,3710,ITH,ITH3,5,Veneto
2023-11-10,PAB,271,131,140,271,ITH,ITH1,4,Provincia Autonoma Bolzano / Bozen
2023-12-14,CAL,562,326,236,562,ITF,ITF6,18,Calabria
2023-11-27,PAB,36,21,15,36,ITH,ITH1,4,Provincia Autonoma Bolzano / Bozen
2023-10-24,EMR,3588,1706,1882,3588,ITH,ITH5,8,Emilia-Romagna
2023-12-23,UMB,119,57,62,119,ITI,ITI2,10,Umbria
2023-10-31,UMB,282,136,146,282,ITI,ITI2,10,Umbria
2023-11-08,CAL,111,72,39,111,ITF,ITF6,18,Calabria
2023-11-21,PAT,550,252,298,550,ITH,ITH2,4,Provincia Autonoma Trento
2023-11-21,PUG,1809,873,936,1809,ITF,ITF4,16,Puglia
2023-12-12,LOM,10460,5016,5444,10460,ITC,ITC4,3,Lombardia
2023-11-08,SAR,292,155,137,292,ITG,ITG2,20,Sardegna
2023-11-28,LOM,10648,4923,5725,10648,ITC,ITC4,3,Lombardia
2023-10-28,FVG,779,403,376,779,ITH,ITH4,6,Friuli-Venezia Giulia
2023-10-31,PAB,550,258,292,550,ITH,ITH1,4,Provincia Autonoma Bolzano / Bozen
2023-12-05,MOL,61,34,27,61,ITF,ITF2,14,Molise
2023-12-16,CAL,190,95,95,190,ITF,ITF6,18,Calabria
2023-10-23,PAT,145,75,70,145,ITH,ITH2,4,Provincia Autonoma Trento
2023-12-09,VEN,652,309,343,652,ITH,ITH3,5,Veneto
2023-10-25,VDA,306,139,167,306,ITC,ITC2,2,Valle d'Aosta / Vallée d'Aoste
2023-10-14,VEN,1,1,0,1,ITH,ITH3,5,Veneto
2023-11-24,VEN,3520,1783,1737,3520,ITH,ITH3,5,Veneto
2023-11-29,LAZ,3972,1921,2051,3972,ITI,ITI4,12,Lazio
2023-12-19,EMR,4469,2184,2285,4469,ITH,ITH5,8,Emilia-Romagna
2023-11-10,VEN,2765,1338,1427,2765,ITH,ITH3,5,Veneto
2023-11-21,TOS,5014,2283,2731,5014,ITI,ITI1,9,Toscana
2023-10-23,CAM,306,167,139,306,ITF,ITF3,15,Campania
2023-10-11,EMR,54,17,37,54,ITH,ITH5,8,Emilia-Romagna
2023-10-23,PUG,854,423,431,854,ITF,ITF4,16,Puglia
2023-11-07,MAR,743,356,387,743,ITI,ITI3,11,Marche
2023-10-05,LIG,61,18,43,61,ITC,ITC3,7,Liguria
2023-11-05,FVG,11,7,4,11,ITH,ITH4,6,Friuli-Venezia Giulia
2023-10-02,EMR,1,0,1,1,ITH,ITH5,8,Emilia-Romagna
2023-10-26,CAL,21,8,13,21,ITF,ITF6,18,Calabria
2023-10-04,PAT,11,7,4,11,ITH,ITH2,4,Provincia Autonoma Trento
2023-10-16,SIC,8,5,3,8,ITG,ITG1,19,Sicilia
2023-12-26,TOS,7,3,4,7,ITI,ITI1,9,Toscana
2023-09-29,CAM,11,6,5,11,ITF,ITF3,15,Campania
2023-12-02,PAB,1,1,0,1,ITH,ITH1,4,Provincia Autonoma Bolzano / Bozen
2023-12-09,CAL,44,26,18,44,ITF,ITF6,18,Calabria
2023-12-20,PIE,2956,1475,1481,2956,ITC,ITC1,1,Piemonte
2023-10-23,MOL,37,14,23,37,ITF,ITF2,14,Molise
2023-10-19,ABR,86,50,36,86,ITF,ITF1,13,Abruzzo
2023-11-13,MAR,474,228,246,474,ITI,ITI3,11,Marche
2023-11-05,PAB,6,2,4,6,ITH,ITH1,4,Provincia Autonoma Bolzano / Bozen
2023-11-04,CAM,89,50,39,89,ITF,ITF3,15,Campania
2023-12-08,BAS,19,10,9,19,ITF,ITF5,17,Basilicata
2023-11-01,VEN,12,4,8,12,ITH,ITH3,5,Veneto
2023-12-24,PIE,10,4,6,10,ITC,ITC1,1,Piemonte
2023-10-13,CAM,128,61,67,128,ITF,ITF3,15,Campania
2023-12-13,BAS,286,167,119,286,ITF,ITF5,17,Basilicata
2023-11-27,VEN,2416,1153,1263,2416,ITH,ITH3,5,Veneto
2023-12-18,VEN,3220,1616,1604,3220,ITH,ITH3,5,Veneto
2023-10-26,FVG,850,422,428,850,ITH,ITH4,6,Friuli-Venezia Giulia
2023-11-11,EMR,3384,1642,1742,3384,ITH,ITH5,8,Emilia-Romagna
2023-11-09,CAL,122,64,58,122,ITF,ITF6,18,Calabria
2023-10-05,FVG,29,11,18,29,ITH,ITH4,6,Friuli-Venezia Giulia
2023-12-04,LAZ,2711,1287,1424,2711,ITI,ITI4,12,Lazio
2023-12-01,EMR,5434,2563,2871,5434,ITH,ITH5,8,Emilia-Romagna
2023-10-27,LOM,9107,4326,4781,9107,ITC,ITC4,3,Lombardia
2023-11-21,UMB,603,285,318,603,ITI,ITI2,10,Umbria
2023-12-13,CAM,1600,867,733,1600,ITF,ITF3,15,Campania
2023-12-12,CAL,429,240,189,429,ITF,ITF6,18,Calabria
2023-12-18,SAR,799,397,402,799,ITG,ITG2,20,Sardegna
2023-11-12,EMR,801,382,419,801,ITH,ITH5,8,Emilia-Romagna
2023-12-28,FVG,1065,541,524,1065,ITH,ITH4,6,Friuli-Venezia Giulia
2023-10-10,LAZ,199,113,86,199,ITI,ITI4,12,Lazio
2023-11-23,CAL,114,67,47,114,ITF,ITF6,18,Calabria
2023-11-24,CAM,367,207,160,367,ITF,ITF3,15,Campania
2023-11-04,VDA,109,57,52,109,ITC,ITC2,2,Valle d'Aosta / Vallée d'Aoste
2023-10-31,ABR,144,82,62,144,ITF,ITF1,13,Abruzzo
2023-10-20,EMR,2217,1080,1137,2217,ITH,ITH5,8,Emilia-Romagna
2023-11-16,EMR,6680,3162,3518,6680,ITH,ITH5,8,Emilia-Romagna
2023-12-14,SIC,778,404,374,778,ITG,ITG1,19,Sicilia
2023-12-04,SIC,377,204,173,377,ITG,ITG1,19,Sicilia
2023-11-02,UMB,417,218,199,417,ITI,ITI2,10,Umbria
2023-11-01,MAR,34,12,22,34,ITI,ITI3,11,Marche
2023-11-05,VEN,49,30,19,49,ITH,ITH3,5,Veneto
2023-11-15,TOS,6227,2866,3361,6227,ITI,ITI1,9,Toscana
2023-12-15,UMB,746,367,379,746,ITI,ITI2,10,Umbria
2023-10-10,FVG,48,25,23,48,ITH,ITH4,6,Friuli-Venezia Giulia
2023-11-11,ABR,65,39,26,65,ITF,ITF1,13,Abruzzo
2023-11-15,EMR,6799,3231,3568,6799,ITH,ITH5,8,Emilia-Romagna
2023-11-04,PIE,1379,677,702,1379,ITC,ITC1,1,Piemonte
2023-11-01,VDA,1,0,1,1,ITC,ITC2,2,Valle d'Aosta / Vallée d'Aoste
2023-10-17,MAR,231,109,122,231,ITI,ITI3,11,Marche
2023-10-02,CAM,4,3,1,4,ITF,ITF3,15,Campania
2023-11-24,PAB,190,98,92,190,ITH,ITH1,4,Provincia Autonoma Bolzano / Bozen
2023-10-03,CAM,29,18,11,29,ITF,ITF3,15,Campania
2023-12-22,LAZ,3100,1563,1537,3100,ITI,ITI4,12,Lazio
2023-11-24,LIG,584,283,301,584,ITC,ITC3,7,Liguria
2023-10-19,VDA,113,59,54,113,ITC,ITC2,2,Valle d'Aosta / Vallée d'Aoste
2023-10-12,TOS,803,360,443,803,ITI,ITI1,9,Toscana
2023-10-13,ABR,44,22,22,44,ITF,ITF1,13,Abruzzo
2023-11-03,CAL,59,28,31,59,ITF,ITF6,18,Calabria
2023-11-19,TOS,207,91,116,207,ITI,ITI1,9,Toscana
2023-11-06,PIE,1620,806,814,1620,ITC,ITC1,1,Piemonte
2023-10-26,SIC,51,26,25,51,ITG,ITG1,19,Sicilia
2023-12-12,SAR,954,483,471,954,ITG,ITG2,20,Sardegna
2023-11-27,UMB,365,192,173,365,ITI,ITI2,10,Umbria
2023-10-26,PAT,609,294,315,609,ITH,ITH2,4,Provincia Autonoma Trento
2023-10-12,PAB,565,292,273,565,ITH,ITH1,4,Provincia Autonoma Bolzano / Bozen
2023-12-19,ABR,502,253,249,502,ITF,ITF1,13,Abruzzo
2023-10-26,PUG,1332,663,669,1332,ITF,ITF4,16,Puglia
2023-11-21,SAR,499,243,256,499,ITG,ITG2,20,Sardegna
2023-10-19,CAM,298,169,129,298,ITF,ITF3,15,Campania
2023-11-13,VEN,1825,870,955,1825,ITH,ITH3,5,Veneto
2023-11-09,VEN,2448,1142,1306,2448,ITH,ITH3,5,Veneto
2023-12-10,LOM,601,293,308,601,ITC,ITC4,3,Lombardia
2023-12-14,PUG,3122,1577,1545,3122,ITF,ITF4,16,Puglia
2023-10-13,MAR,100,55,45,100,ITI,ITI3,11,Marche
2023-11-04,ABR,38,22,16,38,ITF,ITF1,13,Abruzzo
2023-12-08,UMB,18,7,11,18,ITI,ITI2,10,Umbria
2023-12-15,LAZ,4204,1972,2232,4204,ITI,ITI4,12,Lazio
2023-11-28,LAZ,3267,1601,1666,3267,ITI,ITI4,12,Lazio
2023-11-28,FVG,1258,609,649,1258,ITH,ITH4,6,Friuli-Venezia Giulia
2023-11-06,ABR,127,75,52,127,ITF,ITF1,13,Abruzzo
2023-10-14,PAB,21,7,14,21,ITH,ITH1,4,Provincia Autonoma Bolzano / Bozen
2023-12-20,TOS,3809,1883,1926,3809,ITI,ITI1,9,Toscana
2023-12-03,PUG,72,39,33,72,ITF,ITF4,16,Puglia
2023-10-20,LAZ,741,372,369,741,ITI,ITI4,12,Lazio
2023-11-10,UMB,682,319,363,682,ITI,ITI2,10,Umbria
2023-12-18,CAL,556,312,244,556,ITF,ITF6,18,Calabria
2023-12-06,MOL,159,79,80,159,ITF,ITF2,14,Molise
2023-11-23,SAR,605,326,279,605,ITG,ITG2,20,Sardegna
2023-11-20,CAM,442,257,185,442,ITF,ITF3,15,Campania
2023-11-11,PIE,1881,936,945,1881,ITC,ITC1,1,Piemonte
2023-12-22,VEN,2933,1576,1357,2933,ITH,ITH3,5,Veneto
2023-11-02,LAZ,1356,642,714,1356,ITI,ITI4,12,Lazio
2023-10-16,PAB,150,72,78,150,ITH,ITH1,4,Provincia Autonoma Bolzano / Bozen
2023-12-03,PAT,9,6,3,9,ITH,ITH2,4,Provincia Autonoma Trento
2023-11-26,CAM,19,10,9,19,ITF,ITF3,15,Campania
2023-12-23,MAR,9,7,2,9,ITI,ITI3,11,Marche
2023-10-13,CAL,6,4,2,6,ITF,ITF6,18,Calabria
2023-10-11,VEN,2,0,2,2,ITH,ITH3,5,Veneto
2023-12-10,LIG,12,5,7,12,ITC,ITC3,7,Liguria
2023-11-06,BAS,5,3,2,5,ITF,ITF5,17,Basilicata
2023-11-24,EMR,5432,2620,2812,5432,ITH,ITH5,8,Emilia-Romagna
2023-11-22,PUG,1541,791,750,1541,ITF,ITF4,16,Puglia
2023-10-30,PIE,1129,560,569,1129,ITC,ITC1,1,Piemonte
2023-11-28,EMR,5566,2642,2924,5566,ITH,ITH5,8,Emilia-Romagna
2023-11-04,TOS,1964,944,1020,1964,ITI,ITI1,9,Toscana
2023-11-20,PIE,1990,883,1107,1990,ITC,ITC1,1,Piemonte
2023-11-05,LOM,789,383,406,789,ITC,ITC4,3,Lombardia
2023-12-16,CAM,658,358,300,658,ITF,ITF3,15,Campania
2023-12-22,CAL,306,171,135,306,ITF,ITF6,18,Calabria
2023-11-03,CAM,350,198,152,350,ITF,ITF3,15,Campania
2023-11-08,UMB,667,332,335,667,ITI,ITI2,10,Umbria
2023-12-11,PIE,2198,1067,1131,2198,ITC,ITC1,1,Piemonte
2023-11-27,SIC,159,74,85,159,ITG,ITG1,19,Sicilia
2023-12-20,FVG,1268,652,616,1268,ITH,ITH4,6,Friuli-Venezia Giulia
2023-12-10,VEN,741,409,332,741,ITH,ITH3,5,Veneto
2023-10-13,TOS,682,341,341,682,ITI,ITI1,9,Toscana
2023-11-17,PAB,271,134,137,271,ITH,ITH1,4,Provincia Autonoma Bolzano / Bozen
2023-11-01,PUG,33,15,18,33,ITF,ITF4,16,Puglia
2023-12-21,LOM,9049,4472,4577,9049,ITC,ITC4,3,Lombardia
2023-11-09,FVG,1304,593,711,1304,ITH,ITH4,6,Friuli-Venezia Giulia
2023-11-22,PAT,393,186,207,393,ITH,ITH2,4,Provincia Autonoma Trento
2023-12-13,CAL,446,252,194,446,ITF,ITF6,18,Calabria
2023-12-09,MOL,10,3,7,10,ITF,ITF2,14,Molise
2023-12-06,LOM,10891,5174,5717,10891,ITC,ITC4,3,Lombardia
2023-11-28,VEN,4120,2008,2112,4120,ITH,ITH3,5,Veneto
2023-12-28,TOS,1886,932,954,1886,ITI,ITI1,9,Toscana
2023-11-08,PAB,544,289,255,544,ITH,ITH1,4,Provincia Autonoma Bolzano / Bozen
2023-10-23,VEN,333,146,187,333,ITH,ITH3,5,Veneto
2023-11-02,SIC,77,42,35,77,ITG,ITG1,19,Sicilia
2023-12-10,EMR,187,82,105,187,ITH,ITH5,8,Emilia-Romagna
2023-12-08,PUG,18,10,8,18,ITF,ITF4,16,Puglia
2023-10-31,EMR,4573,2127,2446,4573,ITH,ITH5,8,Emilia-Romagna
2023-10-19,SAR,119,71,48,119,ITG,ITG2,20,Sardegna
2023-12-15,SIC,1125,598,527,1125,ITG,ITG1,19,Sicilia
2023-10-22,SIC,3,2,1,3,ITG,ITG1,19,Sicilia
2023-12-11,BAS,119,69,50,119,ITF,ITF5,17,Basilicata
2023-10-10,PAB,438,248,190,438,ITH,ITH1,4,Provincia Autonoma Bolzano / Bozen
2023-12-14,UMB,744,372,372,744,ITI,ITI2,10,Umbria
2023-10-16,MAR,142,81,61,142,ITI,ITI3,11,Marche
2023-11-17,VEN,3100,1444,1656,3100,ITH,ITH3,5,Veneto
2023-11-27,MAR,19,9,10,19,ITI,ITI3,11,Marche
2023-12-02,SIC,91,50,41,91,ITG,ITG1,19,Sicilia
2023-10-23,EMR,2262,1123,1139,2262,ITH,ITH5,8,Emilia-Romagna
2023-10-29,MAR,27,15,12,27,ITI,ITI3,11,Marche
2023-10-16,TOS,730,315,415,730,ITI,ITI1,9,Toscana
2023-11-11,PUG,429,229,200,429,ITF,ITF4,16,Puglia
2023-12-01,CAM,709,377,332,709,ITF,ITF3,15,Campania
2023-11-30,EMR,5967,2906,3061,5967,ITH,ITH5,8,Emilia-Romagna
2023-11-16,ABR,289,138,151,289,ITF,ITF1,13,Abruzzo
2023-12-11,ABR,338,169,169,338,ITF,ITF1,13,Abruzzo
2023-12-28,PAT,53,23,30,53,ITH,ITH2,4,Provincia Autonoma Trento
2023-11-15,FVG,1120,532,588,1120,ITH,ITH4,6,Friuli-Venezia Giulia
2023-10-13,PUG,204,111,93,204,ITF,ITF4,16,Puglia
2023-11-28,SIC,324,193,131,324,ITG,ITG1,19,Sicilia
2023-10-31,VEN,1439,619,820,1439,ITH,ITH3,5,Veneto
2023-12-27,PUG,907,477,430,907,ITF,ITF4,16,Puglia
2023-12-19,SIC,842,443,399,842,ITG,ITG1,19,Sicilia
2023-12-28,PUG,599,323,276,599,ITF,ITF4,16,Puglia
2023-12-07,CAL,328,204,124,328,ITF,ITF6,18,Calabria
2023-10-12,FVG,53,33,20,53,ITH,ITH4,6,Friuli-Venezia Giulia
2023-10-12,CAL,12,5,7,12,ITF,ITF6,18,Calabria
2023-11-15,ABR,194,96,98,194,ITF,ITF1,13,Abruzzo
2023-10-18,LIG,274,105,169,274,ITC,ITC3,7,Liguria
2023-10-26,SAR,205,101,104,205,ITG,ITG2,20,Sardegna
2023-11-10,MOL,60,31,29,60,ITF,ITF2,14,Molise
2023-12-27,PAT,142,72,70,142,ITH,ITH2,4,Provincia Autonoma Trento
2023-10-31,SIC,79,48,31,79,ITG,ITG1,19,Sicilia
2023-10-20,ABR,75,42,33,75,ITF,ITF1,13,Abruzzo
2023-11-04,PUG,320,160,160,320,ITF,ITF4,16,Puglia
2023-12-22,FVG,679,354,325,679,ITH,ITH4,6,Friuli-Venezia Giulia
2023-11-14,LIG,1096,532,564,1096,ITC,ITC3,7,Liguria
2023-11-14,PAB,573,276,297,573,ITH,ITH1,4,Provincia Autonoma Bolzano / Bozen
2023-11-23,MOL,41,23,18,41,ITF,ITF2,14,Molise
2023-10-25,TOS,3518,1686,1832,3518,ITI,ITI1,9,Toscana
2023-11-13,FVG,857,411,446,857,ITH,ITH4,6,Friuli-Venezia Giulia
2023-11-10,SIC,57,36,21,57,ITG,ITG1,19,Sicilia
2023-12-18,CAM,1264,693,571,1264,ITF,ITF3,15,Campania
2023-12-19,MOL,109,55,54,109,ITF,ITF2,14,Molise
2023-10-28,UMB,79,25,54,79,ITI,ITI2,10,Umbria
2023-10-27,MOL,3,2,1,3,ITF,ITF2,14,Molise
2023-12-17,LIG,17,6,11,17,ITC,ITC3,7,Liguria
2023-11-11,PAT,21,11,10,21,ITH,ITH2,4,Provincia Autonoma Trento
2023-10-15,CAM,12,5,7,12,ITF,ITF3,15,Campania
2023-12-09,BAS,25,14,11,25,ITF,ITF5,17,Basilicata
2023-11-12,CAL,6,0,6,6,ITF,ITF6,18,Calabria
2023-12-12,MOL,158,86,72,158,ITF,ITF2,14,Molise
2023-10-14,EMR,11,3,8,11,ITH,ITH5,8,Emilia-Romagna
2023-11-01,CAM,21,10,11,21,ITF,ITF3,15,Campania
2023-10-09,LIG,32,10,22,32,ITC,ITC3,7,Liguria
2023-10-21,CAM,45,24,21,45,ITF,ITF3,15,Campania
2023-12-05,MAR,12,7,5,12,ITI,ITI3,11,Marche
2023-11-12,FVG,12,4,8,12,ITH,ITH4,6,Friuli-Venezia Giulia
2023-12-24,CAL,4,1,3,4,ITF,ITF6,18,Calabria
2023-11-19,LIG,3,1,2,3,ITC,ITC3,7,Liguria
2023-10-11,MOL,6,5,1,6,ITF,ITF2,14,Molise
2023-11-19,PAB,1,0,1,1,ITH,ITH1,4,Provincia Autonoma Bolzano / Bozen
2023-12-23,PAB,1,0,1,1,ITH,ITH1,4,Provincia Autonoma Bolzano / Bozen
2023-11-22,LIG,1153,559,594,1153,ITC,ITC3,7,Liguria
2023-11-03,UMB,539,285,254,539,ITI,ITI2,10,Umbria
2023-12-09,PAT,30,20,10,30,ITH,ITH2,4,Provincia Autonoma Trento
2023-10-28,VEN,855,419,436,855,ITH,ITH3,5,Veneto
2023-12-26,PAT,39,19,20,39,ITH,ITH2,4,Provincia Autonoma Trento
2023-12-03,UMB,9,3,6,9,ITI,ITI2,10,Umbria
2023-12-09,PUG,209,101,108,209,ITF,ITF4,16,Puglia
2023-12-12,CAM,1402,747,655,1402,ITF,ITF3,15,Campania
2023-12-11,EMR,3413,1730,1683,3413,ITH,ITH5,8,Emilia-Romagna
2023-11-21,CAM,411,217,194,411,ITF,ITF3,15,Campania
2023-11-22,LOM,10378,4894,5484,10378,ITC,ITC4,3,Lombardia
2023-12-18,SIC,626,338,288,626,ITG,ITG1,19,Sicilia
2023-10-26,UMB,127,60,67,127,ITI,ITI2,10,Umbria
2023-12-13,MAR,61,29,32,61,ITI,ITI3,11,Marche
2023-11-24,VDA,126,67,59,126,ITC,ITC2,2,Valle d'Aosta / Vallée d'Aoste
2023-11-30,FVG,1196,550,646,1196,ITH,ITH4,6,Friuli-Venezia Giulia
2023-12-21,FVG,1014,497,517,1014,ITH,ITH4,6,Friuli-Venezia Giulia
2023-11-09,PAT,738,386,352,738,ITH,ITH2,4,Provincia Autonoma Trento
2023-11-03,TOS,5914,2792,3122,5914,ITI,ITI1,9,Toscana
2023-10-20,LOM,5922,2922,3000,5922,ITC,ITC4,3,Lombardia
2023-11-09,PUG,1570,835,735,1570,ITF,ITF4,16,Puglia
2023-11-21,PIE,2899,1339,1560,2899,ITC,ITC1,1,Piemonte
2023-11-14,SIC,116,57,59,116,ITG,ITG1,19,Sicilia
2023-11-14,MAR,673,354,319,673,ITI,ITI3,11,Marche
2023-10-19,FVG,306,147,159,306,ITH,ITH4,6,Friuli-Venezia Giulia
2023-11-22,FVG,1088,519,569,1088,ITH,ITH4,6,Friuli-Venezia Giulia
2023-12-17,VEN,4466,2362,2104,4466,ITH,ITH3,5,Veneto
2023-10-16,ABR,56,32,24,56,ITF,ITF1,13,Abruzzo
2023-10-16,VDA,104,50,54,104,ITC,ITC2,2,Valle d'Aosta / Vallée d'Aoste
2023-11-13,ABR,181,96,85,181,ITF,ITF1,13,Abruzzo
2023-11-21,LIG,1693,849,844,1693,ITC,ITC3,7,Liguria
2023-10-16,EMR,716,311,405,716,ITH,ITH5,8,Emilia-Romagna
2023-11-16,MOL,111,50,61,111,ITF,ITF2,14,Molise
2023-12-24,TOS,48,23,25,48,ITI,ITI1,9,Toscana
2023-12-08,CAL,6,2,4,6,ITF,ITF6,18,Calabria
2023-11-08,LAZ,2183,1036,1147,2183,ITI,ITI4,12,Lazio
2023-11-18,FVG,329,168,161,329,ITH,ITH4,6,Friuli-Venezia Giulia
2023-10-30,CAL,59,30,29,59,ITF,ITF6,18,Calabria
2023-10-26,LIG,823,413,410,823,ITC,ITC3,7,Liguria
2023-12-15,SAR,992,498,494,992,ITG,ITG2,20,Sardegna
2023-12-15,VEN,3532,1785,1747,3532,ITH,ITH3,5,Veneto
2023-11-03,VEN,1366,626,740,1366,ITH,ITH3,5,Veneto
2023-11-03,SAR,217,112,105,217,ITG,ITG2,20,Sardegna
2023-10-20,VEN,488,234,254,488,ITH,ITH3,5,Veneto
2023-12-07,LAZ,3373,1610,1763,3373,ITI,ITI4,12,Lazio
2023-11-27,CAM,406,231,175,406,ITF,ITF3,15,Campania
2023-10-12,MAR,29,15,14,29,ITI,ITI3,11,Marche
2023-10-24,FVG,664,341,323,664,ITH,ITH4,6,Friuli-Venezia Giulia
2023-12-15,CAL,479,268,211,479,ITF,ITF6,18,Calabria
2023-11-28,CAL,198,120,78,198,ITF,ITF6,18,Calabria
2023-11-28,LIG,1115,582,533,1115,ITC,ITC3,7,Liguria
2023-11-07,ABR,214,114,100,214,ITF,ITF1,13,Abruzzo
2023-12-03,VEN,207,108,99,207,ITH,ITH3,5,Veneto
2023-11-20,SIC,68,37,31,68,ITG,ITG1,19,Sicilia
2023-10-05,LOM,362,191,171,362,ITC,ITC4,3,Lombardia
2023-12-15,LOM,10612,5166,5446,10612,ITC,ITC4,3,Lombardia
2023-12-02,TOS,1444,701,743,1444,ITI,ITI1,9,Toscana
2023-11-03,PAB,307,141,166,307,ITH,ITH1,4,Provincia Autonoma Bolzano / Bozen
2023-12-20,ABR,395,194,201,395,ITF,ITF1,13,Abruzzo
2023-11-08,SIC,36,19,17,36,ITG,ITG1,19,Sicilia
2023-10-30,VEN,1318,593,725,1318,ITH,ITH3,5,Veneto
2023-11-10,MAR,982,502,480,982,ITI,ITI3,11,Marche
2023-10-26,PAB,780,388,392,780,ITH,ITH1,4,Provincia Autonoma Bolzano / Bozen
2023-11-05,VDA,7,2,5,7,ITC,ITC2,2,Valle d'Aosta / Vallée d'Aoste
2023-12-08,LOM,441,217,224,441,ITC,ITC4,3,Lombardia
2023-12-12,LIG,2898,1387,1511,2898,ITC,ITC3,7,Liguria
2023-11-27,LIG,325,167,158,325,ITC,ITC3,7,Liguria
2023-11-19,ABR,25,13,12,25,ITF,ITF1,13,Abruzzo
2023-12-09,FVG,140,67,73,140,ITH,ITH4,6,Friuli-Venezia Giulia
2023-10-30,SAR,170,94,76,170,ITG,ITG2,20,Sardegna
2023-10-20,CAL,6,4,2,6,ITF,ITF6,18,Calabria
2023-11-04,CAL,40,21,19,40,ITF,ITF6,18,Calabria
2023-12-10,SIC,52,26,26,52,ITG,ITG1,19,Sicilia
2023-10-13,MOL,9,7,2,9,ITF,ITF2,14,Molise
2023-12-12,PAB,331,164,167,331,ITH,ITH1,4,Provincia Autonoma Bolzano / Bozen
2023-12-06,EMR,5121,2527,2594,5121,ITH,ITH5,8,Emilia-Romagna
2023-11-25,PIE,1396,717,679,1396,ITC,ITC1,1,Piemonte
2023-11-06,MAR,408,206,202,408,ITI,ITI3,11,Marche
2023-11-18,PUG,343,172,171,343,ITF,ITF4,16,Puglia
2023-10-04,LAZ,16,9,7,16,ITI,ITI4,12,Lazio
2023-12-11,LOM,9323,4548,4775,9323,ITC,ITC4,3,Lombardia
2023-10-29,FVG,9,4,5,9,ITH,ITH4,6,Friuli-Venezia Giulia
2023-11-18,PAT,44,21,23,44,ITH,ITH2,4,Provincia Autonoma Trento
2023-09-26,TOS,15,7,8,15,ITI,ITI1,9,Toscana
2023-12-08,CAM,30,17,13,30,ITF,ITF3,15,Campania
2023-12-17,UMB,13,6,7,13,ITI,ITI2,10,Umbria
2023-10-29,PAT,1,0,1,1,ITH,ITH2,4,Provincia Autonoma Trento
2023-10-21,UMB,24,13,11,24,ITI,ITI2,10,Umbria
2023-10-21,PAB,3,0,3,3,ITH,ITH1,4,Provincia Autonoma Bolzano / Bozen
2023-12-01,VDA,135,68,67,135,ITC,ITC2,2,Valle d'Aosta / Vallée d'Aoste
2023-12-26,FVG,18,6,12,18,ITH,ITH4,6,Friuli-Venezia Giulia
2023-12-26,PUG,7,6,1,7,ITF,ITF4,16,Puglia
2023-12-03,FVG,8,2,6,8,ITH,ITH4,6,Friuli-Venezia Giulia
2023-09-29,TOS,3,0,3,3,ITI,ITI1,9,Toscana
2023-12-25,LAZ,11,8,3,11,ITI,ITI4,12,Lazio
2023-12-08,LIG,1,1,0,1,ITC,ITC3,7,Liguria
2023-10-15,MAR,1,1,0,1,ITI,ITI3,11,Marche
2023-12-13,PUG,3341,1698,1643,3341,ITF,ITF4,16,Puglia
2023-11-22,CAL,226,121,105,226,ITF,ITF6,18,Calabria
2023-11-26,PUG,22,11,11,22,ITF,ITF4,16,Puglia
2023-12-03,LAZ,82,40,42,82,ITI,ITI4,12,Lazio
2023-11-21,FVG,1152,558,594,1152,ITH,ITH4,6,Friuli-Venezia Giulia
2023-11-29,TOS,6273,2950,3323,6273,ITI,ITI1,9,Toscana
2023-12-17,MAR,47,25,22,47,ITI,ITI3,11,Marche
2023-12-05,LIG,1792,861,931,1792,ITC,ITC3,7,Liguria
2023-12-22,PAT,354,178,176,354,ITH,ITH2,4,Provincia Autonoma Trento
2023-10-13,VDA,77,35,42,77,ITC,ITC2,2,Valle d'Aosta / Vallée d'Aoste
2023-12-09,LIG,304,152,152,304,ITC,ITC3,7,Liguria
2023-10-19,SIC,38,24,14,38,ITG,ITG1,19,Sicilia
2023-12-22,PUG,2258,1174,1084,2258,ITF,ITF4,16,Puglia
2023-12-21,CAL,616,345,271,616,ITF,ITF6,18,Calabria
2023-10-11,PAB,474,257,217,474,ITH,ITH1,4,Provincia Autonoma Bolzano / Bozen
2023-10-22,LAZ,42,21,21,42,ITI,ITI4,12,Lazio
2023-11-09,CAM,409,227,182,409,ITF,ITF3,15,Campania
2023-12-13,PAT,443,212,231,443,ITH,ITH2,4,Provincia Autonoma Trento
2023-12-12,UMB,844,444,400,844,ITI,ITI2,10,Umbria
2023-11-28,SAR,553,265,288,553,ITG,ITG2,20,Sardegna
2023-11-16,CAM,496,262,234,496,ITF,ITF3,15,Campania
2023-11-21,LOM,9351,4347,5004,9351,ITC,ITC4,3,Lombardia
2023-11-17,PIE,3108,1506,1602,3108,ITC,ITC1,1,Piemonte
2023-12-11,CAM,894,484,410,894,ITF,ITF3,15,Campania
2023-10-21,FVG,100,43,57,100,ITH,ITH4,6,Friuli-Venezia Giulia
2023-10-29,LAZ,26,11,15,26,ITI,ITI4,12,Lazio
2023-11-30,UMB,807,400,407,807,ITI,ITI2,10,Umbria
2023-10-24,PAB,678,333,345,678,ITH,ITH1,4,Provincia Autonoma Bolzano / Bozen
2023-11-26,TOS,122,61,61,122,ITI,ITI1,9,Toscana
2023-12-14,MOL,169,91,78,169,ITF,ITF2,14,Molise
2023-10-27,ABR,88,37,51,88,ITF,ITF1,13,Abruzzo
2023-11-11,CAL,45,22,23,45,ITF,ITF6,18,Calabria
2023-12-18,FVG,775,354,421,775,ITH,ITH4,6,Friuli-Venezia Giulia
2023-10-23,LOM,7500,3727,3773,7500,ITC,ITC4,3,Lombardia
2023-10-19,VEN,208,85,123,208,ITH,ITH3,5,Veneto
2023-12-04,PAB,103,51,52,103,ITH,ITH1,4,Provincia Autonoma Bolzano / Bozen
2023-10-06,PIE,31,18,13,31,ITC,ITC1,1,Piemonte
2023-10-11,LIG,53,14,39,53,ITC,ITC3,7,Liguria
2023-12-16,PIE,2142,1101,1041,2142,ITC,ITC1,1,Piemonte
2023-11-17,SAR,491,242,249,491,ITG,ITG2,20,Sardegna
2023-11-03,PIE,2431,1208,1223,2431,ITC,ITC1,1,Piemonte
2023-12-24,PUG,30,17,13,30,ITF,ITF4,16,Puglia
2023-10-26,VEN,1009,465,544,1009,ITH,ITH3,5,Veneto
2023-12-07,LOM,8236,3994,4242,8236,ITC,ITC4,3,Lombardia
2023-11-20,PAT,417,192,225,417,ITH,ITH2,4,Provincia Autonoma Trento
2023-10-20,CAM,191,104,87,191,ITF,ITF3,15,Campania
2023-11-03,ABR,177,84,93,177,ITF,ITF1,13,Abruzzo
2023-10-10,SAR,54,32,22,54,ITG,ITG2,20,Sardegna
2023-10-19,EMR,1945,968,977,1945,ITH,ITH5,8,Emilia-Romagna
2023-10-23,SAR,128,69,59,128,ITG,ITG2,20,Sardegna
2023-11-14,LAZ,2249,1090,1159,2249,ITI,ITI4,12,Lazio
2023-10-30,ABR,93,51,42,93,ITF,ITF1,13,Abruzzo
2023-10-04,LOM,287,138,149,287,ITC,ITC4,3,Lombardia
2023-12-01,FVG,968,471,497,968,ITH,ITH4,6,Friuli-Venezia Giulia
2023-12-11,PAT,652,319,333,652,ITH,ITH2,4,Provincia Autonoma Trento
2023-11-19,MAR,6,1,5,6,ITI,ITI3,11,Marche
2023-11-22,PIE,3011,1417,1594,3011,ITC,ITC1,1,Piemonte
2023-11-15,PUG,2060,1020,1040,2060,ITF,ITF4,16,Puglia
2023-10-12,CAM,233,130,103,233,ITF,ITF3,15,Campania
2023-11-15,CAM,427,243,184,427,ITF,ITF3,15,Campania
2023-12-14,BAS,313,164,149,313,ITF,ITF5,17,Basilicata
2023-11-24,LOM,10844,5055,5789,10844,ITC,ITC4,3,Lombardia
2023-11-15,PAT,544,277,267,544,ITH,ITH2,4,Provincia Autonoma Trento
2023-10-31,SAR,183,81,102,183,ITG,ITG2,20,Sardegna
2023-10-07,TOS,241,137,104,241,ITI,ITI1,9,Toscana
2023-12-06,BAS,152,82,70,152,ITF,ITF5,17,Basilicata
2023-12-06,CAL,345,201,144,345,ITF,ITF6,18,Calabria
2023-10-04,CAM,30,20,10,30,ITF,ITF3,15,Campania
2023-12-12,PAT,629,286,343,629,ITH,ITH2,4,Provincia Autonoma Trento
2023-10-12,LAZ,144,77,67,144,ITI,ITI4,12,Lazio
2023-11-23,PAT,578,264,314,578,ITH,ITH2,4,Provincia Autonoma Trento
2023-11-25,CAL,28,11,17,28,ITF,ITF6,18,Calabria
2023-12-02,LOM,6136,3043,3093,6136,ITC,ITC4,3,Lombardia
2023-12-19,LOM,10667,5241,5426,10667,ITC,ITC4,3,Lombardia
2023-11-07,FVG,1265,603,662,1265,ITH,ITH4,6,Friuli-Venezia Giulia
2023-10-30,EMR,3276,1514,1762,3276,ITH,ITH5,8,Emilia-Romagna
2023-12-09,CAM,304,172,132,304,ITF,ITF3,15,Campania
2023-10-14,LAZ,13,8,5,13,ITI,ITI4,12,Lazio
2023-11-11,CAM,95,58,37,95,ITF,ITF3,15,Campania
2023-12-25,VDA,1,1,0,1,ITC,ITC2,2,Valle d'Aosta / Vallée d'Aoste
2023-10-20,PIE,831,421,410,831,ITC,ITC1,1,Piemonte
2023-12-14,SAR,1111,590,521,1111,ITG,ITG2,20,Sardegna
2023-10-30,TOS,2468,1164,1304,2468,ITI,ITI1,9,Toscana
2023-11-13,CAL,92,48,44,92,ITF,ITF6,18,Calabria
2023-12-17,LOM,1004,489,515,1004,ITC,ITC4,3,Lombardia
2023-11-12,ABR,28,15,13,28,ITF,ITF1,13,Abruzzo
2023-12-01,UMB,912,444,468,912,ITI,ITI2,10,Umbria
2023-10-06,SAR,50,24,26,50,ITG,ITG2,20,Sardegna
2023-12-23,CAL,52,34,18,52,ITF,ITF6,18,Calabria
2023-12-14,FVG,1376,692,684,1376,ITH,ITH4,6,Friuli-Venezia Giulia
2023-10-17,PAT,213,69,144,213,ITH,ITH2,4,Provincia Autonoma Trento
2023-11-15,BAS,28,15,13,28,ITF,ITF5,17,Basilicata
2023-10-17,PUG,262,148,114,262,ITF,ITF4,16,Puglia
2023-12-19,LIG,2195,1069,1126,2195,ITC,ITC3,7,Liguria
2023-10-27,EMR,4829,2301,2528,4829,ITH,ITH5,8,Emilia-Romagna
2023-12-27,TOS,99,42,57,99,ITI,ITI1,9,Toscana
2023-10-11,CAM,174,95,79,174,ITF,ITF3,15,Campania
2023-12-28,MOL,51,28,23,51,ITF,ITF2,14,Molise
2023-12-20,PUG,2713,1387,1326,2713,ITF,ITF4,16,Puglia
2023-11-11,LOM,5979,2855,3124,5979,ITC,ITC4,3,Lombardia
2023-11-07,SIC,87,49,38,87,ITG,ITG1,19,Sicilia
2023-10-25,CAL,30,16,14,30,ITF,ITF6,18,Calabria
2023-11-23,PUG,1971,966,1005,1971,ITF,ITF4,16,Puglia
2023-12-11,VEN,2375,1200,1175,2375,ITH,ITH3,5,Veneto
2023-11-19,LAZ,57,32,25,57,ITI,ITI4,12,Lazio
2023-12-20,PAT,395,186,209,395,ITH,ITH2,4,Provincia Autonoma Trento
2023-11-08,ABR,167,79,88,167,ITF,ITF1,13,Abruzzo
2023-10-25,SIC,40,25,15,40,ITG,ITG1,19,Sicilia
2023-10-26,MOL,9,4,5,9,ITF,ITF2,14,Molise
2023-10-31,LOM,4696,2145,2551,4696,ITC,ITC4,3,Lombardia
2023-10-24,MOL,36,12,24,36,ITF,ITF2,14,Molise
2023-12-19,CAM,1958,1030,928,1958,ITF,ITF3,15,Campania
2023-10-31,LIG,1056,479,577,1056,ITC,ITC3,7,Liguria
2023-12-21,VDA,15,10,5,15,ITC,ITC2,2,Valle d'Aosta / Vallée d'Aoste
2023-11-13,SIC,37,21,16,37,ITG,ITG1,19,Sicilia
2023-10-18,LAZ,493,254,239,493,ITI,ITI4,12,Lazio
2023-11-14,LOM,10342,4702,5640,10342,ITC,ITC4,3,Lombardia
2023-11-18,CAM,83,40,43,83,ITF,ITF3,15,Campania
2023-12-17,ABR,9,6,3,9,ITF,ITF1,13,Abruzzo
2023-11-22,MAR,43,15,28,43,ITI,ITI3,11,Marche
2023-10-29,PAB,1,0,1,1,ITH,ITH1,4,Provincia Autonoma Bolzano / Bozen
2023-11-30,LIG,1493,728,765,1493,ITC,ITC3,7,Liguria
2023-10-28,PIE,880,440,440,880,ITC,ITC1,1,Piemonte
2023-11-21,MAR,644,314,330,644,ITI,ITI3,11,Marche
2023-11-25,SIC,12,7,5,12,ITG,ITG1,19,Sicilia
2023-12-06,VDA,119,61,58,119,ITC,ITC2,2,Valle d'Aosta / Vallée d'Aoste
2023-10-18,UMB,18,9,9,18,ITI,ITI2,10,Umbria
2023-12-26,CAM,3,1,2,3,ITF,ITF3,15,Campania
2023-11-06,VEN,1510,703,807,1510,ITH,ITH3,5,Veneto
2023-10-19,PAB,802,390,412,802,ITH,ITH1,4,Provincia Autonoma Bolzano / Bozen
2023-12-14,LOM,10988,5309,5679,10988,ITC,ITC4,3,Lombardia
2023-10-24,SAR,191,84,107,191,ITG,ITG2,20,Sardegna
2023-11-20,FVG,1105,561,544,1105,ITH,ITH4,6,Friuli-Venezia Giulia
2023-12-04,UMB,370,176,194,370,ITI,ITI2,10,Umbria
2023-10-10,PIE,95,51,44,95,ITC,ITC1,1,Piemonte
2023-12-10,ABR,36,14,22,36,ITF,ITF1,13,Abruzzo
2023-11-30,PIE,3330,1585,1745,3330,ITC,ITC1,1,Piemonte
2023-10-25,LAZ,991,493,498,991,ITI,ITI4,12,Lazio
2023-10-23,PIE,790,380,410,790,ITC,ITC1,1,Piemonte
2023-12-13,TOS,5113,2409,2704,5113,ITI,ITI1,9,Toscana
2023-11-29,MAR,26,11,15,26,ITI,ITI3,11,Marche
2023-12-14,EMR,6233,3065,3168,6233,ITH,ITH5,8,Emilia-Romagna
2023-12-21,PAT,321,149,172,321,ITH,ITH2,4,Provincia Autonoma Trento
2023-10-21,PIE,339,180,159,339,ITC,ITC1,1,Piemonte
2023-10-24,LOM,9061,4455,4606,9061,ITC,ITC4,3,Lombardia
2023-12-14,VEN,4417,2190,2227,4417,ITH,ITH3,5,Veneto
2023-12-04,LOM,9130,4404,4726,9130,ITC,ITC4,3,Lombardia
2023-10-18,EMR,1504,721,783,1504,ITH,ITH5,8,Emilia-Romagna
2023-12-10,BAS,5,3,2,5,ITF,ITF5,17,Basilicata
2023-11-12,PUG,51,31,20,51,ITF,ITF4,16,Puglia
2023-11-29,VDA,134,66,68,134,ITC,ITC2,2,Valle d'Aosta / Vallée d'Aoste
2023-11-14,MOL,31,19,12,31,ITF,ITF2,14,Molise
2023-11-30,SAR,930,476,454,930,ITG,ITG2,20,Sardegna
2023-12-18,LAZ,3902,1954,1948,3902,ITI,ITI4,12,Lazio
2023-12-04,SAR,755,378,377,755,ITG,ITG2,20,Sardegna
2023-11-08,VEN,2398,1159,1239,2398,ITH,ITH3,5,Veneto
2023-10-28,CAM,77,42,35,77,ITF,ITF3,15,Campania
2023-11-24,CAL,141,91,50,141,ITF,ITF6,18,Calabria
2023-11-28,BAS,145,87,58,145,ITF,ITF5,17,Basilicata
2023-10-26,LOM,9985,4747,5238,9985,ITC,ITC4,3,Lombardia
2023-12-06,CAM,1077,594,483,1077,ITF,ITF3,15,Campania
2023-12-06,PUG,2490,1252,1238,2490,ITF,ITF4,16,Puglia
2023-11-29,SIC,236,124,112,236,ITG,ITG1,19,Sicilia
2023-11-23,BAS,44,28,16,44,ITF,ITF5,17,Basilicata
2023-11-16,LOM,10166,4760,5406,10166,ITC,ITC4,3,Lombardia
2023-12-02,MOL,37,20,17,37,ITF,ITF2,14,Molise
2023-12-22,TOS,361,174,187,361,ITI,ITI1,9,Toscana
2023-12-06,PAT,412,188,224,412,ITH,ITH2,4,Provincia Autonoma Trento
2023-11-01,FVG,23,10,13,23,ITH,ITH4,6,Friuli-Venezia Giulia
2023-11-13,LAZ,1718,900,818,1718,ITI,ITI4,12,Lazio
2023-12-20,MAR,23,12,11,23,ITI,ITI3,11,Marche
2023-10-31,PIE,1546,761,785,1546,ITC,ITC1,1,Piemonte
2023-12-11,FVG,1062,496,566,1062,ITH,ITH4,6,Friuli-Venezia Giulia
2023-10-06,CAM,28,15,13,28,ITF,ITF3,15,Campania
2023-10-22,MAR,54,30,24,54,ITI,ITI3,11,Marche
2023-12-10,PIE,80,36,44,80,ITC,ITC1,1,Piemonte
2023-11-06,EMR,3964,1828,2136,3964,ITH,ITH5,8,Emilia-Romagna
2023-12-23,VEN,1464,800,664,1464,ITH,ITH3,5,Veneto
2023-11-09,VDA,164,80,84,164,ITC,ITC2,2,Valle d'Aosta / Vallée d'Aoste
2023-11-24,PIE,3573,1727,1846,3573,ITC,ITC1,1,Piemonte
2023-10-30,FVG,532,274,258,532,ITH,ITH4,6,Friuli-Venezia Giulia
2023-10-23,ABR,83,44,39,83,ITF,ITF1,13,Abruzzo
2023-12-20,VDA,97,54,43,97,ITC,ITC2,2,Valle d'Aosta / Vallée d'Aoste
2023-11-08,EMR,6975,3276,3699,6975,ITH,ITH5,8,Emilia-Romagna
2023-11-07,TOS,5215,2433,2782,5215,ITI,ITI1,9,Toscana
2023-11-24,SAR,570,293,277,570,ITG,ITG2,20,Sardegna
2023-11-10,SAR,336,163,173,336,ITG,ITG2,20,Sardegna
2023-10-23,CAL,23,14,9,23,ITF,ITF6,18,Calabria
2023-10-14,PIE,43,20,23,43,ITC,ITC1,1,Piemonte
2023-10-03,SAR,6,1,5,6,ITG,ITG2,20,Sardegna
2023-10-14,ABR,11,5,6,11,ITF,ITF1,13,Abruzzo
2023-10-31,MOL,33,13,20,33,ITF,ITF2,14,Molise
2023-10-29,TOS,36,15,21,36,ITI,ITI1,9,Toscana
2023-10-12,VDA,12,6,6,12,ITC,ITC2,2,Valle d'Aosta / Vallée d'Aoste
2023-10-21,CAL,13,9,4,13,ITF,ITF6,18,Calabria
2023-11-18,VDA,80,42,38,80,ITC,ITC2,2,Valle d'Aosta / Vallée d'Aoste
2023-10-02,ABR,2,2,0,2,ITF,ITF1,13,Abruzzo
2023-09-25,ABR,1,0,1,1,ITF,ITF1,13,Abruzzo
2023-11-08,LOM,11381,5215,6166,11381,ITC,ITC4,3,Lombardia
2023-11-02,PIE,1548,750,798,1548,ITC,ITC1,1,Piemonte
2023-11-21,LAZ,2361,1177,1184,2361,ITI,ITI4,12,Lazio
2023-12-12,PUG,2792,1401,1391,2792,ITF,ITF4,16,Puglia
2023-12-08,LAZ,330,168,162,330,ITI,ITI4,12,Lazio
2023-12-01,PAB,266,134,132,266,ITH,ITH1,4,Provincia Autonoma Bolzano / Bozen
2023-10-31,VDA,152,75,77,152,ITC,ITC2,2,Valle d'Aosta / Vallée d'Aoste
2023-11-22,LAZ,2344,1123,1221,2344,ITI,ITI4,12,Lazio
2023-11-13,TOS,3854,1802,2052,3854,ITI,ITI1,9,Toscana
2023-10-31,CAM,124,56,68,124,ITF,ITF3,15,Campania
2023-11-14,VDA,105,49,56,105,ITC,ITC2,2,Valle d'Aosta / Vallée d'Aoste
2023-10-21,VEN,49,21,28,49,ITH,ITH3,5,Veneto
2023-11-05,UMB,137,72,65,137,ITI,ITI2,10,Umbria
2023-12-18,LOM,10271,5071,5200,10271,ITC,ITC4,3,Lombardia
2023-12-13,VDA,104,41,63,104,ITC,ITC2,2,Valle d'Aosta / Vallée d'Aoste
2023-10-31,MAR,600,293,307,600,ITI,ITI3,11,Marche
2023-12-19,MAR,997,496,501,997,ITI,ITI3,11,Marche
2023-10-25,MAR,530,265,265,530,ITI,ITI3,11,Marche
2023-11-13,SAR,354,183,171,354,ITG,ITG2,20,Sardegna
2023-11-03,PAT,357,173,184,357,ITH,ITH2,4,Provincia Autonoma Trento
2023-12-03,SIC,148,77,71,148,ITG,ITG1,19,Sicilia
2023-12-22,UMB,972,496,476,972,ITI,ITI2,10,Umbria
2023-11-03,SIC,61,33,28,61,ITG,ITG1,19,Sicilia
2023-10-21,PUG,221,101,120,221,ITF,ITF4,16,Puglia
2023-11-09,SAR,303,160,143,303,ITG,ITG2,20,Sardegna
2023-12-12,VEN,3108,1524,1584,3108,ITH,ITH3,5,Veneto
2023-11-21,VEN,3059,1481,1578,3059,ITH,ITH3,5,Veneto
2023-12-13,PIE,3107,1460,1647,3107,ITC,ITC1,1,Piemonte
2023-11-03,PUG,1609,832,777,1609,ITF,ITF4,16,Puglia
2023-11-23,MAR,49,21,28,49,ITI,ITI3,11,Marche
2023-10-17,VEN,163,60,103,163,ITH,ITH3,5,Veneto
2023-11-24,BAS,59,31,28,59,ITF,ITF5,17,Basilicata
2023-12-01,TOS,5677,2633,3044,5677,ITI,ITI1,9,Toscana
2023-12-12,SIC,635,342,293,635,ITG,ITG1,19,Sicilia
2023-11-29,CAL,192,115,77,192,ITF,ITF6,18,Calabria
2023-11-22,TOS,6284,2905,3379,6284,ITI,ITI1,9,Toscana
2023-10-12,PIE,105,50,55,105,ITC,ITC1,1,Piemonte
2023-11-05,TOS,192,100,92,192,ITI,ITI1,9,Toscana
2023-10-11,SAR,89,42,47,89,ITG,ITG2,20,Sardegna
2023-11-23,SIC,254,141,113,254,ITG,ITG1,19,Sicilia
2023-10-18,PAB,625,301,324,625,ITH,ITH1,4,Provincia Autonoma Bolzano / Bozen
2023-12-16,PUG,601,306,295,601,ITF,ITF4,16,Puglia
2023-12-02,CAM,159,91,68,159,ITF,ITF3,15,Campania
2023-10-01,LOM,2772,1464,1308,2772,ITC,ITC4,3,Lombardia
2023-12-28,LAZ,1889,934,955,1889,ITI,ITI4,12,Lazio
2023-11-12,LOM,1023,487,536,1023,ITC,ITC4,3,Lombardia
2023-11-26,PIE,56,27,29,56,ITC,ITC1,1,Piemonte
2023-11-23,VEN,3414,1730,1684,3414,ITH,ITH3,5,Veneto
2023-11-18,CAL,34,21,13,34,ITF,ITF6,18,Calabria
2023-11-10,PIE,3357,1627,1730,3357,ITC,ITC1,1,Piemonte
2023-11-20,BAS,5,1,4,5,ITF,ITF5,17,Basilicata
2023-12-16,PAT,1278,607,671,1278,ITH,ITH2,4,Provincia Autonoma Trento
2023-12-19,VDA,44,21,23,44,ITC,ITC2,2,Valle d'Aosta / Vallée d'Aoste
2023-12-22,SAR,599,310,289,599,ITG,ITG2,20,Sardegna
2023-11-06,CAM,335,195,140,335,ITF,ITF3,15,Campania
2023-10-21,PAT,65,35,30,65,ITH,ITH2,4,Provincia Autonoma Trento
2023-12-27,LAZ,1919,967,952,1919,ITI,ITI4,12,Lazio
2023-12-05,TOS,4239,1954,2285,4239,ITI,ITI1,9,Toscana
2023-11-29,LIG,1373,662,711,1373,ITC,ITC3,7,Liguria
2023-10-24,MAR,569,297,272,569,ITI,ITI3,11,Marche
2023-11-30,MAR,14,9,5,14,ITI,ITI3,11,Marche
2023-11-10,BAS,12,6,6,12,ITF,ITF5,17,Basilicata
2023-10-21,SIC,7,3,4,7,ITG,ITG1,19,Sicilia
2023-10-06,VDA,18,10,8,18,ITC,ITC2,2,Valle d'Aosta / Vallée d'Aoste
2023-12-03,CAL,3,2,1,3,ITF,ITF6,18,Calabria
2023-12-02,VDA,6,3,3,6,ITC,ITC2,2,Valle d'Aosta / Vallée d'Aoste
2023-11-25,MAR,10,2,8,10,ITI,ITI3,11,Marche
2023-11-26,BAS,3,2,1,3,ITF,ITF5,17,Basilicata
2023-11-26,VDA,3,0,3,3,ITC,ITC2,2,Valle d'Aosta / Vallée d'Aoste
2023-10-16,LIG,141,43,98,141,ITC,ITC3,7,Liguria
2023-10-26,EMR,4223,2007,2216,4223,ITH,ITH5,8,Emilia-Romagna
2023-12-21,PIE,3770,1875,1895,3770,ITC,ITC1,1,Piemonte
2023-10-20,PUG,757,394,363,757,ITF,ITF4,16,Puglia
2023-12-06,PIE,3040,1439,1601,3040,ITC,ITC1,1,Piemonte
2023-10-04,FVG,43,24,19,43,ITH,ITH4,6,Friuli-Venezia Giulia
2023-10-09,MAR,6,1,5,6,ITI,ITI3,11,Marche
2023-10-14,LOM,8,3,5,8,ITC,ITC4,3,Lombardia
2023-11-16,BAS,37,17,20,37,ITF,ITF5,17,Basilicata
2023-10-27,UMB,390,193,197,390,ITI,ITI2,10,Umbria
2023-10-17,FVG,396,203,193,396,ITH,ITH4,6,Friuli-Venezia Giulia
2023-11-21,CAL,334,189,145,334,ITF,ITF6,18,Calabria
2023-12-16,BAS,144,79,65,144,ITF,ITF5,17,Basilicata
2023-10-20,PAT,344,159,185,344,ITH,ITH2,4,Provincia Autonoma Trento
2023-11-23,UMB,821,397,424,821,ITI,ITI2,10,Umbria
2023-12-01,CAL,158,92,66,158,ITF,ITF6,18,Calabria
2023-12-03,TOS,28,9,19,28,ITI,ITI1,9,Toscana
2023-11-11,FVG,818,383,435,818,ITH,ITH4,6,Friuli-Venezia Giulia
2023-12-01,ABR,232,124,108,232,ITF,ITF1,13,Abruzzo
2023-12-16,ABR,178,89,89,178,ITF,ITF1,13,Abruzzo
2023-11-20,PUG,1158,595,563,1158,ITF,ITF4,16,Puglia
2023-10-21,ABR,36,17,19,36,ITF,ITF1,13,Abruzzo
2023-10-30,LOM,8274,3959,4315,8274,ITC,ITC4,3,Lombardia
2023-11-08,MOL,91,54,37,91,ITF,ITF2,14,Molise
2023-12-09,UMB,157,84,73,157,ITI,ITI2,10,Umbria
2023-10-05,LAZ,47,24,23,47,ITI,ITI4,12,Lazio
2023-10-02,LOM,145,63,82,145,ITC,ITC4,3,Lombardia
2023-10-06,PUG,13,8,5,13,ITF,ITF4,16,Puglia
2023-10-18,MOL,27,14,13,27,ITF,ITF2,14,Molise
2023-10-09,MOL,10,6,4,10,ITF,ITF2,14,Molise
2023-12-10,UMB,2,0,2,2,ITI,ITI2,10,Umbria
2023-12-09,PAB,6,2,4,6,ITH,ITH1,4,Provincia Autonoma Bolzano / Bozen
2023-11-01,ABR,1,0,1,1,ITF,ITF1,13,Abruzzo
2023-12-26,VDA,6,4,2,6,ITC,ITC2,2,Valle d'Aosta / Vallée d'Aoste
2023-09-28,TOS,1,0,1,1,ITI,ITI1,9,Toscana
2023-10-09,SAR,66,32,34,66,ITG,ITG2,20,Sardegna
2023-11-02,VDA,164,72,92,164,ITC,ITC2,2,Valle d'Aosta / Vallée d'Aoste
2023-12-27,VDA,80,38,42,80,ITC,ITC2,2,Valle d'Aosta / Vallée d'Aoste
2023-12-19,LAZ,5378,2509,2869,5378,ITI,ITI4,12,Lazio
2023-11-28,CAM,522,270,252,522,ITF,ITF3,15,Campania
2023-10-24,LIG,854,358,496,854,ITC,ITC3,7,Liguria
2023-11-11,LAZ,990,492,498,990,ITI,ITI4,12,Lazio
2023-10-28,PUG,396,211,185,396,ITF,ITF4,16,Puglia
2023-10-30,MOL,25,12,13,25,ITF,ITF2,14,Molise
2023-11-27,MOL,56,30,26,56,ITF,ITF2,14,Molise
2023-11-07,LOM,10446,4827,5619,10446,ITC,ITC4,3,Lombardia
2023-10-17,EMR,1201,585,616,1201,ITH,ITH5,8,Emilia-Romagna
2023-11-01,EMR,267,113,154,267,ITH,ITH5,8,Emilia-Romagna
2023-12-06,LIG,1608,761,847,1608,ITC,ITC3,7,Liguria
2023-10-28,PAT,47,16,31,47,ITH,ITH2,4,Provincia Autonoma Trento
2023-10-29,PUG,62,39,23,62,ITF,ITF4,16,Puglia
2023-10-20,SAR,120,59,61,120,ITG,ITG2,20,Sardegna
2023-10-23,FVG,332,166,166,332,ITH,ITH4,6,Friuli-Venezia Giulia
2023-12-01,SAR,849,428,421,849,ITG,ITG2,20,Sardegna
2023-11-15,VDA,154,85,69,154,ITC,ITC2,2,Valle d'Aosta / Vallée d'Aoste
2023-10-09,PAB,80,39,41,80,ITH,ITH1,4,Provincia Autonoma Bolzano / Bozen
2023-10-23,PAB,216,99,117,216,ITH,ITH1,4,Provincia Autonoma Bolzano / Bozen
2023-10-17,LOM,4983,2595,2388,4983,ITC,ITC4,3,Lombardia
2023-12-11,CAL,375,200,175,375,ITF,ITF6,18,Calabria
2023-12-15,MOL,115,62,53,115,ITF,ITF2,14,Molise
2023-12-11,PUG,1793,930,863,1793,ITF,ITF4,16,Puglia
2023-11-18,PIE,1255,638,617,1255,ITC,ITC1,1,Piemonte
2023-10-24,CAM,354,199,155,354,ITF,ITF3,15,Campania
2023-11-12,VEN,101,61,40,101,ITH,ITH3,5,Veneto
2023-11-13,EMR,3888,1870,2018,3888,ITH,ITH5,8,Emilia-Romagna
2023-12-20,LOM,11125,5419,5706,11125,ITC,ITC4,3,Lombardia
2023-11-16,SIC,88,47,41,88,ITG,ITG1,19,Sicilia
2023-12-22,VDA,17,7,10,17,ITC,ITC2,2,Valle d'Aosta / Vallée d'Aoste
2023-12-27,MAR,371,199,172,371,ITI,ITI3,11,Marche
2023-11-02,MAR,625,307,318,625,ITI,ITI3,11,Marche
2023-12-20,CAL,525,282,243,525,ITF,ITF6,18,Calabria
2023-12-28,MAR,558,324,234,558,ITI,ITI3,11,Marche
2023-11-24,MAR,805,420,385,805,ITI,ITI3,11,Marche
2023-12-06,PAB,413,217,196,413,ITH,ITH1,4,Provincia Autonoma Bolzano / Bozen
2023-10-24,PIE,1281,628,653,1281,ITC,ITC1,1,Piemonte
2023-11-05,EMR,192,102,90,192,ITH,ITH5,8,Emilia-Romagna
2023-12-07,BAS,177,104,73,177,ITF,ITF5,17,Basilicata
2023-12-26,PIE,97,51,46,97,ITC,ITC1,1,Piemonte
2023-12-02,LAZ,1770,865,905,1770,ITI,ITI4,12,Lazio
2023-10-29,PIE,22,10,12,22,ITC,ITC1,1,Piemonte
2023-12-06,UMB,1064,521,543,1064,ITI,ITI2,10,Umbria
2023-11-02,ABR,136,77,59,136,ITF,ITF1,13,Abruzzo
2023-11-23,EMR,6276,3012,3264,6276,ITH,ITH5,8,Emilia-Romagna
2023-11-09,PIE,2949,1417,1532,2949,ITC,ITC1,1,Piemonte
2023-11-09,TOS,8129,3850,4279,8129,ITI,ITI1,9,Toscana
2023-12-14,ABR,565,292,273,565,ITF,ITF1,13,Abruzzo
2023-12-01,PUG,2263,1136,1127,2263,ITF,ITF4,16,Puglia
2023-11-04,LAZ,726,371,355,726,ITI,ITI4,12,Lazio
2023-12-17,TOS,42,15,27,42,ITI,ITI1,9,Toscana
2023-11-10,VDA,165,76,89,165,ITC,ITC2,2,Valle d'Aosta / Vallée d'Aoste
2023-11-22,CAM,550,302,248,550,ITF,ITF3,15,Campania
2023-10-27,SIC,59,34,25,59,ITG,ITG1,19,Sicilia
2023-11-06,PAT,425,207,218,425,ITH,ITH2,4,Provincia Autonoma Trento
2023-10-10,ABR,68,36,32,68,ITF,ITF1,13,Abruzzo
2023-12-21,UMB,1072,535,537,1072,ITI,ITI2,10,Umbria
2023-10-12,VEN,3,1,2,3,ITH,ITH3,5,Veneto
2023-11-20,MAR,577,308,269,577,ITI,ITI3,11,Marche
2023-12-01,PAT,688,357,331,688,ITH,ITH2,4,Provincia Autonoma Trento
2023-11-13,LOM,8592,4026,4566,8592,ITC,ITC4,3,Lombardia
2023-12-09,PIE,679,327,352,679,ITC,ITC1,1,Piemonte
2023-11-12,PAB,2,2,0,2,ITH,ITH1,4,Provincia Autonoma Bolzano / Bozen
2023-10-03,VEN,1,1,0,1,ITH,ITH3,5,Veneto
2023-12-08,MOL,1,0,1,1,ITF,ITF2,14,Molise
2023-10-06,LIG,61,21,40,61,ITC,ITC3,7,Liguria
2023-12-13,PAB,212,92,120,212,ITH,ITH1,4,Provincia Autonoma Bolzano / Bozen
2023-12-13,MOL,161,88,73,161,ITF,ITF2,14,Molise
2023-11-29,CAM,646,352,294,646,ITF,ITF3,15,Campania
2023-12-27,SAR,271,139,132,271,ITG,ITG2,20,Sardegna
2023-11-20,UMB,374,185,189,374,ITI,ITI2,10,Umbria
2023-12-28,UMB,362,177,185,362,ITI,ITI2,10,Umbria
2023-11-30,TOS,7313,3447,3866,7313,ITI,ITI1,9,Toscana
2023-12-09,MAR,193,98,95,193,ITI,ITI3,11,Marche
2023-12-24,EMR,31,17,14,31,ITH,ITH5,8,Emilia-Romagna
2023-11-20,SAR,401,207,194,401,ITG,ITG2,20,Sardegna
2023-10-24,SIC,78,44,34,78,ITG,ITG1,19,Sicilia
2023-11-17,MAR,43,21,22,43,ITI,ITI3,11,Marche
2023-12-23,VDA,3,2,1,3,ITC,ITC2,2,Valle d'Aosta / Vallée d'Aoste
2023-12-06,LAZ,4716,2244,2472,4716,ITI,ITI4,12,Lazio
2023-10-19,TOS,2347,1117,1230,2347,ITI,ITI1,9,Toscana
2023-11-15,UMB,908,473,435,908,ITI,ITI2,10,Umbria
2023-11-10,PUG,1909,1003,906,1909,ITF,ITF4,16,Puglia
2023-10-16,CAL,17,11,6,17,ITF,ITF6,18,Calabria
2023-10-18,VDA,147,70,77,147,ITC,ITC2,2,Valle d'Aosta / Vallée d'Aoste
2023-12-27,UMB,1685,913,772,1685,ITI,ITI2,10,Umbria
2023-12-13,VEN,3870,1912,1958,3870,ITH,ITH3,5,Veneto
2023-11-04,LOM,5668,2723,2945,5668,ITC,ITC4,3,Lombardia
2023-11-10,PAT,588,270,318,588,ITH,ITH2,4,Provincia Autonoma Trento
2023-12-05,FVG,1081,501,580,1081,ITH,ITH4,6,Friuli-Venezia Giulia
2023-11-17,VDA,162,74,88,162,ITC,ITC2,2,Valle d'Aosta / Vallée d'Aoste
2023-10-20,MOL,35,13,22,35,ITF,ITF2,14,Molise
2023-12-27,VEN,980,486,494,980,ITH,ITH3,5,Veneto
2023-12-28,PIE,1951,967,984,1951,ITC,ITC1,1,Piemonte
2023-10-27,LIG,615,256,359,615,ITC,ITC3,7,Liguria
2023-12-12,MAR,759,381,378,759,ITI,ITI3,11,Marche
2023-11-25,BAS,74,35,39,74,ITF,ITF5,17,Basilicata
2023-10-23,SIC,35,19,16,35,ITG,ITG1,19,Sicilia
2023-10-31,TOS,2468,1107,1361,2468,ITI,ITI1,9,Toscana
2023-11-23,LAZ,2344,1183,1161,2344,ITI,ITI4,12,Lazio
2023-10-03,TOS,132,64,68,132,ITI,ITI1,9,Toscana
2023-10-16,PUG,282,145,137,282,ITF,ITF4,16,Puglia
2023-11-25,ABR,69,31,38,69,ITF,ITF1,13,Abruzzo
2023-11-06,TOS,3925,1898,2027,3925,ITI,ITI1,9,Toscana
2023-12-14,TOS,6976,3283,3693,6976,ITI,ITI1,9,Toscana
2023-11-23,TOS,8116,3835,4281,8116,ITI,ITI1,9,Toscana
2023-11-01,UMB,15,8,7,15,ITI,ITI2,10,Umbria
2023-12-20,VEN,3760,1810,1950,3760,ITH,ITH3,5,Veneto
2023-12-11,MOL,154,91,63,154,ITF,ITF2,14,Molise
2023-12-09,LAZ,960,470,490,960,ITI,ITI4,12,Lazio
2023-12-18,UMB,294,143,151,294,ITI,ITI2,10,Umbria
2023-12-13,SAR,1176,615,561,1176,ITG,ITG2,20,Sardegna
2023-10-24,LAZ,1006,518,488,1006,ITI,ITI4,12,Lazio
2023-11-07,CAL,114,68,46,114,ITF,ITF6,18,Calabria
2023-11-20,MOL,91,54,37,91,ITF,ITF2,14,Molise
2023-11-20,VEN,2317,1161,1156,2317,ITH,ITH3,5,Veneto
2023-12-13,UMB,957,467,490,957,ITI,ITI2,10,Umbria
2023-12-22,EMR,3315,1716,1599,3315,ITH,ITH5,8,Emilia-Romagna
2023-11-15,PAB,575,290,285,575,ITH,ITH1,4,Provincia Autonoma Bolzano / Bozen
2023-10-25,ABR,168,78,90,168,ITF,ITF1,13,Abruzzo
2023-11-14,FVG,1416,716,700,1416,ITH,ITH4,6,Friuli-Venezia Giulia
2023-12-08,EMR,146,59,87,146,ITH,ITH5,8,Emilia-Romagna
2023-11-04,EMR,2909,1418,1491,2909,ITH,ITH5,8,Emilia-Romagna
2023-12-28,LOM,5142,2449,2693,5142,ITC,ITC4,3,Lombardia
2023-11-07,VEN,1920,852,1068,1920,ITH,ITH3,5,Veneto
2023-11-10,TOS,6792,3211,3581,6792,ITI,ITI1,9,Toscana
2023-11-03,MAR,827,428,399,827,ITI,ITI3,11,Marche
2023-10-13,LOM,521,203,318,521,ITC,ITC4,3,Lombardia
2023-12-16,MOL,361,184,177,361,ITF,ITF2,14,Molise
2023-09-29,VDA,6,2,4,6,ITC,ITC2,2,Valle d'Aosta / Vallée d'Aoste
2023-12-06,SIC,433,237,196,433,ITG,ITG1,19,Sicilia
2023-11-02,PAT,515,259,256,515,ITH,ITH2,4,Provincia Autonoma Trento
2023-11-26,VEN,12,7,5,12,ITH,ITH3,5,Veneto
2023-10-16,PIE,189,110,79,189,ITC,ITC1,1,Piemonte
2023-12-21,SIC,1143,610,533,1143,ITG,ITG1,19,Sicilia
2023-12-20,SAR,1096,552,544,1096,ITG,ITG2,20,Sardegna
2023-12-18,EMR,3465,1734,1731,3465,ITH,ITH5,8,Emilia-Romagna
2023-12-04,VDA,15,6,9,15,ITC,ITC2,2,Valle d'Aosta / Vallée d'Aoste
2023-12-18,MOL,201,108,93,201,ITF,ITF2,14,Molise
2023-12-07,EMR,3549,1675,1874,3549,ITH,ITH5,8,Emilia-Romagna
2023-11-16,LIG,1034,517,517,1034,ITC,ITC3,7,Liguria
2023-12-07,VEN,2974,1447,1527,2974,ITH,ITH3,5,Veneto
2023-11-15,LIG,1036,523,513,1036,ITC,ITC3,7,Liguria
2023-12-07,SAR,928,489,439,928,ITG,ITG2,20,Sardegna
2023-11-26,UMB,10,3,7,10,ITI,ITI2,10,Umbria
2023-10-09,TOS,490,257,233,490,ITI,ITI1,9,Toscana
2023-11-01,LIG,81,9,72,81,ITC,ITC3,7,Liguria
2023-11-22,MOL,94,56,38,94,ITF,ITF2,14,Molise
2023-12-01,MOL,126,74,52,126,ITF,ITF2,14,Molise
2023-12-25,CAL,1,1,0,1,ITF,ITF6,18,Calabria
2023-12-25,PUG,4,1,3,4,ITF,ITF4,16,Puglia
2023-12-27,PAB,50,29,21,50,ITH,ITH1,4,Provincia Autonoma Bolzano / Bozen
2023-10-15,PAB,8,4,4,8,ITH,ITH1,4,Provincia Autonoma Bolzano / Bozen
2023-12-22,PAB,25,13,12,25,ITH,ITH1,4,Provincia Autonoma Bolzano / Bozen
2023-10-22,PIE,8,3,5,8,ITC,ITC1,1,Piemonte
2023-12-28,PAB,6,2,4,6,ITH,ITH1,4,Provincia Autonoma Bolzano / Bozen
2023-10-22,CAM,3,1,2,3,ITF,ITF3,15,Campania
2023-11-26,PAB,1,1,0,1,ITH,ITH1,4,Provincia Autonoma Bolzano / Bozen
