data,area,totale,m,f,d,N1,N2,ISTAT,reg
2024-10-18,ABR,57,36,21,57,ITF,ITF1,13,Abruzzo
2024-10-21,ABR,82,47,35,82,ITF,ITF1,13,Abruzzo
2024-10-24,ABR,107,58,49,107,ITF,ITF1,13,Abruzzo
2024-10-27,ABR,25,14,11,25,ITF,ITF1,13,Abruzzo
2024-10-01,CAM,4,3,1,4,ITF,ITF3,15,Campania
2024-10-04,CAM,8,4,4,8,ITF,ITF3,15,Campania
2024-10-07,CAM,17,11,6,17,ITF,ITF3,15,Campania
2024-10-30,CAM,92,55,37,92,ITF,ITF3,15,Campania
2024-11-02,CAM,16,11,5,16,ITF,ITF3,15,Campania
2024-11-05,CAM,91,57,34,91,ITF,ITF3,15,Campania
2024-11-08,CAM,107,61,46,107,ITF,ITF3,15,Campania
2024-10-01,EMR,12,6,6,12,ITH,ITH5,8,Emilia-Romagna
2024-10-04,EMR,75,22,53,75,ITH,ITH5,8,Emilia-Romagna
2024-10-27,EMR,309,135,174,309,ITH,ITH5,8,Emilia-Romagna
2024-10-30,EMR,4549,2149,2400,4549,ITH,ITH5,8,Emilia-Romagna
2024-11-02,EMR,421,210,211,421,ITH,ITH5,8,Emilia-Romagna
2024-11-05,EMR,3836,1813,2023,3836,ITH,ITH5,8,Emilia-Romagna
2024-10-30,FVG,202,96,106,202,ITH,ITH4,6,Friuli-Venezia Giulia
2024-11-02,FVG,19,12,7,19,ITH,ITH4,6,Friuli-Venezia Giulia
2024-11-05,FVG,462,213,249,462,ITH,ITH4,6,Friuli-Venezia Giulia
2024-11-08,FVG,457,231,226,457,ITH,ITH4,6,Friuli-Venezia Giulia
2024-10-07,LAZ,106,51,55,106,ITI,ITI4,12,Lazio
2024-10-10,LAZ,215,100,115,215,ITI,ITI4,12,Lazio
2024-10-13,LAZ,11,6,5,11,ITI,ITI4,12,Lazio
2024-10-16,LAZ,550,276,274,550,ITI,ITI4,12,Lazio
2024-11-08,LAZ,1430,682,748,1430,ITI,ITI4,12,Lazio
2024-11-11,LAZ,959,461,498,959,ITI,ITI4,12,Lazio
2024-11-14,LAZ,1282,617,665,1282,ITI,ITI4,12,Lazio
2024-10-10,LIG,38,16,22,38,ITC,ITC3,7,Liguria
2024-10-16,LIG,364,192,172,364,ITC,ITC3,7,Liguria
2024-10-19,LIG,79,37,42,79,ITC,ITC3,7,Liguria
2024-11-08,LIG,421,197,224,421,ITC,ITC3,7,Liguria
2024-11-11,LIG,361,176,185,361,ITC,ITC3,7,Liguria
2024-11-14,LIG,426,188,238,426,ITC,ITC3,7,Liguria
2024-09-30,LOM,104,59,45,104,ITC,ITC4,3,Lombardia
2024-10-03,LOM,149,71,78,149,ITC,ITC4,3,Lombardia
2024-10-06,LOM,806,365,441,806,ITC,ITC4,3,Lombardia
2024-10-09,LOM,841,381,460,841,ITC,ITC4,3,Lombardia
2024-10-25,MAR,498,253,245,498,ITI,ITI3,11,Marche
2024-10-28,MAR,317,164,153,317,ITI,ITI3,11,Marche
2024-10-31,MAR,234,121,113,234,ITI,ITI3,11,Marche
2024-11-03,MAR,1,1,0,1,ITI,ITI3,11,Marche
2024-10-25,MOL,39,19,20,39,ITF,ITF2,14,Molise
2024-10-28,MOL,29,12,17,29,ITF,ITF2,14,Molise
2024-10-24,PAB,583,304,279,583,ITH,ITH1,4,Provincia Autonoma Bolzano / Bozen
2024-10-30,PAB,12,4,8,12,ITH,ITH1,4,Provincia Autonoma Bolzano / Bozen
2024-11-02,PAB,6,3,3,6,ITH,ITH1,4,Provincia Autonoma Bolzano / Bozen
2024-10-16,PAT,303,163,140,303,ITH,ITH2,4,Provincia Autonoma Trento
2024-10-19,PAT,35,17,18,35,ITH,ITH2,4,Provincia Autonoma Trento
2024-10-22,PAT,372,159,213,372,ITH,ITH2,4,Provincia Autonoma Trento
2024-10-25,PAT,399,199,200,399,ITH,ITH2,4,Provincia Autonoma Trento
2024-10-21,PIE,564,267,297,564,ITC,ITC1,1,Piemonte
2024-10-24,PIE,1123,571,552,1123,ITC,ITC1,1,Piemonte
2024-10-27,PIE,14,6,8,14,ITC,ITC1,1,Piemonte
2024-10-30,PIE,1234,560,674,1234,ITC,ITC1,1,Piemonte
2024-09-20,PUG,6,3,3,6,ITF,ITF4,16,Puglia
2024-09-23,PUG,5,1,4,5,ITF,ITF4,16,Puglia
2024-10-16,PUG,245,137,108,245,ITF,ITF4,16,Puglia
2024-10-19,PUG,33,12,21,33,ITF,ITF4,16,Puglia
2024-10-22,PUG,345,180,165,345,ITF,ITF4,16,Puglia
2024-10-25,PUG,306,162,144,306,ITF,ITF4,16,Puglia
2024-11-14,PUG,180,97,83,180,ITF,ITF4,16,Puglia
2024-10-01,SAR,7,4,3,7,ITG,ITG2,20,Sardegna
2024-10-04,SAR,9,5,4,9,ITG,ITG2,20,Sardegna
2024-10-07,SAR,21,9,12,21,ITG,ITG2,20,Sardegna
2024-10-10,SAR,28,16,12,28,ITG,ITG2,20,Sardegna
2024-10-30,SAR,110,55,55,110,ITG,ITG2,20,Sardegna
2024-10-07,ABR,7,3,4,7,ITF,ITF1,13,Abruzzo
2024-10-10,ABR,47,33,14,47,ITF,ITF1,13,Abruzzo
2024-10-30,ABR,134,79,55,134,ITF,ITF1,13,Abruzzo
2024-11-02,ABR,16,8,8,16,ITF,ITF1,13,Abruzzo
2024-11-05,ABR,255,138,117,255,ITF,ITF1,13,Abruzzo
2024-11-08,ABR,158,78,80,158,ITF,ITF1,13,Abruzzo
2024-10-05,CAM,2,1,1,2,ITF,ITF3,15,Campania
2024-10-08,CAM,16,11,5,16,ITF,ITF3,15,Campania
2024-10-11,CAM,25,15,10,25,ITF,ITF3,15,Campania
2024-11-03,CAM,5,2,3,5,ITF,ITF3,15,Campania
2024-11-06,CAM,78,45,33,78,ITF,ITF3,15,Campania
2024-11-09,CAM,61,33,28,61,ITF,ITF3,15,Campania
2024-11-12,CAM,75,42,33,75,ITF,ITF3,15,Campania
2024-09-29,EMR,1,1,0,1,ITH,ITH5,8,Emilia-Romagna
2024-10-02,EMR,7,3,4,7,ITH,ITH5,8,Emilia-Romagna
2024-10-08,EMR,986,500,486,986,ITH,ITH5,8,Emilia-Romagna
2024-10-31,EMR,2916,1355,1561,2916,ITH,ITH5,8,Emilia-Romagna
2024-11-03,EMR,267,130,137,267,ITH,ITH5,8,Emilia-Romagna
2024-11-06,EMR,4650,2206,2444,4650,ITH,ITH5,8,Emilia-Romagna
2024-11-09,EMR,1908,928,980,1908,ITH,ITH5,8,Emilia-Romagna
2024-10-26,FVG,10,4,6,10,ITH,ITH4,6,Friuli-Venezia Giulia
2024-10-29,FVG,154,79,75,154,ITH,ITH4,6,Friuli-Venezia Giulia
2024-11-04,FVG,170,85,85,170,ITH,ITH4,6,Friuli-Venezia Giulia
2024-10-01,LAZ,8,3,5,8,ITI,ITI4,12,Lazio
2024-10-04,LAZ,58,34,24,58,ITI,ITI4,12,Lazio
2024-10-27,LAZ,53,24,29,53,ITI,ITI4,12,Lazio
2024-10-30,LAZ,259,99,160,259,ITI,ITI4,12,Lazio
2024-11-02,LAZ,109,52,57,109,ITI,ITI4,12,Lazio
2024-11-05,LAZ,1462,681,781,1462,ITI,ITI4,12,Lazio
2024-09-23,LIG,5,4,1,5,ITC,ITC3,7,Liguria
2024-09-26,LIG,4,1,3,4,ITC,ITC3,7,Liguria
2024-10-22,LIG,565,283,282,565,ITC,ITC3,7,Liguria
2024-10-25,LIG,282,136,146,282,ITC,ITC3,7,Liguria
2024-10-28,LIG,355,175,180,355,ITC,ITC3,7,Liguria
2024-09-26,LOM,72,40,32,72,ITC,ITC4,3,Lombardia
2024-09-29,LOM,12,9,3,12,ITC,ITC4,3,Lombardia
2024-10-02,LOM,162,71,91,162,ITC,ITC4,3,Lombardia
2024-10-05,LOM,1477,716,761,1477,ITC,ITC4,3,Lombardia
2024-10-17,MAR,137,64,73,137,ITI,ITI3,11,Marche
2024-11-06,MAR,547,252,295,547,ITI,ITI3,11,Marche
2024-11-09,MAR,307,156,151,307,ITI,ITI3,11,Marche
2024-11-12,MAR,271,133,138,271,ITI,ITI3,11,Marche
2024-10-31,MOL,25,13,12,25,ITF,ITF2,14,Molise
2024-11-06,MOL,10,4,6,10,ITF,ITF2,14,Molise
2024-10-28,PAB,154,73,81,154,ITH,ITH1,4,Provincia Autonoma Bolzano / Bozen
2024-10-31,PAB,422,212,210,422,ITH,ITH1,4,Provincia Autonoma Bolzano / Bozen
2024-11-06,PAB,454,229,225,454,ITH,ITH1,4,Provincia Autonoma Bolzano / Bozen
2024-10-07,PAT,33,15,18,33,ITH,ITH2,4,Provincia Autonoma Trento
2024-10-10,PAT,8,4,4,8,ITH,ITH2,4,Provincia Autonoma Trento
2024-11-05,PAT,111,53,58,111,ITH,ITH2,4,Provincia Autonoma Trento
2024-11-08,PAT,494,242,252,494,ITH,ITH2,4,Provincia Autonoma Trento
2024-11-11,PAT,195,90,105,195,ITH,ITH2,4,Provincia Autonoma Trento
2024-11-14,PAT,366,173,193,366,ITH,ITH2,4,Provincia Autonoma Trento
2024-10-17,PIE,482,236,246,482,ITC,ITC1,1,Piemonte
2024-10-20,PIE,6,2,4,6,ITC,ITC1,1,Piemonte
2024-10-23,PIE,1204,554,650,1204,ITC,ITC1,1,Piemonte
2024-10-26,PIE,611,289,322,611,ITC,ITC1,1,Piemonte
2024-10-04,PUG,19,11,8,19,ITF,ITF4,16,Puglia
2024-10-07,PUG,13,11,2,13,ITF,ITF4,16,Puglia
2024-10-10,PUG,93,60,33,93,ITF,ITF4,16,Puglia
2024-11-02,PUG,27,11,16,27,ITF,ITF4,16,Puglia
2024-11-05,PUG,657,354,303,657,ITF,ITF4,16,Puglia
2024-11-08,PUG,554,284,270,554,ITF,ITF4,16,Puglia
2024-11-11,PUG,462,214,248,462,ITF,ITF4,16,Puglia
2024-10-08,SAR,16,8,8,16,ITG,ITG2,20,Sardegna
2024-10-11,SAR,19,9,10,19,ITG,ITG2,20,Sardegna
2024-10-14,SAR,37,23,14,37,ITG,ITG2,20,Sardegna
2024-10-22,ABR,128,67,61,128,ITF,ITF1,13,Abruzzo
2024-10-25,ABR,133,69,64,133,ITF,ITF1,13,Abruzzo
2024-10-28,ABR,126,62,64,126,ITF,ITF1,13,Abruzzo
2024-10-31,ABR,152,77,75,152,ITF,ITF1,13,Abruzzo
2024-09-27,CAM,5,3,2,5,ITF,ITF3,15,Campania
2024-09-30,CAM,6,4,2,6,ITF,ITF3,15,Campania
2024-10-03,CAM,6,5,1,6,ITF,ITF3,15,Campania
2024-10-29,CAM,98,53,45,98,ITF,ITF3,15,Campania
2024-11-04,CAM,92,50,42,92,ITF,ITF3,15,Campania
2024-09-24,EMR,2,1,1,2,ITH,ITH5,8,Emilia-Romagna
2024-09-27,EMR,49,24,25,49,ITH,ITH5,8,Emilia-Romagna
2024-09-30,EMR,6,2,4,6,ITH,ITH5,8,Emilia-Romagna
2024-10-23,EMR,4165,1988,2177,4165,ITH,ITH5,8,Emilia-Romagna
2024-10-26,EMR,1551,748,803,1551,ITH,ITH5,8,Emilia-Romagna
2024-10-29,EMR,4639,2195,2444,4639,ITH,ITH5,8,Emilia-Romagna
2024-11-01,EMR,211,97,114,211,ITH,ITH5,8,Emilia-Romagna
2024-10-08,FVG,24,7,17,24,ITH,ITH4,6,Friuli-Venezia Giulia
2024-10-11,FVG,1,1,0,1,ITH,ITH4,6,Friuli-Venezia Giulia
2024-10-14,FVG,9,5,4,9,ITH,ITH4,6,Friuli-Venezia Giulia
2024-11-06,FVG,535,265,270,535,ITH,ITH4,6,Friuli-Venezia Giulia
2024-11-09,FVG,248,119,129,248,ITH,ITH4,6,Friuli-Venezia Giulia
2024-11-12,FVG,542,251,291,542,ITH,ITH4,6,Friuli-Venezia Giulia
2024-10-03,LAZ,28,18,10,28,ITI,ITI4,12,Lazio
2024-10-09,LAZ,175,83,92,175,ITI,ITI4,12,Lazio
2024-10-12,LAZ,136,70,66,136,ITI,ITI4,12,Lazio
2024-11-04,LAZ,1006,441,565,1006,ITI,ITI4,12,Lazio
2024-11-07,LAZ,1538,718,820,1538,ITI,ITI4,12,Lazio
2024-11-10,LAZ,49,20,29,49,ITI,ITI4,12,Lazio
2024-11-13,LAZ,1532,728,804,1532,ITI,ITI4,12,Lazio
2024-10-14,LIG,178,92,86,178,ITC,ITC3,7,Liguria
2024-10-17,LIG,381,208,173,381,ITC,ITC3,7,Liguria
2024-11-12,LIG,699,355,344,699,ITC,ITC3,7,Liguria
2024-10-04,LOM,312,135,177,312,ITC,ITC4,3,Lombardia
2024-10-07,LOM,477,236,241,477,ITC,ITC4,3,Lombardia
2024-10-10,LOM,912,383,529,912,ITC,ITC4,3,Lombardia
2024-10-13,LOM,77,36,41,77,ITC,ITC4,3,Lombardia
2024-10-03,MAR,7,3,4,7,ITI,ITI3,11,Marche
2024-10-29,MAR,375,193,182,375,ITI,ITI3,11,Marche
2024-11-01,MAR,15,9,6,15,ITI,ITI3,11,Marche
2024-11-04,MAR,221,108,113,221,ITI,ITI3,11,Marche
2024-11-07,MAR,697,320,377,697,ITI,ITI3,11,Marche
2024-10-23,MOL,3,2,1,3,ITF,ITF2,14,Molise
2024-10-29,MOL,17,11,6,17,ITF,ITF2,14,Molise
2024-10-20,PAB,1,0,1,1,ITH,ITH1,4,Provincia Autonoma Bolzano / Bozen
2024-10-23,PAB,408,207,201,408,ITH,ITH1,4,Provincia Autonoma Bolzano / Bozen
2024-10-29,PAB,23,9,14,23,ITH,ITH1,4,Provincia Autonoma Bolzano / Bozen
2024-10-15,PAT,230,133,97,230,ITH,ITH2,4,Provincia Autonoma Trento
2024-10-18,PAT,448,210,238,448,ITH,ITH2,4,Provincia Autonoma Trento
2024-10-21,PAT,228,120,108,228,ITH,ITH2,4,Provincia Autonoma Trento
2024-11-13,PAT,372,180,192,372,ITH,ITH2,4,Provincia Autonoma Trento
2024-10-25,PIE,1706,839,867,1706,ITC,ITC1,1,Piemonte
2024-10-28,PIE,886,429,457,886,ITC,ITC1,1,Piemonte
2024-10-31,PIE,1629,751,878,1629,ITC,ITC1,1,Piemonte
2024-11-03,PIE,70,31,39,70,ITC,ITC1,1,Piemonte
2024-09-19,PUG,7,3,4,7,ITF,ITF4,16,Puglia
2024-10-12,PUG,34,15,19,34,ITF,ITF4,16,Puglia
2024-10-15,PUG,245,128,117,245,ITF,ITF4,16,Puglia
2024-10-18,PUG,260,133,127,260,ITF,ITF4,16,Puglia
2024-10-21,PUG,260,133,127,260,ITF,ITF4,16,Puglia
2024-11-10,PUG,33,16,17,33,ITF,ITF4,16,Puglia
2024-11-13,PUG,557,290,267,557,ITF,ITF4,16,Puglia
2024-09-27,SAR,4,3,1,4,ITG,ITG2,20,Sardegna
2024-09-30,SAR,10,7,3,10,ITG,ITG2,20,Sardegna
2024-10-03,SAR,3,1,2,3,ITG,ITG2,20,Sardegna
2024-10-29,SAR,136,77,59,136,ITG,ITG2,20,Sardegna
2024-11-04,SAR,134,65,69,134,ITG,ITG2,20,Sardegna
2024-10-15,SIC,14,9,5,14,ITG,ITG1,19,Sicilia
2024-10-08,ABR,8,2,6,8,ITF,ITF1,13,Abruzzo
2024-10-11,ABR,40,25,15,40,ITF,ITF1,13,Abruzzo
2024-11-03,ABR,22,10,12,22,ITF,ITF1,13,Abruzzo
2024-11-06,ABR,214,110,104,214,ITF,ITF1,13,Abruzzo
2024-11-09,ABR,8,5,3,8,ITF,ITF1,13,Abruzzo
2024-09-18,CAM,2,0,2,2,ITF,ITF3,15,Campania
2024-10-14,CAM,34,22,12,34,ITF,ITF3,15,Campania
2024-10-17,CAM,63,34,29,63,ITF,ITF3,15,Campania
2024-10-23,CAM,58,35,23,58,ITF,ITF3,15,Campania
2024-10-11,EMR,1143,524,619,1143,ITH,ITH5,8,Emilia-Romagna
2024-10-14,EMR,1462,680,782,1462,ITH,ITH5,8,Emilia-Romagna
2024-10-17,EMR,3114,1497,1617,3114,ITH,ITH5,8,Emilia-Romagna
2024-10-20,EMR,212,102,110,212,ITH,ITH5,8,Emilia-Romagna
2024-11-12,EMR,3461,1685,1776,3461,ITH,ITH5,8,Emilia-Romagna
2024-10-17,FVG,70,40,30,70,ITH,ITH4,6,Friuli-Venezia Giulia
2024-10-23,FVG,133,60,73,133,ITH,ITH4,6,Friuli-Venezia Giulia
2024-09-27,LAZ,6,2,4,6,ITI,ITI4,12,Lazio
2024-09-30,LAZ,23,15,8,23,ITI,ITI4,12,Lazio
2024-10-23,LAZ,1430,722,708,1430,ITI,ITI4,12,Lazio
2024-10-26,LAZ,559,273,286,559,ITI,ITI4,12,Lazio
2024-10-29,LAZ,1428,719,709,1428,ITI,ITI4,12,Lazio
2024-11-01,LAZ,20,8,12,20,ITI,ITI4,12,Lazio
2024-09-24,LIG,8,4,4,8,ITC,ITC3,7,Liguria
2024-09-27,LIG,16,11,5,16,ITC,ITC3,7,Liguria
2024-09-30,LIG,42,24,18,42,ITC,ITC3,7,Liguria
2024-10-03,LIG,35,21,14,35,ITC,ITC3,7,Liguria
2024-10-23,LIG,484,251,233,484,ITC,ITC3,7,Liguria
2024-10-26,LIG,68,33,35,68,ITC,ITC3,7,Liguria
2024-10-29,LIG,621,318,303,621,ITC,ITC3,7,Liguria
2024-09-20,LOM,21,10,11,21,ITC,ITC4,3,Lombardia
2024-09-23,LOM,11,5,6,11,ITC,ITC4,3,Lombardia
2024-10-16,LOM,2975,1304,1671,2975,ITC,ITC4,3,Lombardia
2024-10-19,LOM,1511,703,808,1511,ITC,ITC4,3,Lombardia
2024-10-15,MAR,40,19,21,40,ITI,ITI3,11,Marche
2024-10-18,MAR,200,96,104,200,ITI,ITI3,11,Marche
2024-11-10,MAR,33,12,21,33,ITI,ITI3,11,Marche
2024-11-13,MAR,537,263,274,537,ITI,ITI3,11,Marche
2024-10-03,MOL,10,6,4,10,ITF,ITF2,14,Molise
2024-11-04,MOL,19,7,12,19,ITF,ITF2,14,Molise
2024-11-07,MOL,5,3,2,5,ITF,ITF2,14,Molise
2024-10-14,PAB,5,4,1,5,ITH,ITH1,4,Provincia Autonoma Bolzano / Bozen
2024-10-17,PAB,387,201,186,387,ITH,ITH1,4,Provincia Autonoma Bolzano / Bozen
2024-11-09,PAB,1,1,0,1,ITH,ITH1,4,Provincia Autonoma Bolzano / Bozen
2024-11-12,PAB,383,180,203,383,ITH,ITH1,4,Provincia Autonoma Bolzano / Bozen
2024-10-03,PAT,21,13,8,21,ITH,ITH2,4,Provincia Autonoma Trento
2024-10-09,PAT,40,20,20,40,ITH,ITH2,4,Provincia Autonoma Trento
2024-11-04,PAT,240,117,123,240,ITH,ITH2,4,Provincia Autonoma Trento
2024-11-07,PAT,68,23,45,68,ITH,ITH2,4,Provincia Autonoma Trento
2024-11-10,PAT,8,4,4,8,ITH,ITH2,4,Provincia Autonoma Trento
2024-10-11,PIE,165,73,92,165,ITC,ITC1,1,Piemonte
2024-10-14,PIE,209,109,100,209,ITC,ITC1,1,Piemonte
2024-11-06,PIE,1244,550,694,1244,ITC,ITC1,1,Piemonte
2024-11-09,PIE,548,264,284,548,ITC,ITC1,1,Piemonte
2024-11-12,PIE,1317,613,704,1317,ITC,ITC1,1,Piemonte
2024-09-30,PUG,6,4,2,6,ITF,ITF4,16,Puglia
2024-10-03,PUG,10,7,3,10,ITF,ITF4,16,Puglia
2024-10-09,PUG,56,40,16,56,ITF,ITF4,16,Puglia
2024-10-29,PUG,579,309,270,579,ITF,ITF4,16,Puglia
2024-11-01,PUG,1,0,1,1,ITF,ITF4,16,Puglia
2024-11-04,PUG,299,158,141,299,ITF,ITF4,16,Puglia
2024-11-07,PUG,553,272,281,553,ITF,ITF4,16,Puglia
2024-10-17,SAR,78,31,47,78,ITG,ITG2,20,Sardegna
2024-10-23,SAR,87,46,41,87,ITG,ITG2,20,Sardegna
2024-10-01,SIC,1,0,1,1,ITG,ITG1,19,Sicilia
2024-10-30,SIC,2,1,1,2,ITG,ITG1,19,Sicilia
2024-11-02,SIC,13,9,4,13,ITG,ITG1,19,Sicilia
2024-09-30,TOS,4,1,3,4,ITI,ITI1,9,Toscana
2024-11-06,SAR,334,165,169,334,ITG,ITG2,20,Sardegna
2024-11-12,SAR,391,188,203,391,ITG,ITG2,20,Sardegna
2024-09-30,SIC,4,1,3,4,ITG,ITG1,19,Sicilia
2024-10-29,SIC,31,17,14,31,ITG,ITG1,19,Sicilia
2024-10-02,TOS,30,8,22,30,ITI,ITI1,9,Toscana
2024-10-05,TOS,4,3,1,4,ITI,ITI1,9,Toscana
2024-10-25,TOS,2470,1144,1326,2470,ITI,ITI1,9,Toscana
2024-10-28,TOS,1867,877,990,1867,ITI,ITI1,9,Toscana
2024-10-31,TOS,2172,992,1180,2172,ITI,ITI1,9,Toscana
2024-11-03,TOS,2,0,2,2,ITI,ITI1,9,Toscana
2024-10-15,UMB,3,2,1,3,ITI,ITI2,10,Umbria
2024-10-18,UMB,9,6,3,9,ITI,ITI2,10,Umbria
2024-10-24,UMB,49,23,26,49,ITI,ITI2,10,Umbria
2024-10-05,VDA,1,0,1,1,ITC,ITC2,2,Valle d'Aosta / Vallée d'Aoste
2024-10-28,VDA,47,22,25,47,ITC,ITC2,2,Valle d'Aosta / Vallée d'Aoste
2024-10-31,VDA,58,24,34,58,ITC,ITC2,2,Valle d'Aosta / Vallée d'Aoste
2024-11-03,VDA,4,1,3,4,ITC,ITC2,2,Valle d'Aosta / Vallée d'Aoste
2024-10-03,TOS,59,12,47,59,ITI,ITI1,9,Toscana
2024-10-09,TOS,240,110,130,240,ITI,ITI1,9,Toscana
2024-10-29,TOS,2401,1105,1296,2401,ITI,ITI1,9,Toscana
2024-11-01,TOS,58,25,33,58,ITI,ITI1,9,Toscana
2024-11-04,TOS,1665,794,871,1665,ITI,ITI1,9,Toscana
2024-11-07,TOS,2941,1369,1572,2941,ITI,ITI1,9,Toscana
2024-10-19,UMB,3,0,3,3,ITI,ITI2,10,Umbria
2024-10-22,UMB,15,8,7,15,ITI,ITI2,10,Umbria
2024-10-25,UMB,26,12,14,26,ITI,ITI2,10,Umbria
2024-10-28,UMB,7,3,4,7,ITI,ITI2,10,Umbria
2024-10-16,VDA,201,100,101,201,ITC,ITC2,2,Valle d'Aosta / Vallée d'Aoste
2024-10-19,VDA,28,12,16,28,ITC,ITC2,2,Valle d'Aosta / Vallée d'Aoste
2024-10-22,VDA,79,36,43,79,ITC,ITC2,2,Valle d'Aosta / Vallée d'Aoste
2024-10-25,VDA,75,31,44,75,ITC,ITC2,2,Valle d'Aosta / Vallée d'Aoste
2024-11-14,VDA,76,34,42,76,ITC,ITC2,2,Valle d'Aosta / Vallée d'Aoste
2024-10-18,SIC,14,8,6,14,ITG,ITG1,19,Sicilia
2024-11-13,SIC,18,9,9,18,ITG,ITG1,19,Sicilia
2024-09-21,TOS,8,3,5,8,ITI,ITI1,9,Toscana
2024-09-27,TOS,1,0,1,1,ITI,ITI1,9,Toscana
2024-10-20,TOS,40,16,24,40,ITI,ITI1,9,Toscana
2024-10-23,TOS,2092,1012,1080,2092,ITI,ITI1,9,Toscana
2024-10-26,TOS,680,310,370,680,ITI,ITI1,9,Toscana
2024-10-16,UMB,7,3,4,7,ITI,ITI2,10,Umbria
2024-11-08,UMB,13,9,4,13,ITI,ITI2,10,Umbria
2024-11-11,UMB,15,5,10,15,ITI,ITI2,10,Umbria
2024-11-14,UMB,42,27,15,42,ITI,ITI2,10,Umbria
2024-10-10,VDA,27,11,16,27,ITC,ITC2,2,Valle d'Aosta / Vallée d'Aoste
2024-11-02,VDA,6,2,4,6,ITC,ITC2,2,Valle d'Aosta / Vallée d'Aoste
2024-11-05,VDA,56,25,31,56,ITC,ITC2,2,Valle d'Aosta / Vallée d'Aoste
2024-11-08,VDA,112,57,55,112,ITC,ITC2,2,Valle d'Aosta / Vallée d'Aoste
2024-11-11,VDA,54,31,23,54,ITC,ITC2,2,Valle d'Aosta / Vallée d'Aoste
2024-09-30,ABR,1,0,1,1,ITF,ITF1,13,Abruzzo
2024-10-03,ABR,2,1,1,2,ITF,ITF1,13,Abruzzo
2024-10-26,ABR,6,2,4,6,ITF,ITF1,13,Abruzzo
2024-10-29,ABR,150,71,79,150,ITF,ITF1,13,Abruzzo
2024-11-01,ABR,11,5,6,11,ITF,ITF1,13,Abruzzo
2024-11-04,ABR,209,117,92,209,ITF,ITF1,13,Abruzzo
2024-10-09,CAM,23,12,11,23,ITF,ITF3,15,Campania
2024-10-15,CAM,53,30,23,53,ITF,ITF3,15,Campania
2024-11-07,CAM,131,73,58,131,ITF,ITF3,15,Campania
2024-11-13,CAM,130,67,63,130,ITF,ITF3,15,Campania
2024-10-03,EMR,64,34,30,64,ITH,ITH5,8,Emilia-Romagna
2024-10-09,EMR,909,443,466,909,ITH,ITH5,8,Emilia-Romagna
2024-10-12,EMR,506,243,263,506,ITH,ITH5,8,Emilia-Romagna
2024-11-04,EMR,2155,987,1168,2155,ITH,ITH5,8,Emilia-Romagna
2024-11-07,EMR,4877,2360,2517,4877,ITH,ITH5,8,Emilia-Romagna
2024-11-10,EMR,374,174,200,374,ITH,ITH5,8,Emilia-Romagna
2024-11-13,EMR,3709,1805,1904,3709,ITH,ITH5,8,Emilia-Romagna
2024-10-22,FVG,93,49,44,93,ITH,ITH4,6,Friuli-Venezia Giulia
2024-10-25,FVG,209,118,91,209,ITH,ITH4,6,Friuli-Venezia Giulia
2024-10-28,FVG,152,65,87,152,ITH,ITH4,6,Friuli-Venezia Giulia
2024-10-31,FVG,225,120,105,225,ITH,ITH4,6,Friuli-Venezia Giulia
2024-10-02,LAZ,60,24,36,60,ITI,ITI4,12,Lazio
2024-10-05,LAZ,3,1,2,3,ITI,ITI4,12,Lazio
2024-10-08,LAZ,209,110,99,209,ITI,ITI4,12,Lazio
2024-10-31,LAZ,985,484,501,985,ITI,ITI4,12,Lazio
2024-11-03,LAZ,8,2,6,8,ITI,ITI4,12,Lazio
2024-11-06,LAZ,1664,832,832,1664,ITI,ITI4,12,Lazio
2024-11-09,LAZ,678,325,353,678,ITI,ITI4,12,Lazio
2024-09-25,LIG,22,13,9,22,ITC,ITC3,7,Liguria
2024-10-18,LIG,261,138,123,261,ITC,ITC3,7,Liguria
2024-10-21,LIG,263,116,147,263,ITC,ITC3,7,Liguria
2024-10-24,LIG,679,342,337,679,ITC,ITC3,7,Liguria
2024-09-25,LOM,60,28,32,60,ITC,ITC4,3,Lombardia
2024-09-28,LOM,84,44,40,84,ITC,ITC4,3,Lombardia
2024-10-01,LOM,220,109,111,220,ITC,ITC4,3,Lombardia
2024-10-07,MAR,6,2,4,6,ITI,ITI3,11,Marche
2024-11-02,MAR,181,84,97,181,ITI,ITI3,11,Marche
2024-11-05,MAR,675,336,339,675,ITI,ITI3,11,Marche
2024-11-08,MAR,666,337,329,666,ITI,ITI3,11,Marche
2024-11-11,MAR,373,174,199,373,ITI,ITI3,11,Marche
2024-10-04,MOL,4,3,1,4,ITF,ITF2,14,Molise
2024-10-30,MOL,11,7,4,11,ITF,ITF2,14,Molise
2024-11-05,MOL,4,2,2,4,ITF,ITF2,14,Molise
2024-11-01,PAB,1,0,1,1,ITH,ITH1,4,Provincia Autonoma Bolzano / Bozen
2024-11-04,PAB,207,105,102,207,ITH,ITH1,4,Provincia Autonoma Bolzano / Bozen
2024-11-07,PAB,37,15,22,37,ITH,ITH1,4,Provincia Autonoma Bolzano / Bozen
2024-10-11,PAT,74,36,38,74,ITH,ITH2,4,Provincia Autonoma Trento
2024-10-14,PAT,34,19,15,34,ITH,ITH2,4,Provincia Autonoma Trento
2024-10-17,PAT,156,84,72,156,ITH,ITH2,4,Provincia Autonoma Trento
2024-11-09,PAT,99,45,54,99,ITH,ITH2,4,Provincia Autonoma Trento
2024-11-12,PAT,397,184,213,397,ITH,ITH2,4,Provincia Autonoma Trento
2024-10-16,PIE,321,181,140,321,ITC,ITC1,1,Piemonte
2024-10-19,PIE,261,118,143,261,ITC,ITC1,1,Piemonte
2024-10-22,PIE,913,432,481,913,ITC,ITC1,1,Piemonte
2024-11-11,PIE,996,473,523,996,ITC,ITC1,1,Piemonte
2024-11-14,PIE,1461,674,787,1461,ITC,ITC1,1,Piemonte
2024-10-08,PUG,28,19,9,28,ITF,ITF4,16,Puglia
2024-10-11,PUG,115,58,57,115,ITF,ITF4,16,Puglia
2024-10-14,PUG,132,71,61,132,ITF,ITF4,16,Puglia
2024-10-17,PUG,295,159,136,295,ITF,ITF4,16,Puglia
2024-11-06,PUG,670,369,301,670,ITF,ITF4,16,Puglia
2024-11-09,PUG,102,51,51,102,ITF,ITF4,16,Puglia
2024-11-12,PUG,710,377,333,710,ITF,ITF4,16,Puglia
2024-10-09,SAR,18,10,8,18,ITG,ITG2,20,Sardegna
2024-10-15,SAR,50,18,32,50,ITG,ITG2,20,Sardegna
2024-10-18,SAR,75,37,38,75,ITG,ITG2,20,Sardegna
2024-11-07,SAR,397,198,199,397,ITG,ITG2,20,Sardegna
2024-10-15,ABR,103,54,49,103,ITF,ITF1,13,Abruzzo
2024-11-07,ABR,271,139,132,271,ITF,ITF1,13,Abruzzo
2024-10-02,CAL,4,1,3,4,ITF,ITF6,18,Calabria
2024-10-10,CAM,16,10,6,16,ITF,ITF3,15,Campania
2024-10-16,CAM,31,16,15,31,ITF,ITF3,15,Campania
2024-11-11,CAM,151,87,64,151,ITF,ITF3,15,Campania
2024-11-14,CAM,99,63,36,99,ITF,ITF3,15,Campania
2024-10-07,EMR,382,162,220,382,ITH,ITH5,8,Emilia-Romagna
2024-10-10,EMR,1196,587,609,1196,ITH,ITH5,8,Emilia-Romagna
2024-10-13,EMR,50,17,33,50,ITH,ITH5,8,Emilia-Romagna
2024-10-16,EMR,2724,1303,1421,2724,ITH,ITH5,8,Emilia-Romagna
2024-11-08,EMR,4297,2063,2234,4297,ITH,ITH5,8,Emilia-Romagna
2024-11-11,EMR,2164,1032,1132,2164,ITH,ITH5,8,Emilia-Romagna
2024-11-14,EMR,2966,1416,1550,2966,ITH,ITH5,8,Emilia-Romagna
2024-10-21,FVG,143,82,61,143,ITH,ITH4,6,Friuli-Venezia Giulia
2024-10-24,FVG,200,107,93,200,ITH,ITH4,6,Friuli-Venezia Giulia
2024-09-26,LAZ,7,5,2,7,ITI,ITI4,12,Lazio
2024-10-19,LAZ,537,269,268,537,ITI,ITI4,12,Lazio
2024-10-22,LAZ,1060,545,515,1060,ITI,ITI4,12,Lazio
2024-10-25,LAZ,1093,539,554,1093,ITI,ITI4,12,Lazio
2024-10-28,LAZ,518,251,267,518,ITI,ITI4,12,Lazio
2024-09-28,LIG,1,0,1,1,ITC,ITC3,7,Liguria
2024-10-01,LIG,19,10,9,19,ITC,ITC3,7,Liguria
2024-10-04,LIG,45,22,23,45,ITC,ITC3,7,Liguria
2024-10-07,LIG,57,29,28,57,ITC,ITC3,7,Liguria
2024-10-30,LIG,525,269,256,525,ITC,ITC3,7,Liguria
2024-11-02,LIG,4,1,3,4,ITC,ITC3,7,Liguria
2024-11-05,LIG,1054,527,527,1054,ITC,ITC3,7,Liguria
2024-09-21,LOM,28,14,14,28,ITC,ITC4,3,Lombardia
2024-09-24,LOM,46,23,23,46,ITC,ITC4,3,Lombardia
2024-09-27,LOM,92,49,43,92,ITC,ITC4,3,Lombardia
2024-10-20,LOM,342,143,199,342,ITC,ITC4,3,Lombardia
2024-10-16,MAR,99,54,45,99,ITI,ITI3,11,Marche
2024-10-19,MAR,78,42,36,78,ITI,ITI3,11,Marche
2024-10-22,MAR,311,157,154,311,ITI,ITI3,11,Marche
2024-11-14,MAR,600,292,308,600,ITI,ITI3,11,Marche
2024-11-08,MOL,20,12,8,20,ITF,ITF2,14,Molise
2024-11-11,MOL,6,5,1,6,ITF,ITF2,14,Molise
2024-11-14,MOL,5,4,1,5,ITF,ITF2,14,Molise
2024-11-05,PAB,44,22,22,44,ITH,ITH1,4,Provincia Autonoma Bolzano / Bozen
2024-11-08,PAB,286,145,141,286,ITH,ITH1,4,Provincia Autonoma Bolzano / Bozen
2024-11-11,PAB,219,102,117,219,ITH,ITH1,4,Provincia Autonoma Bolzano / Bozen
2024-11-14,PAB,320,145,175,320,ITH,ITH1,4,Provincia Autonoma Bolzano / Bozen
2024-10-08,PAT,15,9,6,15,ITH,ITH2,4,Provincia Autonoma Trento
2024-10-28,PAT,219,99,120,219,ITH,ITH2,4,Provincia Autonoma Trento
2024-10-31,PAT,237,111,126,237,ITH,ITH2,4,Provincia Autonoma Trento
2024-11-06,PAT,483,236,247,483,ITH,ITH2,4,Provincia Autonoma Trento
2024-10-09,PIE,27,18,9,27,ITC,ITC1,1,Piemonte
2024-10-12,PIE,43,20,23,43,ITC,ITC1,1,Piemonte
2024-10-15,PIE,278,153,125,278,ITC,ITC1,1,Piemonte
2024-10-18,PIE,745,389,356,745,ITC,ITC1,1,Piemonte
2024-11-10,PIE,40,20,20,40,ITC,ITC1,1,Piemonte
2024-11-13,PIE,1216,567,649,1216,ITC,ITC1,1,Piemonte
2024-09-26,PUG,2,1,1,2,ITF,ITF4,16,Puglia
2024-10-02,PUG,39,16,23,39,ITF,ITF4,16,Puglia
2024-10-05,PUG,29,24,5,29,ITF,ITF4,16,Puglia
2024-10-28,PUG,338,181,157,338,ITF,ITF4,16,Puglia
2024-10-31,PUG,453,246,207,453,ITF,ITF4,16,Puglia
2024-10-16,SAR,13,9,4,13,ITG,ITG2,20,Sardegna
2024-10-22,SAR,142,60,82,142,ITG,ITG2,20,Sardegna
2024-11-11,SAR,323,163,160,323,ITG,ITG2,20,Sardegna
2024-11-14,SAR,226,114,112,226,ITG,ITG2,20,Sardegna
2024-10-08,SIC,4,3,1,4,ITG,ITG1,19,Sicilia
2024-11-06,SIC,13,7,6,13,ITG,ITG1,19,Sicilia
2024-10-04,TOS,30,11,19,30,ITI,ITI1,9,Toscana
2024-10-07,TOS,142,69,73,142,ITI,ITI1,9,Toscana
2024-10-10,TOS,562,255,307,562,ITI,ITI1,9,Toscana
2024-11-13,SAR,320,179,141,320,ITG,ITG2,20,Sardegna
2024-10-16,SIC,6,4,2,6,ITG,ITG1,19,Sicilia
2024-10-22,SIC,21,11,10,21,ITG,ITG1,19,Sicilia
2024-10-25,SIC,26,12,14,26,ITG,ITG1,19,Sicilia
2024-09-25,TOS,3,2,1,3,ITI,ITI1,9,Toscana
2024-10-01,TOS,43,12,31,43,ITI,ITI1,9,Toscana
2024-10-24,TOS,2647,1227,1420,2647,ITI,ITI1,9,Toscana
2024-10-27,TOS,68,27,41,68,ITI,ITI1,9,Toscana
2024-10-30,TOS,2645,1211,1434,2645,ITI,ITI1,9,Toscana
2024-10-14,UMB,3,0,3,3,ITI,ITI2,10,Umbria
2024-10-17,UMB,8,5,3,8,ITI,ITI2,10,Umbria
2024-11-12,UMB,13,6,7,13,ITI,ITI2,10,Umbria
2024-10-24,VDA,114,59,55,114,ITC,ITC2,2,Valle d'Aosta / Vallée d'Aoste
2024-10-30,VDA,160,76,84,160,ITC,ITC2,2,Valle d'Aosta / Vallée d'Aoste
2024-10-16,ABR,103,60,43,103,ITF,ITF1,13,Abruzzo
2024-10-19,ABR,12,6,6,12,ITF,ITF1,13,Abruzzo
2024-09-26,CAM,1,1,0,1,ITF,ITF3,15,Campania
2024-10-02,CAM,19,12,7,19,ITF,ITF3,15,Campania
2024-10-22,CAM,65,39,26,65,ITF,ITF3,15,Campania
2024-10-25,CAM,32,15,17,32,ITF,ITF3,15,Campania
2024-10-28,CAM,88,51,37,88,ITF,ITF3,15,Campania
2024-10-31,CAM,98,58,40,98,ITF,ITF3,15,Campania
2024-09-26,EMR,11,5,6,11,ITH,ITH5,8,Emilia-Romagna
2024-10-19,EMR,1107,536,571,1107,ITH,ITH5,8,Emilia-Romagna
2024-10-22,EMR,3997,1953,2044,3997,ITH,ITH5,8,Emilia-Romagna
2024-10-25,EMR,3953,1877,2076,3953,ITH,ITH5,8,Emilia-Romagna
2024-10-28,EMR,3017,1377,1640,3017,ITH,ITH5,8,Emilia-Romagna
2024-10-15,FVG,22,11,11,22,ITH,ITH4,6,Friuli-Venezia Giulia
2024-10-18,FVG,98,54,44,98,ITH,ITH4,6,Friuli-Venezia Giulia
2024-11-07,FVG,571,275,296,571,ITH,ITH4,6,Friuli-Venezia Giulia
2024-11-10,FVG,10,5,5,10,ITH,ITH4,6,Friuli-Venezia Giulia
2024-11-13,FVG,550,254,296,550,ITH,ITH4,6,Friuli-Venezia Giulia
2024-09-25,LAZ,10,7,3,10,ITI,ITI4,12,Lazio
2024-10-15,LAZ,409,200,209,409,ITI,ITI4,12,Lazio
2024-10-18,LAZ,755,397,358,755,ITI,ITI4,12,Lazio
2024-10-21,LAZ,940,496,444,940,ITI,ITI4,12,Lazio
2024-10-24,LAZ,1157,579,578,1157,ITI,ITI4,12,Lazio
2024-10-02,LIG,68,33,35,68,ITC,ITC3,7,Liguria
2024-10-05,LIG,5,2,3,5,ITC,ITC3,7,Liguria
2024-10-08,LIG,109,56,53,109,ITC,ITC3,7,Liguria
2024-10-11,LIG,84,44,40,84,ITC,ITC3,7,Liguria
2024-10-31,LIG,535,269,266,535,ITC,ITC3,7,Liguria
2024-11-06,LIG,556,267,289,556,ITC,ITC3,7,Liguria
2024-11-09,LIG,77,36,41,77,ITC,ITC3,7,Liguria
2024-10-08,LOM,813,325,488,813,ITC,ITC4,3,Lombardia
2024-10-11,LOM,1037,405,632,1037,ITC,ITC4,3,Lombardia
2024-10-14,LOM,1923,877,1046,1923,ITC,ITC4,3,Lombardia
2024-10-17,LOM,3044,1286,1758,3044,ITC,ITC4,3,Lombardia
2024-10-23,MAR,472,240,232,472,ITI,ITI3,11,Marche
2024-10-26,MAR,421,217,204,421,ITI,ITI3,11,Marche
2024-10-11,MOL,5,1,4,5,ITF,ITF2,14,Molise
2024-10-14,MOL,4,1,3,4,ITF,ITF2,14,Molise
2024-11-09,MOL,25,15,10,25,ITF,ITF2,14,Molise
2024-11-12,MOL,12,9,3,12,ITF,ITF2,14,Molise
2024-10-16,PAB,367,206,161,367,ITH,ITH1,4,Provincia Autonoma Bolzano / Bozen
2024-10-22,PAB,423,225,198,423,ITH,ITH1,4,Provincia Autonoma Bolzano / Bozen
2024-10-25,PAB,284,134,150,284,ITH,ITH1,4,Provincia Autonoma Bolzano / Bozen
2024-10-01,PAT,11,4,7,11,ITH,ITH2,4,Provincia Autonoma Trento
2024-10-04,PAT,4,3,1,4,ITH,ITH2,4,Provincia Autonoma Trento
2024-10-24,PAT,610,232,378,610,ITH,ITH2,4,Provincia Autonoma Trento
2024-10-30,PAT,134,51,83,134,ITH,ITH2,4,Provincia Autonoma Trento
2024-09-27,PIE,7,4,3,7,ITC,ITC1,1,Piemonte
2024-09-30,PIE,7,4,3,7,ITC,ITC1,1,Piemonte
2024-10-03,PIE,19,9,10,19,ITC,ITC1,1,Piemonte
2024-10-29,PIE,1571,687,884,1571,ITC,ITC1,1,Piemonte
2024-11-01,PIE,31,11,20,31,ITC,ITC1,1,Piemonte
2024-11-04,PIE,994,479,515,994,ITC,ITC1,1,Piemonte
2024-11-07,PIE,1642,768,874,1642,ITC,ITC1,1,Piemonte
2024-10-01,PUG,12,4,8,12,ITF,ITF4,16,Puglia
2024-10-24,PUG,322,167,155,322,ITF,ITF4,16,Puglia
2024-10-30,PUG,476,250,226,476,ITF,ITF4,16,Puglia
2024-09-26,SAR,3,2,1,3,ITG,ITG2,20,Sardegna
2024-10-02,SAR,9,5,4,9,ITG,ITG2,20,Sardegna
2024-10-25,SAR,82,39,43,82,ITG,ITG2,20,Sardegna
2024-10-28,SAR,110,51,59,110,ITG,ITG2,20,Sardegna
2024-10-31,SAR,121,62,59,121,ITG,ITG2,20,Sardegna
2024-10-03,SIC,3,2,1,3,ITG,ITG1,19,Sicilia
2024-10-09,SIC,4,4,0,4,ITG,ITG1,19,Sicilia
2024-11-04,SIC,10,5,5,10,ITG,ITG1,19,Sicilia
2024-11-07,SIC,9,4,5,9,ITG,ITG1,19,Sicilia
2024-10-08,TOS,188,75,113,188,ITI,ITI1,9,Toscana
2024-10-13,TOS,46,16,30,46,ITI,ITI1,9,Toscana
2024-11-02,TOS,176,86,90,176,ITI,ITI1,9,Toscana
2024-11-05,TOS,2219,1001,1218,2219,ITI,ITI1,9,Toscana
2024-11-08,TOS,2673,1289,1384,2673,ITI,ITI1,9,Toscana
2024-11-11,TOS,1587,766,821,1587,ITI,ITI1,9,Toscana
2024-10-23,UMB,5,2,3,5,ITI,ITI2,10,Umbria
2024-10-26,UMB,5,3,2,5,ITI,ITI2,10,Umbria
2024-10-29,UMB,20,12,8,20,ITI,ITI2,10,Umbria
2024-10-23,VDA,182,89,93,182,ITC,ITC2,2,Valle d'Aosta / Vallée d'Aoste
2024-10-14,ABR,70,44,26,70,ITF,ITF1,13,Abruzzo
2024-10-17,ABR,194,115,79,194,ITF,ITF1,13,Abruzzo
2024-10-20,ABR,1,1,0,1,ITF,ITF1,13,Abruzzo
2024-10-23,ABR,85,37,48,85,ITF,ITF1,13,Abruzzo
2024-10-18,CAM,56,27,29,56,ITF,ITF3,15,Campania
2024-10-21,CAM,49,30,19,49,ITF,ITF3,15,Campania
2024-10-24,CAM,47,25,22,47,ITF,ITF3,15,Campania
2024-10-15,EMR,2565,1239,1326,2565,ITH,ITH5,8,Emilia-Romagna
2024-10-18,EMR,2524,1274,1250,2524,ITH,ITH5,8,Emilia-Romagna
2024-10-21,EMR,2098,992,1106,2098,ITH,ITH5,8,Emilia-Romagna
2024-10-24,EMR,4454,2142,2312,4454,ITH,ITH5,8,Emilia-Romagna
2024-10-16,FVG,15,5,10,15,ITH,ITH4,6,Friuli-Venezia Giulia
2024-10-19,FVG,3,2,1,3,ITH,ITH4,6,Friuli-Venezia Giulia
2024-11-11,FVG,419,208,211,419,ITH,ITH4,6,Friuli-Venezia Giulia
2024-11-14,FVG,426,208,218,426,ITH,ITH4,6,Friuli-Venezia Giulia
2024-09-21,LAZ,1,0,1,1,ITI,ITI4,12,Lazio
2024-10-11,LAZ,290,157,133,290,ITI,ITI4,12,Lazio
2024-10-14,LAZ,332,170,162,332,ITI,ITI4,12,Lazio
2024-10-17,LAZ,604,289,315,604,ITI,ITI4,12,Lazio
2024-10-20,LAZ,24,10,14,24,ITI,ITI4,12,Lazio
2024-11-12,LAZ,1299,624,675,1299,ITI,ITI4,12,Lazio
2024-10-09,LIG,78,41,37,78,ITC,ITC3,7,Liguria
2024-10-12,LIG,10,6,4,10,ITC,ITC3,7,Liguria
2024-10-15,LIG,349,191,158,349,ITC,ITC3,7,Liguria
2024-11-04,LIG,153,68,85,153,ITC,ITC3,7,Liguria
2024-11-07,LIG,723,363,360,723,ITC,ITC3,7,Liguria
2024-11-13,LIG,538,264,274,538,ITC,ITC3,7,Liguria
2024-09-19,LOM,2,0,2,2,ITC,ITC4,3,Lombardia
2024-10-12,LOM,458,214,244,458,ITC,ITC4,3,Lombardia
2024-10-15,LOM,2673,1196,1477,2673,ITC,ITC4,3,Lombardia
2024-10-18,LOM,2627,1153,1474,2627,ITC,ITC4,3,Lombardia
2024-10-21,MAR,112,62,50,112,ITI,ITI3,11,Marche
2024-10-24,MAR,541,267,274,541,ITI,ITI3,11,Marche
2024-10-27,MAR,3,1,2,3,ITI,ITI3,11,Marche
2024-10-30,MAR,371,180,191,371,ITI,ITI3,11,Marche
2024-10-24,MOL,17,8,9,17,ITF,ITF2,14,Molise
2024-11-13,MOL,3,1,2,3,ITF,ITF2,14,Molise
2024-10-15,PAB,356,191,165,356,ITH,ITH1,4,Provincia Autonoma Bolzano / Bozen
2024-10-18,PAB,239,115,124,239,ITH,ITH1,4,Provincia Autonoma Bolzano / Bozen
2024-10-21,PAB,205,115,90,205,ITH,ITH1,4,Provincia Autonoma Bolzano / Bozen
2024-11-13,PAB,367,188,179,367,ITH,ITH1,4,Provincia Autonoma Bolzano / Bozen
2024-09-27,PAT,17,8,9,17,ITH,ITH2,4,Provincia Autonoma Trento
2024-10-23,PAT,489,220,269,489,ITH,ITH2,4,Provincia Autonoma Trento
2024-10-29,PAT,306,163,143,306,ITH,ITH2,4,Provincia Autonoma Trento
2024-10-01,PIE,5,3,2,5,ITC,ITC1,1,Piemonte
2024-10-04,PIE,23,9,14,23,ITC,ITC1,1,Piemonte
2024-10-07,PIE,48,29,19,48,ITC,ITC1,1,Piemonte
2024-10-10,PIE,66,36,30,66,ITC,ITC1,1,Piemonte
2024-11-02,PIE,155,71,84,155,ITC,ITC1,1,Piemonte
2024-11-05,PIE,1347,593,754,1347,ITC,ITC1,1,Piemonte
2024-11-08,PIE,1798,867,931,1798,ITC,ITC1,1,Piemonte
2024-10-20,PUG,1,0,1,1,ITF,ITF4,16,Puglia
2024-10-23,PUG,339,182,157,339,ITF,ITF4,16,Puglia
2024-10-26,PUG,45,26,19,45,ITF,ITF4,16,Puglia
2024-10-21,SAR,66,35,31,66,ITG,ITG2,20,Sardegna
2024-10-24,SAR,92,50,42,92,ITG,ITG2,20,Sardegna
2024-10-07,SIC,11,10,1,11,ITG,ITG1,19,Sicilia
2024-10-10,SIC,11,5,6,11,ITG,ITG1,19,Sicilia
2024-11-05,SIC,17,11,6,17,ITG,ITG1,19,Sicilia
2024-11-08,SIC,38,26,12,38,ITG,ITG1,19,Sicilia
2024-11-11,SIC,6,3,3,6,ITG,ITG1,19,Sicilia
2024-09-19,TOS,6,2,4,6,ITI,ITI1,9,Toscana
2024-10-12,TOS,231,97,134,231,ITI,ITI1,9,Toscana
2024-10-15,TOS,1080,480,600,1080,ITI,ITI1,9,Toscana
2024-10-18,TOS,1781,858,923,1781,ITI,ITI1,9,Toscana
2024-10-21,TOS,1435,669,766,1435,ITI,ITI1,9,Toscana
2024-11-10,TOS,20,14,6,20,ITI,ITI1,9,Toscana
2024-10-11,TOS,652,288,364,652,ITI,ITI1,9,Toscana
2024-10-14,TOS,860,400,460,860,ITI,ITI1,9,Toscana
2024-10-17,TOS,1860,900,960,1860,ITI,ITI1,9,Toscana
2024-11-06,TOS,2703,1225,1478,2703,ITI,ITI1,9,Toscana
2024-11-09,TOS,850,402,448,850,ITI,ITI1,9,Toscana
2024-11-12,TOS,1897,877,1020,1897,ITI,ITI1,9,Toscana
2024-10-30,UMB,15,6,9,15,ITI,ITI2,10,Umbria
2024-11-02,UMB,6,2,4,6,ITI,ITI2,10,Umbria
2024-11-05,UMB,11,5,6,11,ITI,ITI2,10,Umbria
2024-10-08,VDA,30,13,17,30,ITC,ITC2,2,Valle d'Aosta / Vallée d'Aoste
2024-10-11,VDA,76,39,37,76,ITC,ITC2,2,Valle d'Aosta / Vallée d'Aoste
2024-10-14,VDA,64,29,35,64,ITC,ITC2,2,Valle d'Aosta / Vallée d'Aoste
2024-10-17,VDA,88,36,52,88,ITC,ITC2,2,Valle d'Aosta / Vallée d'Aoste
2024-11-06,VDA,153,71,82,153,ITC,ITC2,2,Valle d'Aosta / Vallée d'Aoste
2024-11-09,VDA,71,35,36,71,ITC,ITC2,2,Valle d'Aosta / Vallée d'Aoste
2024-11-12,VDA,61,36,25,61,ITC,ITC2,2,Valle d'Aosta / Vallée d'Aoste
2024-11-13,TOS,2229,1056,1173,2229,ITI,ITI1,9,Toscana
2024-10-31,UMB,32,19,13,32,ITI,ITI2,10,Umbria
2024-11-06,UMB,6,2,4,6,ITI,ITI2,10,Umbria
2024-11-09,UMB,4,2,2,4,ITI,ITI2,10,Umbria
2024-10-12,VDA,24,15,9,24,ITC,ITC2,2,Valle d'Aosta / Vallée d'Aoste
2024-10-15,VDA,42,23,19,42,ITC,ITC2,2,Valle d'Aosta / Vallée d'Aoste
2024-10-18,VDA,103,52,51,103,ITC,ITC2,2,Valle d'Aosta / Vallée d'Aoste
2024-10-21,VDA,80,37,43,80,ITC,ITC2,2,Valle d'Aosta / Vallée d'Aoste
2024-11-13,VDA,101,54,47,101,ITC,ITC2,2,Valle d'Aosta / Vallée d'Aoste
2024-11-05,SAR,212,114,98,212,ITG,ITG2,20,Sardegna
2024-11-08,SAR,253,140,113,253,ITG,ITG2,20,Sardegna
2024-10-11,SIC,10,6,4,10,ITG,ITG1,19,Sicilia
2024-10-14,SIC,13,5,8,13,ITG,ITG1,19,Sicilia
2024-11-09,SIC,6,5,1,6,ITG,ITG1,19,Sicilia
2024-11-12,SIC,36,21,15,36,ITG,ITG1,19,Sicilia
2024-09-20,TOS,4,3,1,4,ITI,ITI1,9,Toscana
2024-10-16,TOS,1259,566,693,1259,ITI,ITI1,9,Toscana
2024-10-19,TOS,523,246,277,523,ITI,ITI1,9,Toscana
2024-10-22,TOS,1884,879,1005,1884,ITI,ITI1,9,Toscana
2024-11-14,TOS,2357,1093,1264,2357,ITI,ITI1,9,Toscana
2024-11-04,UMB,18,12,6,18,ITI,ITI2,10,Umbria
2024-11-07,UMB,37,21,16,37,ITI,ITI2,10,Umbria
2024-11-13,UMB,59,29,30,59,ITI,ITI2,10,Umbria
2024-10-09,VDA,41,23,18,41,ITC,ITC2,2,Valle d'Aosta / Vallée d'Aoste
2024-10-29,VDA,107,51,56,107,ITC,ITC2,2,Valle d'Aosta / Vallée d'Aoste
2024-11-04,VDA,75,38,37,75,ITC,ITC2,2,Valle d'Aosta / Vallée d'Aoste
2024-11-07,VDA,114,64,50,114,ITC,ITC2,2,Valle d'Aosta / Vallée d'Aoste
