data,area,totale,m,f,d,N1,N2,ISTAT,reg
2024-12-03,EMR,1768,827,941,1768,ITH,ITH5,8,Emilia-Romagna
2024-12-04,PIE,680,316,364,680,ITC,ITC1,1,Piemonte
2024-12-18,LIG,293,138,155,293,ITC,ITC3,7,Liguria
2024-10-30,SAR,164,75,89,164,ITG,ITG2,20,Sardegna
2024-11-13,VEN,1343,630,713,1343,ITH,ITH3,5,Veneto
2024-10-18,LOM,6407,3160,3247,6407,ITC,ITC4,3,Lombardia
2024-11-02,ABR,17,9,8,17,ITF,ITF1,13,Abruzzo
2024-10-01,LAZ,10,5,5,10,ITI,ITI4,12,Lazio
2024-09-19,TOS,7,3,4,7,ITI,ITI1,9,Toscana
2024-12-14,PAT,15,7,8,15,ITH,ITH2,4,Provincia Autonoma Trento
2024-10-23,CAM,74,45,29,74,ITF,ITF3,15,Campania
2024-12-19,TOS,323,146,177,323,ITI,ITI1,9,Toscana
2024-12-14,PUG,54,28,26,54,ITF,ITF4,16,Puglia
2024-11-16,PUG,347,191,156,347,ITF,ITF4,16,Puglia
2024-10-25,LAZ,1363,678,685,1363,ITI,ITI4,12,Lazio
2024-10-26,ABR,6,2,4,6,ITF,ITF1,13,Abruzzo
2024-10-18,VEN,766,391,375,766,ITH,ITH3,5,Veneto
2024-10-18,SAR,88,43,45,88,ITG,ITG2,20,Sardegna
2024-11-11,MAR,408,188,220,408,ITI,ITI3,11,Marche
2024-11-26,EMR,3236,1533,1703,3236,ITH,ITH5,8,Emilia-Romagna
2024-12-07,ABR,6,4,2,6,ITF,ITF1,13,Abruzzo
2024-10-29,MAR,437,222,215,437,ITI,ITI3,11,Marche
2024-11-20,EMR,4122,1999,2123,4122,ITH,ITH5,8,Emilia-Romagna
2024-11-25,PUG,435,220,215,435,ITF,ITF4,16,Puglia
2024-12-10,MAR,189,101,88,189,ITI,ITI3,11,Marche
2024-10-09,TOS,279,135,144,279,ITI,ITI1,9,Toscana
2024-11-27,MOL,4,3,1,4,ITF,ITF2,14,Molise
2024-11-13,SAR,357,201,156,357,ITG,ITG2,20,Sardegna
2024-12-12,FVG,222,120,102,222,ITH,ITH4,6,Friuli-Venezia Giulia
2024-12-16,TOS,280,125,155,280,ITI,ITI1,9,Toscana
2024-11-22,LAZ,1251,592,659,1251,ITI,ITI4,12,Lazio
2024-11-26,ABR,146,80,66,146,ITF,ITF1,13,Abruzzo
2024-10-15,LAZ,475,237,238,475,ITI,ITI4,12,Lazio
2024-10-30,VEN,1108,472,636,1108,ITH,ITH3,5,Veneto
2024-11-22,SIC,72,32,40,72,ITG,ITG1,19,Sicilia
2024-10-31,BAS,1,1,0,1,ITF,ITF5,17,Basilicata
2024-11-05,LAZ,1773,831,942,1773,ITI,ITI4,12,Lazio
2024-10-14,EMR,1963,941,1022,1963,ITH,ITH5,8,Emilia-Romagna
2024-11-19,FVG,827,380,447,827,ITH,ITH4,6,Friuli-Venezia Giulia
2024-11-21,MAR,627,306,321,627,ITI,ITI3,11,Marche
2024-10-03,TOS,60,12,48,60,ITI,ITI1,9,Toscana
2024-11-03,LOM,224,114,110,224,ITC,ITC4,3,Lombardia
2024-10-19,LAZ,639,324,315,639,ITI,ITI4,12,Lazio
2024-10-24,PIE,1556,799,757,1556,ITC,ITC1,1,Piemonte
2024-10-23,PIE,1641,770,871,1641,ITC,ITC1,1,Piemonte
2024-12-16,PIE,364,176,188,364,ITC,ITC1,1,Piemonte
2024-11-23,EMR,945,437,508,945,ITH,ITH5,8,Emilia-Romagna
2024-11-19,LIG,743,354,389,743,ITC,ITC3,7,Liguria
2024-10-16,PUG,280,154,126,280,ITF,ITF4,16,Puglia
2024-11-25,VEN,552,256,296,552,ITH,ITH3,5,Veneto
2024-10-30,FVG,587,276,311,587,ITH,ITH4,6,Friuli-Venezia Giulia
2024-10-28,VDA,48,22,26,48,ITC,ITC2,2,Valle d'Aosta / Vallée d'Aoste
2024-10-16,FVG,137,60,77,137,ITH,ITH4,6,Friuli-Venezia Giulia
2024-10-17,PUG,314,171,143,314,ITF,ITF4,16,Puglia
2024-11-25,SAR,126,59,67,126,ITG,ITG2,20,Sardegna
2024-09-27,LOM,100,52,48,100,ITC,ITC4,3,Lombardia
2024-11-02,MAR,206,100,106,206,ITI,ITI3,11,Marche
2024-09-30,LAZ,30,19,11,30,ITI,ITI4,12,Lazio
2024-11-13,UMB,77,36,41,77,ITI,ITI2,10,Umbria
2024-10-17,PAT,173,95,78,173,ITH,ITH2,4,Provincia Autonoma Trento
2024-10-16,PAT,349,195,154,349,ITH,ITH2,4,Provincia Autonoma Trento
2024-10-26,MAR,478,249,229,478,ITI,ITI3,11,Marche
2024-12-11,SIC,43,21,22,43,ITG,ITG1,19,Sicilia
2024-12-07,MAR,17,7,10,17,ITI,ITI3,11,Marche
2024-12-15,TOS,4,3,1,4,ITI,ITI1,9,Toscana
2024-11-24,FVG,5,3,2,5,ITH,ITH4,6,Friuli-Venezia Giulia
2024-10-15,SIC,20,14,6,20,ITG,ITG1,19,Sicilia
2024-12-18,PAB,11,7,4,11,ITH,ITH1,4,Provincia Autonoma Bolzano / Bozen
2024-12-01,CAM,4,3,1,4,ITF,ITF3,15,Campania
2024-09-27,SAR,5,4,1,5,ITG,ITG2,20,Sardegna
2024-11-15,MOL,43,19,24,43,ITF,ITF2,14,Molise
2024-09-26,LAZ,9,6,3,9,ITI,ITI4,12,Lazio
2024-09-30,SIC,5,2,3,5,ITG,ITG1,19,Sicilia
2024-11-30,MOL,9,3,6,9,ITF,ITF2,14,Molise
2024-11-28,MOL,1,0,1,1,ITF,ITF2,14,Molise
2024-10-12,LIG,10,6,4,10,ITC,ITC3,7,Liguria
2024-10-22,LIG,700,357,343,700,ITC,ITC3,7,Liguria
2024-10-21,TOS,1526,714,812,1526,ITI,ITI1,9,Toscana
2024-11-11,FVG,740,338,402,740,ITH,ITH4,6,Friuli-Venezia Giulia
2024-10-22,PAB,462,246,216,462,ITH,ITH1,4,Provincia Autonoma Bolzano / Bozen
2024-11-04,SIC,10,5,5,10,ITG,ITG1,19,Sicilia
2024-12-14,VDA,5,0,5,5,ITC,ITC2,2,Valle d'Aosta / Vallée d'Aoste
2024-11-08,ABR,183,87,96,183,ITF,ITF1,13,Abruzzo
2024-11-08,PAT,543,267,276,543,ITH,ITH2,4,Provincia Autonoma Trento
2024-11-16,BAS,24,13,11,24,ITF,ITF5,17,Basilicata
2024-11-01,EMR,258,115,143,258,ITH,ITH5,8,Emilia-Romagna
2024-12-11,CAM,94,49,45,94,ITF,ITF3,15,Campania
2024-11-25,SIC,27,11,16,27,ITG,ITG1,19,Sicilia
2024-12-17,LOM,544,175,369,544,ITC,ITC4,3,Lombardia
2024-11-28,LAZ,695,300,395,695,ITI,ITI4,12,Lazio
2024-11-25,MAR,178,91,87,178,ITI,ITI3,11,Marche
2024-12-13,SAR,11,6,5,11,ITG,ITG2,20,Sardegna
2024-10-01,PUG,14,5,9,14,ITF,ITF4,16,Puglia
2024-11-21,LIG,847,412,435,847,ITC,ITC3,7,Liguria
2024-12-15,FVG,36,9,27,36,ITH,ITH4,6,Friuli-Venezia Giulia
2024-12-13,VEN,308,135,173,308,ITH,ITH3,5,Veneto
2024-11-01,VEN,24,9,15,24,ITH,ITH3,5,Veneto
2024-10-26,VEN,2669,1377,1292,2669,ITH,ITH3,5,Veneto
2024-10-25,PUG,359,194,165,359,ITF,ITF4,16,Puglia
2024-11-18,ABR,128,60,68,128,ITF,ITF1,13,Abruzzo
2024-12-19,MAR,73,39,34,73,ITI,ITI3,11,Marche
2024-12-03,CAM,116,48,68,116,ITF,ITF3,15,Campania
2024-10-25,ABR,150,77,73,150,ITF,ITF1,13,Abruzzo
2024-12-08,MAR,11,7,4,11,ITI,ITI3,11,Marche
2024-10-28,UMB,7,3,4,7,ITI,ITI2,10,Umbria
2024-11-06,BAS,5,4,1,5,ITF,ITF5,17,Basilicata
2024-10-29,PAB,29,12,17,29,ITH,ITH1,4,Provincia Autonoma Bolzano / Bozen
2024-11-14,LOM,7006,3206,3800,7006,ITC,ITC4,3,Lombardia
2024-10-31,PAB,484,246,238,484,ITH,ITH1,4,Provincia Autonoma Bolzano / Bozen
2024-11-22,MOL,4,4,0,4,ITF,ITF2,14,Molise
2024-09-30,EMR,10,4,6,10,ITH,ITH5,8,Emilia-Romagna
2024-11-15,LOM,6400,2957,3443,6400,ITC,ITC4,3,Lombardia
2024-10-24,ABR,118,65,53,118,ITF,ITF1,13,Abruzzo
2024-11-14,EMR,4875,2316,2559,4875,ITH,ITH5,8,Emilia-Romagna
2024-11-09,FVG,458,239,219,458,ITH,ITH4,6,Friuli-Venezia Giulia
2024-11-29,EMR,2130,986,1144,2130,ITH,ITH5,8,Emilia-Romagna
2024-10-29,VEN,995,477,518,995,ITH,ITH3,5,Veneto
2024-11-02,LOM,2041,985,1056,2041,ITC,ITC4,3,Lombardia
2024-12-12,LOM,1599,660,939,1599,ITC,ITC4,3,Lombardia
2024-10-16,PIE,452,252,200,452,ITC,ITC1,1,Piemonte
2024-11-19,PIE,1712,801,911,1712,ITC,ITC1,1,Piemonte
2024-11-17,LAZ,43,22,21,43,ITI,ITI4,12,Lazio
2024-11-12,LIG,802,406,396,802,ITC,ITC3,7,Liguria
2024-10-30,LIG,625,330,295,625,ITC,ITC3,7,Liguria
2024-12-05,EMR,1754,835,919,1754,ITH,ITH5,8,Emilia-Romagna
2024-11-29,ABR,93,45,48,93,ITF,ITF1,13,Abruzzo
2024-11-30,LAZ,242,109,133,242,ITI,ITI4,12,Lazio
2024-12-12,PIE,601,288,313,601,ITC,ITC1,1,Piemonte
2024-12-17,FVG,246,114,132,246,ITH,ITH4,6,Friuli-Venezia Giulia
2024-12-06,PAT,108,33,75,108,ITH,ITH2,4,Provincia Autonoma Trento
2024-11-12,LOM,7533,3581,3952,7533,ITC,ITC4,3,Lombardia
2024-12-13,LAZ,567,249,318,567,ITI,ITI4,12,Lazio
2024-12-11,MAR,189,81,108,189,ITI,ITI3,11,Marche
2024-11-19,CAM,173,94,79,173,ITF,ITF3,15,Campania
2024-10-14,LOM,4832,2346,2486,4832,ITC,ITC4,3,Lombardia
2024-10-21,LOM,8368,4161,4207,8368,ITC,ITC4,3,Lombardia
2024-12-12,LIG,412,182,230,412,ITC,ITC3,7,Liguria
2024-11-13,TOS,2576,1226,1350,2576,ITI,ITI1,9,Toscana
2024-10-07,FVG,4,1,3,4,ITH,ITH4,6,Friuli-Venezia Giulia
2024-10-28,FVG,338,160,178,338,ITH,ITH4,6,Friuli-Venezia Giulia
2024-12-14,PIE,212,117,95,212,ITC,ITC1,1,Piemonte
2024-10-12,PIE,52,25,27,52,ITC,ITC1,1,Piemonte
2024-11-04,CAM,106,61,45,106,ITF,ITF3,15,Campania
2024-12-06,VEN,510,198,312,510,ITH,ITH3,5,Veneto
2024-11-06,MOL,12,4,8,12,ITF,ITF2,14,Molise
2024-10-31,VDA,72,31,41,72,ITC,ITC2,2,Valle d'Aosta / Vallée d'Aoste
2024-12-14,TOS,68,38,30,68,ITI,ITI1,9,Toscana
2024-11-26,LOM,4283,2001,2282,4283,ITC,ITC4,3,Lombardia
2024-12-18,CAM,91,45,46,91,ITF,ITF3,15,Campania
2024-10-22,FVG,265,132,133,265,ITH,ITH4,6,Friuli-Venezia Giulia
2024-10-21,ABR,92,51,41,92,ITF,ITF1,13,Abruzzo
2024-09-20,FVG,23,12,11,23,ITH,ITH4,6,Friuli-Venezia Giulia
2024-12-02,EMR,1215,590,625,1215,ITH,ITH5,8,Emilia-Romagna
2024-10-21,EMR,2746,1309,1437,2746,ITH,ITH5,8,Emilia-Romagna
2024-11-09,LOM,5302,2593,2709,5302,ITC,ITC4,3,Lombardia
2024-11-13,PAB,424,214,210,424,ITH,ITH1,4,Provincia Autonoma Bolzano / Bozen
2024-11-12,FVG,1054,463,591,1054,ITH,ITH4,6,Friuli-Venezia Giulia
2024-12-13,SIC,56,28,28,56,ITG,ITG1,19,Sicilia
2024-12-07,LOM,582,301,281,582,ITC,ITC4,3,Lombardia
2024-11-24,PIE,42,18,24,42,ITC,ITC1,1,Piemonte
2024-10-13,LOM,193,95,98,193,ITC,ITC4,3,Lombardia
2024-10-04,EMR,102,28,74,102,ITH,ITH5,8,Emilia-Romagna
2024-12-07,VEN,61,27,34,61,ITH,ITH3,5,Veneto
2024-12-06,PUG,498,263,235,498,ITF,ITF4,16,Puglia
2024-10-19,EMR,1443,700,743,1443,ITH,ITH5,8,Emilia-Romagna
2024-11-20,PUG,739,369,370,739,ITF,ITF4,16,Puglia
2024-09-24,LIG,8,4,4,8,ITC,ITC3,7,Liguria
2024-12-18,PIE,466,209,257,466,ITC,ITC1,1,Piemonte
2024-10-22,UMB,18,10,8,18,ITI,ITI2,10,Umbria
2024-10-29,UMB,23,14,9,23,ITI,ITI2,10,Umbria
2024-12-03,UMB,6,4,2,6,ITI,ITI2,10,Umbria
2024-10-31,ABR,170,86,84,170,ITF,ITF1,13,Abruzzo
2024-11-04,LIG,184,89,95,184,ITC,ITC3,7,Liguria
2024-11-27,SIC,54,24,30,54,ITG,ITG1,19,Sicilia
2024-10-29,SAR,154,88,66,154,ITG,ITG2,20,Sardegna
2024-11-20,PAT,376,177,199,376,ITH,ITH2,4,Provincia Autonoma Trento
2024-10-30,UMB,18,9,9,18,ITI,ITI2,10,Umbria
2024-10-04,LOM,671,322,349,671,ITC,ITC4,3,Lombardia
2024-12-12,CAM,57,35,22,57,ITF,ITF3,15,Campania
2024-11-16,MOL,20,11,9,20,ITF,ITF2,14,Molise
2024-12-02,UMB,7,0,7,7,ITI,ITI2,10,Umbria
2024-11-25,MOL,6,3,3,6,ITF,ITF2,14,Molise
2024-10-02,EMR,15,7,8,15,ITH,ITH5,8,Emilia-Romagna
2024-11-17,BAS,8,4,4,8,ITF,ITF5,17,Basilicata
2024-10-11,SIC,11,6,5,11,ITG,ITG1,19,Sicilia
2024-10-30,PAB,13,5,8,13,ITH,ITH1,4,Provincia Autonoma Bolzano / Bozen
2024-11-24,TOS,43,12,31,43,ITI,ITI1,9,Toscana
2024-11-03,VEN,1,0,1,1,ITH,ITH3,5,Veneto
2024-12-06,SAR,4,1,3,4,ITG,ITG2,20,Sardegna
2024-11-03,SAR,13,6,7,13,ITG,ITG2,20,Sardegna
2024-11-23,UMB,1,1,0,1,ITI,ITI2,10,Umbria
2024-10-05,VDA,1,0,1,1,ITC,ITC2,2,Valle d'Aosta / Vallée d'Aoste
2024-10-24,EMR,5753,2764,2989,5753,ITH,ITH5,8,Emilia-Romagna
2024-12-06,LAZ,884,439,445,884,ITI,ITI4,12,Lazio
2024-10-30,MAR,445,217,228,445,ITI,ITI3,11,Marche
2024-10-11,SAR,22,11,11,22,ITG,ITG2,20,Sardegna
2024-11-11,CAM,168,99,69,168,ITF,ITF3,15,Campania
2024-10-01,LOM,394,221,173,394,ITC,ITC4,3,Lombardia
2024-11-08,PAB,364,177,187,364,ITH,ITH1,4,Provincia Autonoma Bolzano / Bozen
2024-11-18,SAR,212,99,113,212,ITG,ITG2,20,Sardegna
2024-10-05,PUG,29,24,5,29,ITF,ITF4,16,Puglia
2024-11-21,SIC,35,18,17,35,ITG,ITG1,19,Sicilia
2024-11-12,MOL,13,10,3,13,ITF,ITF2,14,Molise
2024-10-24,SAR,120,70,50,120,ITG,ITG2,20,Sardegna
2024-12-10,LAZ,639,316,323,639,ITI,ITI4,12,Lazio
2024-10-18,SIC,21,14,7,21,ITG,ITG1,19,Sicilia
2024-10-22,SIC,23,13,10,23,ITG,ITG1,19,Sicilia
2024-12-06,VDA,21,11,10,21,ITC,ITC2,2,Valle d'Aosta / Vallée d'Aoste
2024-10-09,LOM,1822,858,964,1822,ITC,ITC4,3,Lombardia
2024-10-25,PIE,2371,1176,1195,2371,ITC,ITC1,1,Piemonte
2024-12-15,PIE,61,34,27,61,ITC,ITC1,1,Piemonte
2024-12-04,LIG,434,207,227,434,ITC,ITC3,7,Liguria
2024-11-06,EMR,6130,2923,3207,6130,ITH,ITH5,8,Emilia-Romagna
2024-12-05,LAZ,855,402,453,855,ITI,ITI4,12,Lazio
2024-11-08,VEN,1159,529,630,1159,ITH,ITH3,5,Veneto
2024-10-08,TOS,199,83,116,199,ITI,ITI1,9,Toscana
2024-10-21,PUG,306,153,153,306,ITF,ITF4,16,Puglia
2024-09-23,PUG,5,1,4,5,ITF,ITF4,16,Puglia
2024-11-20,LAZ,1519,740,779,1519,ITI,ITI4,12,Lazio
2024-10-23,LIG,571,306,265,571,ITC,ITC3,7,Liguria
2024-12-14,FVG,36,14,22,36,ITH,ITH4,6,Friuli-Venezia Giulia
2024-12-04,MAR,129,62,67,129,ITI,ITI3,11,Marche
2024-12-06,MAR,115,61,54,115,ITI,ITI3,11,Marche
2024-10-28,PIE,1223,591,632,1223,ITC,ITC1,1,Piemonte
2024-12-11,PAB,12,7,5,12,ITH,ITH1,4,Provincia Autonoma Bolzano / Bozen
2024-10-19,LIG,94,43,51,94,ITC,ITC3,7,Liguria
2024-11-10,EMR,528,244,284,528,ITH,ITH5,8,Emilia-Romagna
2024-10-30,SIC,5,2,3,5,ITG,ITG1,19,Sicilia
2024-12-02,LIG,315,119,196,315,ITC,ITC3,7,Liguria
2024-11-04,LAZ,1225,552,673,1225,ITI,ITI4,12,Lazio
2024-10-11,CAM,31,19,12,31,ITF,ITF3,15,Campania
2024-12-17,CAM,61,31,30,61,ITF,ITF3,15,Campania
2024-11-21,UMB,17,6,11,17,ITI,ITI2,10,Umbria
2024-11-23,SIC,11,7,4,11,ITG,ITG1,19,Sicilia
2024-11-26,CAM,144,73,71,144,ITF,ITF3,15,Campania
2024-12-18,MAR,57,26,31,57,ITI,ITI3,11,Marche
2024-12-10,LIG,446,198,248,446,ITC,ITC3,7,Liguria
2024-11-10,LOM,701,337,364,701,ITC,ITC4,3,Lombardia
2024-11-09,CAM,69,37,32,69,ITF,ITF3,15,Campania
2024-11-23,LIG,83,36,47,83,ITC,ITC3,7,Liguria
2024-12-10,PAB,78,41,37,78,ITH,ITH1,4,Provincia Autonoma Bolzano / Bozen
2024-10-15,PUG,284,151,133,284,ITF,ITF4,16,Puglia
2024-11-27,MAR,200,96,104,200,ITI,ITI3,11,Marche
2024-10-31,EMR,3724,1729,1995,3724,ITH,ITH5,8,Emilia-Romagna
2024-10-10,VDA,31,13,18,31,ITC,ITC2,2,Valle d'Aosta / Vallée d'Aoste
2024-10-02,TOS,30,8,22,30,ITI,ITI1,9,Toscana
2024-12-02,PAB,107,56,51,107,ITH,ITH1,4,Provincia Autonoma Bolzano / Bozen
2024-11-02,VEN,153,73,80,153,ITH,ITH3,5,Veneto
2024-10-14,CAM,38,24,14,38,ITF,ITF3,15,Campania
2024-10-17,VDA,121,56,65,121,ITC,ITC2,2,Valle d'Aosta / Vallée d'Aoste
2024-11-29,TOS,1546,690,856,1546,ITI,ITI1,9,Toscana
2024-10-17,LAZ,724,356,368,724,ITI,ITI4,12,Lazio
2024-11-12,CAM,90,53,37,90,ITF,ITF3,15,Campania
2024-11-30,EMR,816,379,437,816,ITH,ITH5,8,Emilia-Romagna
2024-10-02,CAL,4,1,3,4,ITF,ITF6,18,Calabria
2024-11-22,UMB,15,7,8,15,ITI,ITI2,10,Umbria
2024-12-13,EMR,952,457,495,952,ITH,ITH5,8,Emilia-Romagna
2024-11-01,ABR,11,5,6,11,ITF,ITF1,13,Abruzzo
2024-11-21,SAR,202,101,101,202,ITG,ITG2,20,Sardegna
2024-10-02,PUG,39,16,23,39,ITF,ITF4,16,Puglia
2024-10-03,MAR,12,6,6,12,ITI,ITI3,11,Marche
2024-10-08,VDA,32,14,18,32,ITC,ITC2,2,Valle d'Aosta / Vallée d'Aoste
2024-11-21,PAB,288,136,152,288,ITH,ITH1,4,Provincia Autonoma Bolzano / Bozen
2024-11-07,FVG,1067,501,566,1067,ITH,ITH4,6,Friuli-Venezia Giulia
2024-11-25,LAZ,890,420,470,890,ITI,ITI4,12,Lazio
2024-11-14,CAM,122,78,44,122,ITF,ITF3,15,Campania
2024-12-04,UMB,32,17,15,32,ITI,ITI2,10,Umbria
2024-09-30,SAR,12,8,4,12,ITG,ITG2,20,Sardegna
2024-10-01,PAT,11,4,7,11,ITH,ITH2,4,Provincia Autonoma Trento
2024-12-10,MOL,6,4,2,6,ITF,ITF2,14,Molise
2024-11-16,ABR,2,1,1,2,ITF,ITF1,13,Abruzzo
2024-11-21,MOL,5,3,2,5,ITF,ITF2,14,Molise
2024-10-13,LAZ,12,6,6,12,ITI,ITI4,12,Lazio
2024-09-26,PUG,4,2,2,4,ITF,ITF4,16,Puglia
2024-11-08,BAS,5,1,4,5,ITF,ITF5,17,Basilicata
2024-09-21,LAZ,1,0,1,1,ITI,ITI4,12,Lazio
2024-10-09,BAS,7,5,2,7,ITF,ITF5,17,Basilicata
2024-11-28,SIC,21,8,13,21,ITG,ITG1,19,Sicilia
2024-09-18,CAM,4,1,3,4,ITF,ITF3,15,Campania
2024-12-12,MOL,1,0,1,1,ITF,ITF2,14,Molise
2024-10-27,VDA,1,1,0,1,ITC,ITC2,2,Valle d'Aosta / Vallée d'Aoste
2024-12-02,MOL,5,3,2,5,ITF,ITF2,14,Molise
2024-12-10,LOM,1898,782,1116,1898,ITC,ITC4,3,Lombardia
2024-11-26,FVG,477,216,261,477,ITH,ITH4,6,Friuli-Venezia Giulia
2024-11-12,PUG,839,438,401,839,ITF,ITF4,16,Puglia
2024-11-27,LIG,603,277,326,603,ITC,ITC3,7,Liguria
2024-11-08,PUG,755,374,381,755,ITF,ITF4,16,Puglia
2024-11-27,PAB,99,35,64,99,ITH,ITH1,4,Provincia Autonoma Bolzano / Bozen
2024-10-24,PUG,358,185,173,358,ITF,ITF4,16,Puglia
2024-11-04,PAT,284,140,144,284,ITH,ITH2,4,Provincia Autonoma Trento
2024-10-15,MAR,44,22,22,44,ITI,ITI3,11,Marche
2024-09-27,PIE,10,6,4,10,ITC,ITC1,1,Piemonte
2024-10-01,PIE,5,3,2,5,ITC,ITC1,1,Piemonte
2024-10-22,EMR,5102,2486,2616,5102,ITH,ITH5,8,Emilia-Romagna
2024-11-25,EMR,2098,966,1132,2098,ITH,ITH5,8,Emilia-Romagna
2024-11-14,SAR,270,138,132,270,ITG,ITG2,20,Sardegna
2024-11-12,PAT,433,201,232,433,ITH,ITH2,4,Provincia Autonoma Trento
2024-10-09,PUG,61,41,20,61,ITF,ITF4,16,Puglia
2024-11-30,FVG,191,72,119,191,ITH,ITH4,6,Friuli-Venezia Giulia
2024-11-24,MAR,8,4,4,8,ITI,ITI3,11,Marche
2024-11-21,EMR,4024,1917,2107,4024,ITH,ITH5,8,Emilia-Romagna
2024-11-07,VEN,1248,592,656,1248,ITH,ITH3,5,Veneto
2024-12-07,PUG,234,122,112,234,ITF,ITF4,16,Puglia
2024-10-30,VDA,179,82,97,179,ITC,ITC2,2,Valle d'Aosta / Vallée d'Aoste
2024-10-23,LAZ,1715,881,834,1715,ITI,ITI4,12,Lazio
2024-10-14,PAT,36,19,17,36,ITH,ITH2,4,Provincia Autonoma Trento
2024-10-04,LAZ,63,37,26,63,ITI,ITI4,12,Lazio
2024-10-16,LIG,466,258,208,466,ITC,ITC3,7,Liguria
2024-10-15,CAM,65,37,28,65,ITF,ITF3,15,Campania
2024-11-13,VDA,138,74,64,138,ITC,ITC2,2,Valle d'Aosta / Vallée d'Aoste
2024-12-08,PUG,35,16,19,35,ITF,ITF4,16,Puglia
2024-10-21,MAR,131,74,57,131,ITI,ITI3,11,Marche
2024-12-05,VDA,20,8,12,20,ITC,ITC2,2,Valle d'Aosta / Vallée d'Aoste
2024-12-16,LOM,999,446,553,999,ITC,ITC4,3,Lombardia
2024-09-30,CAM,7,5,2,7,ITF,ITF3,15,Campania
2024-11-05,MAR,760,375,385,760,ITI,ITI3,11,Marche
2024-11-18,PUG,502,233,269,502,ITF,ITF4,16,Puglia
2024-11-04,PUG,342,182,160,342,ITF,ITF4,16,Puglia
2024-10-14,PUG,161,88,73,161,ITF,ITF4,16,Puglia
2024-11-25,PAB,137,65,72,137,ITH,ITH1,4,Provincia Autonoma Bolzano / Bozen
2024-12-07,LAZ,199,94,105,199,ITI,ITI4,12,Lazio
2024-12-19,EMR,667,316,351,667,ITH,ITH5,8,Emilia-Romagna
2024-11-27,FVG,717,321,396,717,ITH,ITH4,6,Friuli-Venezia Giulia
2024-12-09,LAZ,563,248,315,563,ITI,ITI4,12,Lazio
2024-12-03,VEN,492,209,283,492,ITH,ITH3,5,Veneto
2024-10-08,PUG,29,20,9,29,ITF,ITF4,16,Puglia
2024-11-25,TOS,1423,689,734,1423,ITI,ITI1,9,Toscana
2024-11-26,SIC,70,38,32,70,ITG,ITG1,19,Sicilia
2024-11-15,BAS,36,26,10,36,ITF,ITF5,17,Basilicata
2024-10-14,SAR,46,28,18,46,ITG,ITG2,20,Sardegna
2024-12-13,PAB,50,26,24,50,ITH,ITH1,4,Provincia Autonoma Bolzano / Bozen
2024-10-19,VDA,31,13,18,31,ITC,ITC2,2,Valle d'Aosta / Vallée d'Aoste
2024-12-04,SAR,53,27,26,53,ITG,ITG2,20,Sardegna
2024-10-19,ABR,14,7,7,14,ITF,ITF1,13,Abruzzo
2024-12-11,ABR,46,23,23,46,ITF,ITF1,13,Abruzzo
2024-12-13,LIG,167,84,83,167,ITC,ITC3,7,Liguria
2024-10-29,LIG,796,392,404,796,ITC,ITC3,7,Liguria
2024-11-11,EMR,3077,1455,1622,3077,ITH,ITH5,8,Emilia-Romagna
2024-10-18,TOS,1900,919,981,1900,ITI,ITI1,9,Toscana
2024-12-15,LOM,102,53,49,102,ITC,ITC4,3,Lombardia
2024-12-08,TOS,14,7,7,14,ITI,ITI1,9,Toscana
2024-10-22,LAZ,1227,639,588,1227,ITI,ITI4,12,Lazio
2024-12-06,TOS,837,393,444,837,ITI,ITI1,9,Toscana
2024-11-11,PIE,1339,640,699,1339,ITC,ITC1,1,Piemonte
2024-11-16,LOM,4474,2160,2314,4474,ITC,ITC4,3,Lombardia
2024-10-10,PAT,8,4,4,8,ITH,ITH2,4,Provincia Autonoma Trento
2024-11-15,FVG,861,443,418,861,ITH,ITH4,6,Friuli-Venezia Giulia
2024-12-11,VEN,368,160,208,368,ITH,ITH3,5,Veneto
2024-10-29,SIC,41,24,17,41,ITG,ITG1,19,Sicilia
2024-12-11,SAR,32,16,16,32,ITG,ITG2,20,Sardegna
2024-10-10,PUG,115,72,43,115,ITF,ITF4,16,Puglia
2024-11-07,CAM,163,92,71,163,ITF,ITF3,15,Campania
2024-11-09,MOL,28,16,12,28,ITF,ITF2,14,Molise
2024-12-11,UMB,40,21,19,40,ITI,ITI2,10,Umbria
2024-10-09,EMR,1246,614,632,1246,ITH,ITH5,8,Emilia-Romagna
2024-11-06,ABR,238,123,115,238,ITF,ITF1,13,Abruzzo
2024-10-24,PAB,637,336,301,637,ITH,ITH1,4,Provincia Autonoma Bolzano / Bozen
2024-12-09,MAR,67,27,40,67,ITI,ITI3,11,Marche
2024-10-10,CAM,18,10,8,18,ITF,ITF3,15,Campania
2024-12-10,SIC,50,25,25,50,ITG,ITG1,19,Sicilia
2024-11-06,LOM,8738,4134,4604,8738,ITC,ITC4,3,Lombardia
2024-11-08,EMR,5921,2820,3101,5921,ITH,ITH5,8,Emilia-Romagna
2024-10-10,PIE,90,50,40,90,ITC,ITC1,1,Piemonte
2024-11-08,UMB,43,19,24,43,ITI,ITI2,10,Umbria
2024-12-02,SIC,21,14,7,21,ITG,ITG1,19,Sicilia
2024-11-22,LIG,398,191,207,398,ITC,ITC3,7,Liguria
2024-10-23,MAR,526,273,253,526,ITI,ITI3,11,Marche
2024-11-29,LAZ,1045,491,554,1045,ITI,ITI4,12,Lazio
2024-11-08,SAR,289,160,129,289,ITG,ITG2,20,Sardegna
2024-12-13,UMB,14,7,7,14,ITI,ITI2,10,Umbria
2024-10-25,VEN,1052,496,556,1052,ITH,ITH3,5,Veneto
2024-12-05,LIG,512,247,265,512,ITC,ITC3,7,Liguria
2024-10-28,PAB,205,87,118,205,ITH,ITH1,4,Provincia Autonoma Bolzano / Bozen
2024-11-05,TOS,2388,1079,1309,2388,ITI,ITI1,9,Toscana
2024-11-18,PAB,235,110,125,235,ITH,ITH1,4,Provincia Autonoma Bolzano / Bozen
2024-11-13,MAR,632,309,323,632,ITI,ITI3,11,Marche
2024-11-20,VDA,103,44,59,103,ITC,ITC2,2,Valle d'Aosta / Vallée d'Aoste
2024-11-16,VEN,756,382,374,756,ITH,ITH3,5,Veneto
2024-10-09,VEN,254,130,124,254,ITH,ITH3,5,Veneto
2024-11-18,VEN,645,290,355,645,ITH,ITH3,5,Veneto
2024-10-11,VEN,346,186,160,346,ITH,ITH3,5,Veneto
2024-10-20,TOS,44,18,26,44,ITI,ITI1,9,Toscana
2024-10-24,VEN,937,414,523,937,ITH,ITH3,5,Veneto
2024-11-07,PIE,2266,1083,1183,2266,ITC,ITC1,1,Piemonte
2024-12-11,LIG,331,136,195,331,ITC,ITC3,7,Liguria
2024-12-04,PAB,30,15,15,30,ITH,ITH1,4,Provincia Autonoma Bolzano / Bozen
2024-10-07,TOS,178,88,90,178,ITI,ITI1,9,Toscana
2024-11-18,UMB,12,7,5,12,ITI,ITI2,10,Umbria
2024-12-13,MOL,4,2,2,4,ITF,ITF2,14,Molise
2024-12-09,LIG,217,107,110,217,ITC,ITC3,7,Liguria
2024-11-22,PAB,236,113,123,236,ITH,ITH1,4,Provincia Autonoma Bolzano / Bozen
2024-10-24,UMB,56,28,28,56,ITI,ITI2,10,Umbria
2024-12-17,PIE,476,207,269,476,ITC,ITC1,1,Piemonte
2024-10-25,LOM,8506,4065,4441,8506,ITC,ITC4,3,Lombardia
2024-11-08,LOM,7783,3711,4072,7783,ITC,ITC4,3,Lombardia
2024-11-15,CAM,114,64,50,114,ITF,ITF3,15,Campania
2024-12-18,FVG,129,62,67,129,ITH,ITH4,6,Friuli-Venezia Giulia
2024-10-19,TOS,558,265,293,558,ITI,ITI1,9,Toscana
2024-11-14,BAS,35,18,17,35,ITF,ITF5,17,Basilicata
2024-09-30,LIG,59,33,26,59,ITC,ITC3,7,Liguria
2024-10-09,SAR,19,10,9,19,ITG,ITG2,20,Sardegna
2024-11-16,SAR,2,1,1,2,ITG,ITG2,20,Sardegna
2024-11-26,MOL,5,3,2,5,ITF,ITF2,14,Molise
2024-12-18,VDA,17,6,11,17,ITC,ITC2,2,Valle d'Aosta / Vallée d'Aoste
2024-11-03,LAZ,9,3,6,9,ITI,ITI4,12,Lazio
2024-12-05,SIC,16,11,5,16,ITG,ITG1,19,Sicilia
2024-12-11,MOL,4,2,2,4,ITF,ITF2,14,Molise
2024-10-14,MOL,6,2,4,6,ITF,ITF2,14,Molise
2024-11-01,PAB,1,0,1,1,ITH,ITH1,4,Provincia Autonoma Bolzano / Bozen
2024-10-11,MOL,6,2,4,6,ITF,ITF2,14,Molise
2024-10-11,UMB,2,1,1,2,ITI,ITI2,10,Umbria
2024-10-04,MOL,6,4,2,6,ITF,ITF2,14,Molise
2024-11-03,MAR,1,1,0,1,ITI,ITI3,11,Marche
2024-10-31,UMB,41,23,18,41,ITI,ITI2,10,Umbria
2024-10-25,FVG,487,257,230,487,ITH,ITH4,6,Friuli-Venezia Giulia
2024-11-28,CAM,138,73,65,138,ITF,ITF3,15,Campania
2024-12-03,MOL,8,4,4,8,ITF,ITF2,14,Molise
2024-11-19,SIC,53,29,24,53,ITG,ITG1,19,Sicilia
2024-12-14,LOM,640,288,352,640,ITC,ITC4,3,Lombardia
2024-10-16,LOM,6957,3387,3570,6957,ITC,ITC4,3,Lombardia
2024-10-18,EMR,3309,1675,1634,3309,ITH,ITH5,8,Emilia-Romagna
2024-11-07,TOS,3160,1480,1680,3160,ITI,ITI1,9,Toscana
2024-10-14,PIE,315,165,150,315,ITC,ITC1,1,Piemonte
2024-09-29,LOM,12,9,3,12,ITC,ITC4,3,Lombardia
2024-10-22,VDA,94,43,51,94,ITC,ITC2,2,Valle d'Aosta / Vallée d'Aoste
2024-11-30,CAM,40,22,18,40,ITF,ITF3,15,Campania
2024-10-19,VEN,406,219,187,406,ITH,ITH3,5,Veneto
2024-11-18,FVG,541,265,276,541,ITH,ITH4,6,Friuli-Venezia Giulia
2024-11-13,LOM,6900,3301,3599,6900,ITC,ITC4,3,Lombardia
2024-12-04,TOS,923,420,503,923,ITI,ITI1,9,Toscana
2024-10-29,VDA,113,53,60,113,ITC,ITC2,2,Valle d'Aosta / Vallée d'Aoste
2024-10-04,VEN,29,9,20,29,ITH,ITH3,5,Veneto
2024-12-19,VDA,7,4,3,7,ITC,ITC2,2,Valle d'Aosta / Vallée d'Aoste
2024-12-14,VEN,112,52,60,112,ITH,ITH3,5,Veneto
2024-11-10,PIE,56,22,34,56,ITC,ITC1,1,Piemonte
2024-09-25,TOS,4,3,1,4,ITI,ITI1,9,Toscana
2024-10-18,LAZ,902,479,423,902,ITI,ITI4,12,Lazio
2024-11-04,FVG,367,162,205,367,ITH,ITH4,6,Friuli-Venezia Giulia
2024-11-28,LIG,697,314,383,697,ITC,ITC3,7,Liguria
2024-11-09,SIC,6,5,1,6,ITG,ITG1,19,Sicilia
2024-10-28,CAM,105,58,47,105,ITF,ITF3,15,Campania
2024-11-21,VDA,71,30,41,71,ITC,ITC2,2,Valle d'Aosta / Vallée d'Aoste
2024-11-06,FVG,894,441,453,894,ITH,ITH4,6,Friuli-Venezia Giulia
2024-12-07,PIE,326,168,158,326,ITC,ITC1,1,Piemonte
2024-11-18,PIE,1384,646,738,1384,ITC,ITC1,1,Piemonte
2024-10-16,MAR,110,60,50,110,ITI,ITI3,11,Marche
2024-11-27,CAM,126,64,62,126,ITF,ITF3,15,Campania
2024-12-05,VEN,435,173,262,435,ITH,ITH3,5,Veneto
2024-11-24,LOM,373,179,194,373,ITC,ITC4,3,Lombardia
2024-10-27,EMR,364,160,204,364,ITH,ITH5,8,Emilia-Romagna
2024-12-02,MAR,131,65,66,131,ITI,ITI3,11,Marche
2024-11-05,PAT,134,63,71,134,ITH,ITH2,4,Provincia Autonoma Trento
2024-11-20,VEN,944,462,482,944,ITH,ITH3,5,Veneto
2024-10-11,PIE,232,113,119,232,ITC,ITC1,1,Piemonte
2024-11-18,PAT,71,35,36,71,ITH,ITH2,4,Provincia Autonoma Trento
2024-11-02,FVG,45,22,23,45,ITH,ITH4,6,Friuli-Venezia Giulia
2024-10-26,FVG,253,129,124,253,ITH,ITH4,6,Friuli-Venezia Giulia
2024-10-10,SAR,41,24,17,41,ITG,ITG2,20,Sardegna
2024-11-05,VDA,64,28,36,64,ITC,ITC2,2,Valle d'Aosta / Vallée d'Aoste
2024-10-27,LAZ,60,27,33,60,ITI,ITI4,12,Lazio
2024-11-26,VEN,771,346,425,771,ITH,ITH3,5,Veneto
2024-11-30,LOM,1488,712,776,1488,ITC,ITC4,3,Lombardia
2024-11-04,MOL,27,11,16,27,ITF,ITF2,14,Molise
2024-11-28,UMB,52,25,27,52,ITI,ITI2,10,Umbria
2024-11-01,PUG,7,3,4,7,ITF,ITF4,16,Puglia
2024-11-27,UMB,69,40,29,69,ITI,ITI2,10,Umbria
2024-10-16,PAB,409,223,186,409,ITH,ITH1,4,Provincia Autonoma Bolzano / Bozen
2024-10-08,SIC,5,3,2,5,ITG,ITG1,19,Sicilia
2024-11-16,EMR,1953,925,1028,1953,ITH,ITH5,8,Emilia-Romagna
2024-12-05,LOM,2688,1169,1519,2688,ITC,ITC4,3,Lombardia
2024-12-16,VEN,133,57,76,133,ITH,ITH3,5,Veneto
2024-10-24,PAT,668,263,405,668,ITH,ITH2,4,Provincia Autonoma Trento
2024-11-13,PIE,1772,822,950,1772,ITC,ITC1,1,Piemonte
2024-11-28,FVG,768,344,424,768,ITH,ITH4,6,Friuli-Venezia Giulia
2024-12-09,VEN,218,89,129,218,ITH,ITH3,5,Veneto
2024-12-11,PIE,691,353,338,691,ITC,ITC1,1,Piemonte
2024-12-12,PUG,339,168,171,339,ITF,ITF4,16,Puglia
2024-10-19,MAR,87,46,41,87,ITI,ITI3,11,Marche
2024-11-23,MAR,68,36,32,68,ITI,ITI3,11,Marche
2024-12-04,SIC,33,18,15,33,ITG,ITG1,19,Sicilia
2024-10-04,PUG,21,12,9,21,ITF,ITF4,16,Puglia
2024-11-02,SIC,13,9,4,13,ITG,ITG1,19,Sicilia
2024-12-14,ABR,15,3,12,15,ITF,ITF1,13,Abruzzo
2024-12-07,PAT,18,7,11,18,ITH,ITH2,4,Provincia Autonoma Trento
2024-10-08,PAT,17,10,7,17,ITH,ITH2,4,Provincia Autonoma Trento
2024-11-13,ABR,26,11,15,26,ITF,ITF1,13,Abruzzo
2024-10-09,PAT,53,26,27,53,ITH,ITH2,4,Provincia Autonoma Trento
2024-12-18,MOL,3,2,1,3,ITF,ITF2,14,Molise
2024-09-26,CAM,1,1,0,1,ITF,ITF3,15,Campania
2024-12-01,PUG,8,3,5,8,ITF,ITF4,16,Puglia
2024-12-15,VEN,1,1,0,1,ITH,ITH3,5,Veneto
2024-11-24,ABR,3,3,0,3,ITF,ITF1,13,Abruzzo
2024-10-04,PAT,4,3,1,4,ITH,ITH2,4,Provincia Autonoma Trento
2024-09-27,TOS,1,0,1,1,ITI,ITI1,9,Toscana
2024-11-24,VDA,1,1,0,1,ITC,ITC2,2,Valle d'Aosta / Vallée d'Aoste
2024-11-09,TOS,914,440,474,914,ITI,ITI1,9,Toscana
2024-12-13,TOS,584,268,316,584,ITI,ITI1,9,Toscana
2024-12-11,TOS,565,273,292,565,ITI,ITI1,9,Toscana
2024-11-25,ABR,117,57,60,117,ITF,ITF1,13,Abruzzo
2024-10-23,FVG,467,237,230,467,ITH,ITH4,6,Friuli-Venezia Giulia
2024-11-04,ABR,248,136,112,248,ITF,ITF1,13,Abruzzo
2024-11-18,MAR,209,108,101,209,ITI,ITI3,11,Marche
2024-11-28,VEN,970,436,534,970,ITH,ITH3,5,Veneto
2024-11-04,UMB,46,25,21,46,ITI,ITI2,10,Umbria
2024-10-09,LIG,102,54,48,102,ITC,ITC3,7,Liguria
2024-10-30,PUG,554,290,264,554,ITF,ITF4,16,Puglia
2024-11-17,LOM,497,233,264,497,ITC,ITC4,3,Lombardia
2024-11-12,VDA,79,47,32,79,ITC,ITC2,2,Valle d'Aosta / Vallée d'Aoste
2024-10-17,SAR,99,45,54,99,ITG,ITG2,20,Sardegna
2024-11-22,FVG,1024,466,558,1024,ITH,ITH4,6,Friuli-Venezia Giulia
2024-11-23,PUG,86,48,38,86,ITF,ITF4,16,Puglia
2024-10-07,LOM,1033,507,526,1033,ITC,ITC4,3,Lombardia
2024-11-05,PUG,725,394,331,725,ITF,ITF4,16,Puglia
2024-12-09,FVG,238,106,132,238,ITH,ITH4,6,Friuli-Venezia Giulia
2024-10-16,TOS,1388,642,746,1388,ITI,ITI1,9,Toscana
2024-11-06,MAR,623,291,332,623,ITI,ITI3,11,Marche
2024-09-27,LIG,19,14,5,19,ITC,ITC3,7,Liguria
2024-09-24,LOM,62,33,29,62,ITC,ITC4,3,Lombardia
2024-11-27,EMR,3093,1443,1650,3093,ITH,ITH5,8,Emilia-Romagna
2024-10-11,LAZ,351,193,158,351,ITI,ITI4,12,Lazio
2024-11-14,LIG,851,380,471,851,ITC,ITC3,7,Liguria
2024-11-26,TOS,1443,669,774,1443,ITI,ITI1,9,Toscana
2024-10-21,PAB,224,124,100,224,ITH,ITH1,4,Provincia Autonoma Bolzano / Bozen
2024-10-29,TOS,2550,1175,1375,2550,ITI,ITI1,9,Toscana
2024-11-10,SIC,1,0,1,1,ITG,ITG1,19,Sicilia
2024-11-07,LIG,905,439,466,905,ITC,ITC3,7,Liguria
2024-12-17,MAR,69,34,35,69,ITI,ITI3,11,Marche
2024-10-24,VDA,118,61,57,118,ITC,ITC2,2,Valle d'Aosta / Vallée d'Aoste
2024-11-24,PUG,10,5,5,10,ITF,ITF4,16,Puglia
2024-10-22,CAM,74,44,30,74,ITF,ITF3,15,Campania
2024-11-28,PUG,671,332,339,671,ITF,ITF4,16,Puglia
2024-10-04,VDA,3,2,1,3,ITC,ITC2,2,Valle d'Aosta / Vallée d'Aoste
2024-10-17,ABR,216,129,87,216,ITF,ITF1,13,Abruzzo
2024-11-28,EMR,2821,1376,1445,2821,ITH,ITH5,8,Emilia-Romagna
2024-11-25,FVG,540,260,280,540,ITH,ITH4,6,Friuli-Venezia Giulia
2024-10-17,PIE,677,346,331,677,ITC,ITC1,1,Piemonte
2024-11-11,LIG,415,206,209,415,ITC,ITC3,7,Liguria
2024-12-16,FVG,228,94,134,228,ITH,ITH4,6,Friuli-Venezia Giulia
2024-10-19,PAT,54,27,27,54,ITH,ITH2,4,Provincia Autonoma Trento
2024-10-18,FVG,224,111,113,224,ITH,ITH4,6,Friuli-Venezia Giulia
2024-11-11,PAB,243,117,126,243,ITH,ITH1,4,Provincia Autonoma Bolzano / Bozen
2024-12-11,LAZ,1035,507,528,1035,ITI,ITI4,12,Lazio
2024-11-26,LAZ,1171,508,663,1171,ITI,ITI4,12,Lazio
2024-11-16,LAZ,420,226,194,420,ITI,ITI4,12,Lazio
2024-11-27,VEN,900,426,474,900,ITH,ITH3,5,Veneto
2024-11-13,PUG,775,401,374,775,ITF,ITF4,16,Puglia
2024-11-20,LOM,5596,2477,3119,5596,ITC,ITC4,3,Lombardia
2024-10-19,PUG,53,20,33,53,ITF,ITF4,16,Puglia
2024-11-11,UMB,28,10,18,28,ITI,ITI2,10,Umbria
2024-11-22,VDA,59,32,27,59,ITC,ITC2,2,Valle d'Aosta / Vallée d'Aoste
2024-11-02,PUG,29,12,17,29,ITF,ITF4,16,Puglia
2024-10-30,PAT,141,52,89,141,ITH,ITH2,4,Provincia Autonoma Trento
2024-11-09,MAR,340,169,171,340,ITI,ITI3,11,Marche
2024-12-18,LOM,1108,429,679,1108,ITC,ITC4,3,Lombardia
2024-11-20,FVG,621,303,318,621,ITH,ITH4,6,Friuli-Venezia Giulia
2024-11-13,PAT,428,216,212,428,ITH,ITH2,4,Provincia Autonoma Trento
2024-10-11,TOS,701,309,392,701,ITI,ITI1,9,Toscana
2024-11-18,VDA,8,1,7,8,ITC,ITC2,2,Valle d'Aosta / Vallée d'Aoste
2024-10-03,PUG,14,9,5,14,ITF,ITF4,16,Puglia
2024-10-28,LAZ,646,320,326,646,ITI,ITI4,12,Lazio
2024-11-21,FVG,842,413,429,842,ITH,ITH4,6,Friuli-Venezia Giulia
2024-11-29,LOM,3385,1561,1824,3385,ITC,ITC4,3,Lombardia
2024-10-12,TOS,266,118,148,266,ITI,ITI1,9,Toscana
2024-12-06,LOM,1935,807,1128,1935,ITC,ITC4,3,Lombardia
2024-11-02,TOS,192,96,96,192,ITI,ITI1,9,Toscana
2024-12-11,LOM,1674,717,957,1674,ITC,ITC4,3,Lombardia
2024-10-31,SAR,136,73,63,136,ITG,ITG2,20,Sardegna
2024-11-02,PAB,10,5,5,10,ITH,ITH1,4,Provincia Autonoma Bolzano / Bozen
2024-10-29,ABR,164,80,84,164,ITF,ITF1,13,Abruzzo
2024-11-03,EMR,354,167,187,354,ITH,ITH5,8,Emilia-Romagna
2024-11-22,EMR,3801,1775,2026,3801,ITH,ITH5,8,Emilia-Romagna
2024-10-23,VEN,843,393,450,843,ITH,ITH3,5,Veneto
2024-10-21,SAR,90,49,41,90,ITG,ITG2,20,Sardegna
2024-11-14,PAT,502,236,266,502,ITH,ITH2,4,Provincia Autonoma Trento
2024-12-13,MAR,102,46,56,102,ITI,ITI3,11,Marche
2024-12-05,PAT,93,38,55,93,ITH,ITH2,4,Provincia Autonoma Trento
2024-12-17,SIC,51,25,26,51,ITG,ITG1,19,Sicilia
2024-11-05,VEN,1168,553,615,1168,ITH,ITH3,5,Veneto
2024-10-29,PIE,2188,994,1194,2188,ITC,ITC1,1,Piemonte
2024-10-11,LOM,2286,1019,1267,2286,ITC,ITC4,3,Lombardia
2024-10-26,TOS,719,331,388,719,ITI,ITI1,9,Toscana
2024-10-16,ABR,118,65,53,118,ITF,ITF1,13,Abruzzo
2024-12-13,LOM,1516,679,837,1516,ITC,ITC4,3,Lombardia
2024-11-14,PUG,803,410,393,803,ITF,ITF4,16,Puglia
2024-10-21,LAZ,1146,603,543,1146,ITI,ITI4,12,Lazio
2024-12-05,PUG,499,242,257,499,ITF,ITF4,16,Puglia
2024-11-02,UMB,6,2,4,6,ITI,ITI2,10,Umbria
2024-11-03,TOS,2,0,2,2,ITI,ITI1,9,Toscana
2024-10-08,FVG,24,7,17,24,ITH,ITH4,6,Friuli-Venezia Giulia
2024-10-02,VEN,15,10,5,15,ITH,ITH3,5,Veneto
2024-10-26,UMB,6,4,2,6,ITI,ITI2,10,Umbria
2024-10-12,SIC,1,1,0,1,ITG,ITG1,19,Sicilia
2024-10-07,ABR,7,3,4,7,ITF,ITF1,13,Abruzzo
2024-09-26,EMR,12,6,6,12,ITH,ITH5,8,Emilia-Romagna
2024-12-13,ABR,40,22,18,40,ITF,ITF1,13,Abruzzo
2024-12-02,VDA,8,2,6,8,ITC,ITC2,2,Valle d'Aosta / Vallée d'Aoste
2024-12-01,PIE,17,4,13,17,ITC,ITC1,1,Piemonte
2024-10-11,FVG,1,1,0,1,ITH,ITH4,6,Friuli-Venezia Giulia
2024-11-10,LIG,1,0,1,1,ITC,ITC3,7,Liguria
2024-12-03,VDA,1,1,0,1,ITC,ITC2,2,Valle d'Aosta / Vallée d'Aoste
2024-11-04,LOM,6639,3151,3488,6639,ITC,ITC4,3,Lombardia
2024-10-25,TOS,2639,1219,1420,2639,ITI,ITI1,9,Toscana
2024-10-07,EMR,532,234,298,532,ITH,ITH5,8,Emilia-Romagna
2024-10-04,FVG,61,25,36,61,ITH,ITH4,6,Friuli-Venezia Giulia
2024-10-22,PUG,402,214,188,402,ITF,ITF4,16,Puglia
2024-12-12,PAT,40,21,19,40,ITH,ITH2,4,Provincia Autonoma Trento
2024-10-18,ABR,68,42,26,68,ITF,ITF1,13,Abruzzo
2024-11-21,PAT,338,153,185,338,ITH,ITH2,4,Provincia Autonoma Trento
2024-12-08,LOM,79,30,49,79,ITC,ITC4,3,Lombardia
2024-11-06,LAZ,1985,999,986,1985,ITI,ITI4,12,Lazio
2024-10-22,PAT,441,193,248,441,ITH,ITH2,4,Provincia Autonoma Trento
2024-12-16,ABR,64,31,33,64,ITF,ITF1,13,Abruzzo
2024-12-08,VEN,1,0,1,1,ITH,ITH3,5,Veneto
2024-11-14,VDA,126,54,72,126,ITC,ITC2,2,Valle d'Aosta / Vallée d'Aoste
2024-10-03,EMR,86,45,41,86,ITH,ITH5,8,Emilia-Romagna
2024-09-26,LIG,7,2,5,7,ITC,ITC3,7,Liguria
2024-11-19,TOS,1640,764,876,1640,ITI,ITI1,9,Toscana
2024-11-23,PIE,676,357,319,676,ITC,ITC1,1,Piemonte
2024-11-25,LOM,3946,1857,2089,3946,ITC,ITC4,3,Lombardia
2024-11-03,ABR,26,13,13,26,ITF,ITF1,13,Abruzzo
2024-11-04,PAB,221,111,110,221,ITH,ITH1,4,Provincia Autonoma Bolzano / Bozen
2024-11-08,TOS,2867,1393,1474,2867,ITI,ITI1,9,Toscana
2024-10-17,UMB,14,8,6,14,ITI,ITI2,10,Umbria
2024-11-10,TOS,23,16,7,23,ITI,ITI1,9,Toscana
2024-11-07,VDA,153,88,65,153,ITC,ITC2,2,Valle d'Aosta / Vallée d'Aoste
2024-12-07,CAM,29,12,17,29,ITF,ITF3,15,Campania
2024-09-25,LIG,27,17,10,27,ITC,ITC3,7,Liguria
2024-12-03,LAZ,784,368,416,784,ITI,ITI4,12,Lazio
2024-10-12,PUG,37,16,21,37,ITF,ITF4,16,Puglia
2024-11-20,CAM,172,99,73,172,ITF,ITF3,15,Campania
2024-11-22,CAM,134,65,69,134,ITF,ITF3,15,Campania
2024-12-19,PAT,63,29,34,63,ITH,ITH2,4,Provincia Autonoma Trento
2024-12-05,ABR,62,33,29,62,ITF,ITF1,13,Abruzzo
2024-12-08,EMR,99,42,57,99,ITH,ITH5,8,Emilia-Romagna
2024-10-17,PAB,461,241,220,461,ITH,ITH1,4,Provincia Autonoma Bolzano / Bozen
2024-10-14,VDA,67,31,36,67,ITC,ITC2,2,Valle d'Aosta / Vallée d'Aoste
2024-12-06,CAM,96,47,49,96,ITF,ITF3,15,Campania
2024-12-15,LAZ,12,6,6,12,ITI,ITI4,12,Lazio
2024-11-21,PUG,594,326,268,594,ITF,ITF4,16,Puglia
2024-12-10,PIE,656,317,339,656,ITC,ITC1,1,Piemonte
2024-10-13,EMR,59,21,38,59,ITH,ITH5,8,Emilia-Romagna
2024-12-19,VEN,140,72,68,140,ITH,ITH3,5,Veneto
2024-11-10,PUG,33,16,17,33,ITF,ITF4,16,Puglia
2024-12-10,ABR,69,34,35,69,ITF,ITF1,13,Abruzzo
2024-11-14,MAR,711,344,367,711,ITI,ITI3,11,Marche
2024-12-17,LAZ,334,150,184,334,ITI,ITI4,12,Lazio
2024-10-19,FVG,75,31,44,75,ITH,ITH4,6,Friuli-Venezia Giulia
2024-11-15,LIG,574,265,309,574,ITC,ITC3,7,Liguria
2024-12-02,PAT,69,30,39,69,ITH,ITH2,4,Provincia Autonoma Trento
2024-12-09,CAM,83,47,36,83,ITF,ITF3,15,Campania
2024-11-19,PUG,864,424,440,864,ITF,ITF4,16,Puglia
2024-10-09,VDA,44,25,19,44,ITC,ITC2,2,Valle d'Aosta / Vallée d'Aoste
2024-10-19,PIE,349,161,188,349,ITC,ITC1,1,Piemonte
2024-10-30,EMR,6085,2855,3230,6085,ITH,ITH5,8,Emilia-Romagna
2024-12-02,PUG,350,183,167,350,ITF,ITF4,16,Puglia
2024-11-15,MAR,281,150,131,281,ITI,ITI3,11,Marche
2024-11-07,SIC,10,5,5,10,ITG,ITG1,19,Sicilia
2024-12-12,TOS,544,249,295,544,ITI,ITI1,9,Toscana
2024-10-23,LOM,9002,4363,4639,9002,ITC,ITC4,3,Lombardia
2024-10-29,PUG,655,354,301,655,ITF,ITF4,16,Puglia
2024-10-07,VEN,102,49,53,102,ITH,ITH3,5,Veneto
2024-11-09,LAZ,774,366,408,774,ITI,ITI4,12,Lazio
2024-12-09,PAT,82,30,52,82,ITH,ITH2,4,Provincia Autonoma Trento
2024-11-13,BAS,41,22,19,41,ITF,ITF5,17,Basilicata
2024-10-02,LIG,86,43,43,86,ITC,ITC3,7,Liguria
2024-11-04,EMR,2934,1375,1559,2934,ITH,ITH5,8,Emilia-Romagna
2024-12-05,FVG,465,188,277,465,ITH,ITH4,6,Friuli-Venezia Giulia
2024-10-31,PUG,522,286,236,522,ITF,ITF4,16,Puglia
2024-10-15,LIG,450,252,198,450,ITC,ITC3,7,Liguria
2024-11-04,VEN,769,330,439,769,ITH,ITH3,5,Veneto
2024-10-29,PAT,338,181,157,338,ITH,ITH2,4,Provincia Autonoma Trento
2024-11-01,TOS,62,28,34,62,ITI,ITI1,9,Toscana
2024-10-09,SIC,6,5,1,6,ITG,ITG1,19,Sicilia
2024-10-22,VEN,695,300,395,695,ITH,ITH3,5,Veneto
2024-11-05,PIE,1779,806,973,1779,ITC,ITC1,1,Piemonte
2024-10-08,VEN,192,95,97,192,ITH,ITH3,5,Veneto
2024-11-17,EMR,281,132,149,281,ITH,ITH5,8,Emilia-Romagna
2024-10-31,PAT,284,130,154,284,ITH,ITH2,4,Provincia Autonoma Trento
2024-12-14,EMR,257,111,146,257,ITH,ITH5,8,Emilia-Romagna
2024-12-19,CAM,65,34,31,65,ITF,ITF3,15,Campania
2024-09-23,LIG,7,5,2,7,ITC,ITC3,7,Liguria
2024-10-15,SAR,57,22,35,57,ITG,ITG2,20,Sardegna
2024-10-03,CAM,7,6,1,7,ITF,ITF3,15,Campania
2024-11-23,PAT,30,14,16,30,ITH,ITH2,4,Provincia Autonoma Trento
2024-12-12,VDA,18,6,12,18,ITC,ITC2,2,Valle d'Aosta / Vallée d'Aoste
2024-10-03,PAT,25,15,10,25,ITH,ITH2,4,Provincia Autonoma Trento
2024-10-26,PUG,49,28,21,49,ITF,ITF4,16,Puglia
2024-11-08,SIC,56,35,21,56,ITG,ITG1,19,Sicilia
2024-11-17,VEN,3,1,2,3,ITH,ITH3,5,Veneto
2024-10-25,SIC,34,17,17,34,ITG,ITG1,19,Sicilia
2024-10-08,ABR,12,5,7,12,ITF,ITF1,13,Abruzzo
2024-10-14,LIG,238,128,110,238,ITC,ITC3,7,Liguria
2024-09-29,EMR,2,1,1,2,ITH,ITH5,8,Emilia-Romagna
2024-12-08,ABR,2,1,1,2,ITF,ITF1,13,Abruzzo
2024-11-10,VDA,1,1,0,1,ITC,ITC2,2,Valle d'Aosta / Vallée d'Aoste
2024-12-09,VDA,3,1,2,3,ITC,ITC2,2,Valle d'Aosta / Vallée d'Aoste
2024-10-01,SIC,1,0,1,1,ITG,ITG1,19,Sicilia
2024-10-28,SAR,121,58,63,121,ITG,ITG2,20,Sardegna
2024-11-12,PAB,433,205,228,433,ITH,ITH1,4,Provincia Autonoma Bolzano / Bozen
2024-10-21,FVG,258,138,120,258,ITH,ITH4,6,Friuli-Venezia Giulia
2024-10-16,UMB,11,6,5,11,ITI,ITI2,10,Umbria
2024-10-11,EMR,1545,692,853,1545,ITH,ITH5,8,Emilia-Romagna
2024-09-27,PAT,17,8,9,17,ITH,ITH2,4,Provincia Autonoma Trento
2024-10-26,LIG,82,38,44,82,ITC,ITC3,7,Liguria
2024-11-28,TOS,1699,780,919,1699,ITI,ITI1,9,Toscana
2024-10-28,EMR,3955,1836,2119,3955,ITH,ITH5,8,Emilia-Romagna
2024-10-17,TOS,2004,971,1033,2004,ITI,ITI1,9,Toscana
2024-12-16,SIC,23,14,9,23,ITG,ITG1,19,Sicilia
2024-11-27,LAZ,1459,689,770,1459,ITI,ITI4,12,Lazio
2024-12-03,LOM,2558,1104,1454,2558,ITC,ITC4,3,Lombardia
2024-11-09,VEN,2994,1545,1449,2994,ITH,ITH3,5,Veneto
2024-10-30,TOS,2781,1278,1503,2781,ITI,ITI1,9,Toscana
2024-12-18,LAZ,316,143,173,316,ITI,ITI4,12,Lazio
2024-11-11,BAS,72,36,36,72,ITF,ITF5,17,Basilicata
2024-12-19,LAZ,296,140,156,296,ITI,ITI4,12,Lazio
2024-10-03,LAZ,29,19,10,29,ITI,ITI4,12,Lazio
2024-11-27,VDA,57,32,25,57,ITC,ITC2,2,Valle d'Aosta / Vallée d'Aoste
2024-10-28,VEN,784,353,431,784,ITH,ITH3,5,Veneto
2024-11-07,ABR,297,156,141,297,ITF,ITF1,13,Abruzzo
2024-10-29,MOL,21,14,7,21,ITF,ITF2,14,Molise
2024-10-02,LOM,317,158,159,317,ITC,ITC4,3,Lombardia
2024-10-04,LIG,58,30,28,58,ITC,ITC3,7,Liguria
2024-11-09,ABR,19,11,8,19,ITF,ITF1,13,Abruzzo
2024-10-25,EMR,5080,2407,2673,5080,ITH,ITH5,8,Emilia-Romagna
2024-11-26,PAB,269,125,144,269,ITH,ITH1,4,Provincia Autonoma Bolzano / Bozen
2024-11-29,FVG,779,365,414,779,ITH,ITH4,6,Friuli-Venezia Giulia
2024-11-14,UMB,56,32,24,56,ITI,ITI2,10,Umbria
2024-12-03,ABR,110,60,50,110,ITF,ITF1,13,Abruzzo
2024-12-16,LAZ,227,104,123,227,ITI,ITI4,12,Lazio
2024-11-12,UMB,26,11,15,26,ITI,ITI2,10,Umbria
2024-12-17,ABR,58,30,28,58,ITF,ITF1,13,Abruzzo
2024-11-09,EMR,2584,1276,1308,2584,ITH,ITH5,8,Emilia-Romagna
2024-09-20,LOM,30,16,14,30,ITC,ITC4,3,Lombardia
2024-11-22,MAR,397,191,206,397,ITI,ITI3,11,Marche
2024-11-12,SAR,448,215,233,448,ITG,ITG2,20,Sardegna
2024-11-12,VEN,1176,583,593,1176,ITH,ITH3,5,Veneto
2024-12-12,PAB,14,7,7,14,ITH,ITH1,4,Provincia Autonoma Bolzano / Bozen
2024-11-26,UMB,22,16,6,22,ITI,ITI2,10,Umbria
2024-11-07,BAS,18,7,11,18,ITF,ITF5,17,Basilicata
2024-09-27,CAM,6,3,3,6,ITF,ITF3,15,Campania
2024-11-12,EMR,4893,2357,2536,4893,ITH,ITH5,8,Emilia-Romagna
2024-10-03,SIC,3,2,1,3,ITG,ITG1,19,Sicilia
2024-10-24,MOL,20,9,11,20,ITF,ITF2,14,Molise
2024-12-05,MAR,99,37,62,99,ITI,ITI3,11,Marche
2024-11-18,MOL,18,7,11,18,ITF,ITF2,14,Molise
2024-11-29,VDA,48,22,26,48,ITC,ITC2,2,Valle d'Aosta / Vallée d'Aoste
2024-11-02,LIG,4,1,3,4,ITC,ITC3,7,Liguria
2024-10-28,LOM,7376,3464,3912,7376,ITC,ITC4,3,Lombardia
2024-10-07,PAT,39,17,22,39,ITH,ITH2,4,Provincia Autonoma Trento
2024-11-16,PIE,451,222,229,451,ITC,ITC1,1,Piemonte
2024-10-23,MOL,5,3,2,5,ITF,ITF2,14,Molise
2024-10-21,VDA,86,42,44,86,ITC,ITC2,2,Valle d'Aosta / Vallée d'Aoste
2024-11-11,PUG,575,265,310,575,ITF,ITF4,16,Puglia
2024-11-04,TOS,1782,855,927,1782,ITI,ITI1,9,Toscana
2024-11-13,LIG,624,311,313,624,ITC,ITC3,7,Liguria
2024-11-11,ABR,19,9,10,19,ITF,ITF1,13,Abruzzo
2024-11-11,PAT,226,101,125,226,ITH,ITH2,4,Provincia Autonoma Trento
2024-11-26,LIG,1123,542,581,1123,ITC,ITC3,7,Liguria
2024-11-06,SAR,426,204,222,426,ITG,ITG2,20,Sardegna
2024-11-14,ABR,30,16,14,30,ITF,ITF1,13,Abruzzo
2024-11-06,VEN,1204,569,635,1204,ITH,ITH3,5,Veneto
2024-12-07,LIG,42,15,27,42,ITC,ITC3,7,Liguria
2024-12-17,VEN,209,94,115,209,ITH,ITH3,5,Veneto
2024-12-03,PIE,911,441,470,911,ITC,ITC1,1,Piemonte
2024-11-24,LIG,4,0,4,4,ITC,ITC3,7,Liguria
2024-12-17,SAR,41,18,23,41,ITG,ITG2,20,Sardegna
2024-11-13,MOL,3,1,2,3,ITF,ITF2,14,Molise
2024-10-13,TOS,47,16,31,47,ITI,ITI1,9,Toscana
2024-10-07,PUG,13,11,2,13,ITF,ITF4,16,Puglia
2024-10-14,UMB,3,0,3,3,ITI,ITI2,10,Umbria
2024-11-09,UMB,6,3,3,6,ITI,ITI2,10,Umbria
2024-11-16,UMB,7,4,3,7,ITI,ITI2,10,Umbria
2024-09-21,TOS,8,3,5,8,ITI,ITI1,9,Toscana
2024-10-31,SIC,6,3,3,6,ITG,ITG1,19,Sicilia
2024-11-16,PAB,1,0,1,1,ITH,ITH1,4,Provincia Autonoma Bolzano / Bozen
2024-11-20,SAR,227,117,110,227,ITG,ITG2,20,Sardegna
2024-11-21,LOM,5025,2326,2699,5025,ITC,ITC4,3,Lombardia
2024-11-15,LAZ,1575,788,787,1575,ITI,ITI4,12,Lazio
2024-12-04,LAZ,1072,480,592,1072,ITI,ITI4,12,Lazio
2024-10-14,VEN,436,193,243,436,ITH,ITH3,5,Veneto
2024-12-04,VEN,446,188,258,446,ITH,ITH3,5,Veneto
2024-10-10,VEN,399,173,226,399,ITH,ITH3,5,Veneto
2024-12-13,CAM,76,35,41,76,ITF,ITF3,15,Campania
2024-10-18,PIE,1058,552,506,1058,ITC,ITC1,1,Piemonte
2024-11-02,LAZ,121,58,63,121,ITI,ITI4,12,Lazio
2024-11-07,SAR,442,224,218,442,ITG,ITG2,20,Sardegna
2024-11-08,VDA,144,74,70,144,ITC,ITC2,2,Valle d'Aosta / Vallée d'Aoste
2024-11-29,PAT,226,116,110,226,ITH,ITH2,4,Provincia Autonoma Trento
2024-11-15,UMB,49,23,26,49,ITI,ITI2,10,Umbria
2024-10-29,CAM,111,60,51,111,ITF,ITF3,15,Campania
2024-12-12,SIC,16,7,9,16,ITG,ITG1,19,Sicilia
2024-10-30,BAS,15,7,8,15,ITF,ITF5,17,Basilicata
2024-10-20,PIE,6,2,4,6,ITC,ITC1,1,Piemonte
2024-11-10,PAT,8,4,4,8,ITH,ITH2,4,Provincia Autonoma Trento
2024-11-29,MOL,2,2,0,2,ITF,ITF2,14,Molise
2024-11-03,FVG,1,1,0,1,ITH,ITH4,6,Friuli-Venezia Giulia
2024-11-11,SIC,6,3,3,6,ITG,ITG1,19,Sicilia
2024-10-03,VEN,5,1,4,5,ITH,ITH3,5,Veneto
2024-10-13,VEN,1,0,1,1,ITH,ITH3,5,Veneto
2024-11-11,TOS,1759,847,912,1759,ITI,ITI1,9,Toscana
2024-10-31,PIE,2243,1031,1212,2243,ITC,ITC1,1,Piemonte
2024-11-08,LIG,474,228,246,474,ITC,ITC3,7,Liguria
2024-10-16,LAZ,668,341,327,668,ITI,ITI4,12,Lazio
2024-11-15,VEN,1104,498,606,1104,ITH,ITH3,5,Veneto
2024-10-18,VDA,136,68,68,136,ITC,ITC2,2,Valle d'Aosta / Vallée d'Aoste
2024-10-24,LIG,824,421,403,824,ITC,ITC3,7,Liguria
2024-11-27,PUG,588,298,290,588,ITF,ITF4,16,Puglia
2024-11-06,VDA,190,81,109,190,ITC,ITC2,2,Valle d'Aosta / Vallée d'Aoste
2024-11-19,ABR,181,103,78,181,ITF,ITF1,13,Abruzzo
2024-10-17,MAR,157,77,80,157,ITI,ITI3,11,Marche
2024-12-04,LOM,2369,1044,1325,2369,ITC,ITC4,3,Lombardia
2024-10-20,LOM,939,470,469,939,ITC,ITC4,3,Lombardia
2024-10-29,LAZ,1693,854,839,1693,ITI,ITI4,12,Lazio
2024-12-16,EMR,549,266,283,549,ITH,ITH5,8,Emilia-Romagna
2024-12-19,UMB,6,4,2,6,ITI,ITI2,10,Umbria
2024-12-06,SIC,52,19,33,52,ITG,ITG1,19,Sicilia
2024-11-29,PIE,1466,719,747,1466,ITC,ITC1,1,Piemonte
2024-10-15,PAB,419,222,197,419,ITH,ITH1,4,Provincia Autonoma Bolzano / Bozen
2024-10-08,LOM,1593,706,887,1593,ITC,ITC4,3,Lombardia
2024-12-13,PIE,753,356,397,753,ITC,ITC1,1,Piemonte
2024-11-16,FVG,678,333,345,678,ITH,ITH4,6,Friuli-Venezia Giulia
2024-10-27,LOM,589,287,302,589,ITC,ITC4,3,Lombardia
2024-11-05,PAB,66,30,36,66,ITH,ITH1,4,Provincia Autonoma Bolzano / Bozen
2024-10-07,SIC,11,10,1,11,ITG,ITG1,19,Sicilia
2024-12-01,LOM,202,80,122,202,ITC,ITC4,3,Lombardia
2024-11-18,LOM,5249,2467,2782,5249,ITC,ITC4,3,Lombardia
2024-11-21,LAZ,1593,731,862,1593,ITI,ITI4,12,Lazio
2024-12-04,EMR,1824,861,963,1824,ITH,ITH5,8,Emilia-Romagna
2024-12-10,TOS,567,268,299,567,ITI,ITI1,9,Toscana
2024-10-23,EMR,5521,2659,2862,5521,ITH,ITH5,8,Emilia-Romagna
2024-11-18,CAM,141,70,71,141,ITF,ITF3,15,Campania
2024-10-01,TOS,44,12,32,44,ITI,ITI1,9,Toscana
2024-11-07,PAT,85,29,56,85,ITH,ITH2,4,Provincia Autonoma Trento
2024-11-15,SAR,196,96,100,196,ITG,ITG2,20,Sardegna
2024-10-08,LIG,128,68,60,128,ITC,ITC3,7,Liguria
2024-10-15,PIE,394,217,177,394,ITC,ITC1,1,Piemonte
2024-10-25,PAB,303,141,162,303,ITH,ITH1,4,Provincia Autonoma Bolzano / Bozen
2024-10-25,LIG,322,157,165,322,ITC,ITC3,7,Liguria
2024-11-28,MAR,195,97,98,195,ITI,ITI3,11,Marche
2024-11-21,TOS,2219,972,1247,2219,ITI,ITI1,9,Toscana
2024-11-05,LIG,1203,604,599,1203,ITC,ITC3,7,Liguria
2024-10-09,FVG,24,13,11,24,ITH,ITH4,6,Friuli-Venezia Giulia
2024-11-11,LAZ,1173,560,613,1173,ITI,ITI4,12,Lazio
2024-12-05,TOS,910,433,477,910,ITI,ITI1,9,Toscana
2024-10-24,LOM,9036,4373,4663,9036,ITC,ITC4,3,Lombardia
2024-11-18,LIG,298,157,141,298,ITC,ITC3,7,Liguria
2024-10-18,MAR,221,106,115,221,ITI,ITI3,11,Marche
2024-11-15,PAT,212,98,114,212,ITH,ITH2,4,Provincia Autonoma Trento
2024-12-16,UMB,11,3,8,11,ITI,ITI2,10,Umbria
2024-11-10,MAR,34,13,21,34,ITI,ITI3,11,Marche
2024-12-19,FVG,160,80,80,160,ITH,ITH4,6,Friuli-Venezia Giulia
2024-11-15,PUG,748,360,388,748,ITF,ITF4,16,Puglia
2024-11-22,TOS,2015,952,1063,2015,ITI,ITI1,9,Toscana
2024-11-27,PAT,364,169,195,364,ITH,ITH2,4,Provincia Autonoma Trento
2024-11-20,SIC,32,19,13,32,ITG,ITG1,19,Sicilia
2024-11-01,LOM,420,192,228,420,ITC,ITC4,3,Lombardia
2024-10-07,LAZ,122,61,61,122,ITI,ITI4,12,Lazio
2024-11-07,PUG,659,331,328,659,ITF,ITF4,16,Puglia
2024-12-02,LAZ,525,227,298,525,ITI,ITI4,12,Lazio
2024-12-05,PAB,49,29,20,49,ITH,ITH1,4,Provincia Autonoma Bolzano / Bozen
2024-11-28,PAT,197,97,100,197,ITH,ITH2,4,Provincia Autonoma Trento
2024-09-26,SAR,3,2,1,3,ITG,ITG2,20,Sardegna
2024-10-25,CAM,39,19,20,39,ITF,ITF3,15,Campania
2024-10-08,CAM,16,11,5,16,ITF,ITF3,15,Campania
2024-11-17,PUG,22,12,10,22,ITF,ITF4,16,Puglia
2024-10-16,BAS,7,6,1,7,ITF,ITF5,17,Basilicata
2024-10-15,UMB,4,3,1,4,ITI,ITI2,10,Umbria
2024-09-30,PIE,10,6,4,10,ITC,ITC1,1,Piemonte
2024-12-18,ABR,39,19,20,39,ITF,ITF1,13,Abruzzo
2024-10-16,SIC,7,5,2,7,ITG,ITG1,19,Sicilia
2024-10-27,VEN,11,6,5,11,ITH,ITH3,5,Veneto
2024-11-17,PAT,1,0,1,1,ITH,ITH2,4,Provincia Autonoma Trento
2024-11-03,VDA,4,1,3,4,ITC,ITC2,2,Valle d'Aosta / Vallée d'Aoste
2024-09-30,TOS,4,1,3,4,ITI,ITI1,9,Toscana
2024-10-01,SAR,9,5,4,9,ITG,ITG2,20,Sardegna
2024-10-03,FVG,1,1,0,1,ITH,ITH4,6,Friuli-Venezia Giulia
2024-11-29,LIG,295,127,168,295,ITC,ITC3,7,Liguria
2024-11-29,PAB,114,58,56,114,ITH,ITH1,4,Provincia Autonoma Bolzano / Bozen
2024-11-18,EMR,2599,1225,1374,2599,ITH,ITH5,8,Emilia-Romagna
2024-12-09,EMR,918,445,473,918,ITH,ITH5,8,Emilia-Romagna
2024-10-31,LOM,7396,3500,3896,7396,ITC,ITC4,3,Lombardia
2024-12-02,PIE,717,356,361,717,ITC,ITC1,1,Piemonte
2024-11-21,VEN,1210,553,657,1210,ITH,ITH3,5,Veneto
2024-11-23,LAZ,406,205,201,406,ITI,ITI4,12,Lazio
2024-12-03,PAB,161,84,77,161,ITH,ITH1,4,Provincia Autonoma Bolzano / Bozen
2024-12-02,TOS,757,358,399,757,ITI,ITI1,9,Toscana
2024-09-23,LOM,17,8,9,17,ITC,ITC4,3,Lombardia
2024-10-31,LIG,664,340,324,664,ITC,ITC3,7,Liguria
2024-11-15,VDA,94,44,50,94,ITC,ITC2,2,Valle d'Aosta / Vallée d'Aoste
2024-10-25,UMB,40,17,23,40,ITI,ITI2,10,Umbria
2024-11-22,SAR,153,70,83,153,ITG,ITG2,20,Sardegna
2024-10-21,CAM,55,35,20,55,ITF,ITF3,15,Campania
2024-12-03,TOS,823,382,441,823,ITI,ITI1,9,Toscana
2024-11-22,VEN,1127,513,614,1127,ITH,ITH3,5,Veneto
2024-09-30,PUG,8,5,3,8,ITF,ITF4,16,Puglia
2024-10-27,ABR,25,14,11,25,ITF,ITF1,13,Abruzzo
2024-10-10,EMR,1639,816,823,1639,ITH,ITH5,8,Emilia-Romagna
2024-11-14,PIE,2245,1057,1188,2245,ITC,ITC1,1,Piemonte
2024-11-22,PAT,217,110,107,217,ITH,ITH2,4,Provincia Autonoma Trento
2024-12-06,MOL,8,5,3,8,ITF,ITF2,14,Molise
2024-11-12,PIE,1922,889,1033,1922,ITC,ITC1,1,Piemonte
2024-11-22,PUG,831,415,416,831,ITF,ITF4,16,Puglia
2024-11-11,SAR,383,197,186,383,ITG,ITG2,20,Sardegna
2024-12-10,VEN,388,173,215,388,ITH,ITH3,5,Veneto
2024-10-29,LOM,8442,4033,4409,8442,ITC,ITC4,3,Lombardia
2024-12-10,EMR,1082,511,571,1082,ITH,ITH5,8,Emilia-Romagna
2024-10-14,FVG,106,48,58,106,ITH,ITH4,6,Friuli-Venezia Giulia
2024-11-23,VEN,347,155,192,347,ITH,ITH3,5,Veneto
2024-10-31,TOS,2330,1062,1268,2330,ITI,ITI1,9,Toscana
2024-11-19,MOL,7,5,2,7,ITF,ITF2,14,Molise
2024-11-11,LOM,6538,3127,3411,6538,ITC,ITC4,3,Lombardia
2024-10-22,LOM,9696,4649,5047,9696,ITC,ITC4,3,Lombardia
2024-12-02,LOM,2158,1019,1139,2158,ITC,ITC4,3,Lombardia
2024-11-19,MAR,578,253,325,578,ITI,ITI3,11,Marche
2024-12-02,CAM,71,35,36,71,ITF,ITF3,15,Campania
2024-12-17,EMR,740,361,379,740,ITH,ITH5,8,Emilia-Romagna
2024-11-22,PIE,1877,903,974,1877,ITC,ITC1,1,Piemonte
2024-11-14,VEN,1099,550,549,1099,ITH,ITH3,5,Veneto
2024-11-26,PAT,193,83,110,193,ITH,ITH2,4,Provincia Autonoma Trento
2024-11-06,TOS,2873,1302,1571,2873,ITI,ITI1,9,Toscana
2024-10-21,PAT,268,143,125,268,ITH,ITH2,4,Provincia Autonoma Trento
2024-11-09,PAT,115,55,60,115,ITH,ITH2,4,Provincia Autonoma Trento
2024-11-10,FVG,15,6,9,15,ITH,ITH4,6,Friuli-Venezia Giulia
2024-11-03,PIE,101,46,55,101,ITC,ITC1,1,Piemonte
2024-11-20,UMB,25,12,13,25,ITI,ITI2,10,Umbria
2024-10-26,LAZ,670,331,339,670,ITI,ITI4,12,Lazio
2024-12-04,PUG,455,222,233,455,ITF,ITF4,16,Puglia
2024-10-31,MAR,261,133,128,261,ITI,ITI3,11,Marche
2024-11-07,UMB,57,34,23,57,ITI,ITI2,10,Umbria
2024-12-14,CAM,29,18,11,29,ITF,ITF3,15,Campania
2024-10-25,MOL,50,27,23,50,ITF,ITF2,14,Molise
2024-11-26,PUG,746,382,364,746,ITF,ITF4,16,Puglia
2024-11-30,LIG,52,26,26,52,ITC,ITC3,7,Liguria
2024-11-18,SIC,24,13,11,24,ITG,ITG1,19,Sicilia
2024-10-25,VDA,97,44,53,97,ITC,ITC2,2,Valle d'Aosta / Vallée d'Aoste
2024-11-09,PUG,110,54,56,110,ITF,ITF4,16,Puglia
2024-10-15,ABR,113,60,53,113,ITF,ITF1,13,Abruzzo
2024-10-02,LAZ,79,36,43,79,ITI,ITI4,12,Lazio
2024-11-23,CAM,58,29,29,58,ITF,ITF3,15,Campania
2024-11-22,ABR,114,65,49,114,ITF,ITF1,13,Abruzzo
2024-12-09,SIC,7,4,3,7,ITG,ITG1,19,Sicilia
2024-10-10,SIC,13,7,6,13,ITG,ITG1,19,Sicilia
2024-10-16,CAM,35,18,17,35,ITF,ITF3,15,Campania
2024-10-25,MAR,582,289,293,582,ITI,ITI3,11,Marche
2024-11-20,PAB,375,178,197,375,ITH,ITH1,4,Provincia Autonoma Bolzano / Bozen
2024-11-26,SAR,151,77,74,151,ITG,ITG2,20,Sardegna
2024-12-06,PAB,130,64,66,130,ITH,ITH1,4,Provincia Autonoma Bolzano / Bozen
2024-12-16,SAR,9,4,5,9,ITG,ITG2,20,Sardegna
2024-11-12,SIC,44,28,16,44,ITG,ITG1,19,Sicilia
2024-12-04,PAT,265,113,152,265,ITH,ITH2,4,Provincia Autonoma Trento
2024-11-07,PAB,54,21,33,54,ITH,ITH1,4,Provincia Autonoma Bolzano / Bozen
2024-10-07,LIG,70,36,34,70,ITC,ITC3,7,Liguria
2024-12-09,SAR,51,30,21,51,ITG,ITG2,20,Sardegna
2024-12-01,LAZ,67,32,35,67,ITI,ITI4,12,Lazio
2024-10-17,FVG,165,88,77,165,ITH,ITH4,6,Friuli-Venezia Giulia
2024-12-03,SAR,24,14,10,24,ITG,ITG2,20,Sardegna
2024-09-28,TOS,3,2,1,3,ITI,ITI1,9,Toscana
2024-11-05,MOL,4,2,2,4,ITF,ITF2,14,Molise
2024-12-14,MAR,46,27,19,46,ITI,ITI3,11,Marche
2024-10-05,TOS,4,3,1,4,ITI,ITI1,9,Toscana
2024-10-01,CAM,4,3,1,4,ITF,ITF3,15,Campania
2024-12-17,MOL,3,2,1,3,ITF,ITF2,14,Molise
2024-11-17,PAB,4,1,3,4,ITH,ITH1,4,Provincia Autonoma Bolzano / Bozen
2024-11-24,CAM,3,2,1,3,ITF,ITF3,15,Campania
2024-11-17,CAM,2,2,0,2,ITF,ITF3,15,Campania
2024-12-06,UMB,2,1,1,2,ITI,ITI2,10,Umbria
2024-12-07,SIC,2,1,1,2,ITG,ITG1,19,Sicilia
2024-11-17,LIG,1,0,1,1,ITC,ITC3,7,Liguria
2024-12-01,FVG,1,0,1,1,ITH,ITH4,6,Friuli-Venezia Giulia
2024-09-30,ABR,1,0,1,1,ITF,ITF1,13,Abruzzo
2024-10-20,PUG,1,0,1,1,ITF,ITF4,16,Puglia
2024-12-01,EMR,69,29,40,69,ITH,ITH5,8,Emilia-Romagna
2024-12-06,PIE,1204,547,657,1204,ITC,ITC1,1,Piemonte
2024-12-18,EMR,798,360,438,798,ITH,ITH5,8,Emilia-Romagna
2024-11-25,PAT,156,83,73,156,ITH,ITH2,4,Provincia Autonoma Trento
2024-11-23,ABR,61,37,24,61,ITF,ITF1,13,Abruzzo
2024-11-17,PIE,18,7,11,18,ITC,ITC1,1,Piemonte
2024-11-16,MAR,138,67,71,138,ITI,ITI3,11,Marche
2024-11-14,MOL,5,4,1,5,ITF,ITF2,14,Molise
2024-10-05,LIG,9,5,4,9,ITC,ITC3,7,Liguria
2024-10-28,MAR,358,190,168,358,ITI,ITI3,11,Marche
2024-11-07,MAR,779,364,415,779,ITI,ITI3,11,Marche
2024-12-03,LIG,551,260,291,551,ITC,ITC3,7,Liguria
2024-11-27,LOM,3966,1808,2158,3966,ITC,ITC4,3,Lombardia
2024-11-06,PAB,503,260,243,503,ITH,ITH1,4,Provincia Autonoma Bolzano / Bozen
2024-11-06,LIG,650,315,335,650,ITC,ITC3,7,Liguria
2024-11-15,SIC,69,40,29,69,ITG,ITG1,19,Sicilia
2024-10-03,PIE,23,11,12,23,ITC,ITC1,1,Piemonte
2024-09-24,EMR,4,2,2,4,ITH,ITH5,8,Emilia-Romagna
2024-11-08,LAZ,1662,800,862,1662,ITI,ITI4,12,Lazio
2024-10-15,EMR,3374,1654,1720,3374,ITH,ITH5,8,Emilia-Romagna
2024-12-09,PUG,216,120,96,216,ITF,ITF4,16,Puglia
2024-10-14,TOS,967,462,505,967,ITI,ITI1,9,Toscana
2024-10-24,LAZ,1410,718,692,1410,ITI,ITI4,12,Lazio
2024-12-04,VDA,41,14,27,41,ITC,ITC2,2,Valle d'Aosta / Vallée d'Aoste
2024-12-02,FVG,322,154,168,322,ITH,ITH4,6,Friuli-Venezia Giulia
2024-11-26,MAR,174,82,92,174,ITI,ITI3,11,Marche
2024-11-12,TOS,2131,979,1152,2131,ITI,ITI1,9,Toscana
2024-12-12,LAZ,573,274,299,573,ITI,ITI4,12,Lazio
2024-10-11,LIG,96,51,45,96,ITC,ITC3,7,Liguria
2024-11-25,CAM,192,100,92,192,ITF,ITF3,15,Campania
2024-12-14,UMB,12,8,4,12,ITI,ITI2,10,Umbria
2024-11-05,ABR,296,161,135,296,ITF,ITF1,13,Abruzzo
2024-12-11,VDA,25,13,12,25,ITC,ITC2,2,Valle d'Aosta / Vallée d'Aoste
2024-11-18,LAZ,982,469,513,982,ITI,ITI4,12,Lazio
2024-11-01,LAZ,24,9,15,24,ITI,ITI4,12,Lazio
2024-12-10,FVG,328,165,163,328,ITH,ITH4,6,Friuli-Venezia Giulia
2024-10-23,PUG,398,212,186,398,ITF,ITF4,16,Puglia
2024-11-09,LIG,90,44,46,90,ITC,ITC3,7,Liguria
2024-11-23,FVG,469,228,241,469,ITH,ITH4,6,Friuli-Venezia Giulia
2024-12-17,LIG,302,150,152,302,ITC,ITC3,7,Liguria
2024-10-07,PIE,60,35,25,60,ITC,ITC1,1,Piemonte
2024-10-17,VEN,540,273,267,540,ITH,ITH3,5,Veneto
2024-11-28,SAR,130,71,59,130,ITG,ITG2,20,Sardegna
2024-11-28,PIE,1248,576,672,1248,ITC,ITC1,1,Piemonte
2024-10-17,CAM,72,39,33,72,ITF,ITF3,15,Campania
2024-11-12,LAZ,1566,751,815,1566,ITI,ITI4,12,Lazio
2024-12-14,LAZ,181,83,98,181,ITI,ITI4,12,Lazio
2024-10-11,PAT,92,44,48,92,ITH,ITH2,4,Provincia Autonoma Trento
2024-10-23,BAS,16,8,8,16,ITF,ITF5,17,Basilicata
2024-11-01,FVG,5,2,3,5,ITH,ITH4,6,Friuli-Venezia Giulia
2024-10-10,ABR,52,37,15,52,ITF,ITF1,13,Abruzzo
2024-10-23,ABR,101,44,57,101,ITF,ITF1,13,Abruzzo
2024-12-04,ABR,82,40,42,82,ITF,ITF1,13,Abruzzo
2024-10-05,LOM,3987,2102,1885,3987,ITC,ITC4,3,Lombardia
2024-11-11,VEN,694,356,338,694,ITH,ITH3,5,Veneto
2024-11-23,TOS,487,215,272,487,ITI,ITI1,9,Toscana
2024-12-10,SAR,30,15,15,30,ITG,ITG2,20,Sardegna
2024-10-21,LIG,340,161,179,340,ITC,ITC3,7,Liguria
2024-10-11,PUG,126,66,60,126,ITF,ITF4,16,Puglia
2024-11-14,PAB,366,163,203,366,ITH,ITH1,4,Provincia Autonoma Bolzano / Bozen
2024-11-13,SIC,28,19,9,28,ITG,ITG1,19,Sicilia
2024-12-13,FVG,358,161,197,358,ITH,ITH4,6,Friuli-Venezia Giulia
2024-11-25,VDA,18,7,11,18,ITC,ITC2,2,Valle d'Aosta / Vallée d'Aoste
2024-11-13,LAZ,1896,909,987,1896,ITI,ITI4,12,Lazio
2024-11-15,ABR,54,22,32,54,ITF,ITF1,13,Abruzzo
2024-10-02,CAM,19,12,7,19,ITF,ITF3,15,Campania
2024-10-15,FVG,30,17,13,30,ITH,ITH4,6,Friuli-Venezia Giulia
2024-11-07,EMR,6368,3080,3288,6368,ITH,ITH5,8,Emilia-Romagna
2024-10-28,PAT,240,112,128,240,ITH,ITH2,4,Provincia Autonoma Trento
2024-11-17,FVG,13,4,9,13,ITH,ITH4,6,Friuli-Venezia Giulia
2024-12-09,LOM,1563,674,889,1563,ITC,ITC4,3,Lombardia
2024-11-09,PIE,809,386,423,809,ITC,ITC1,1,Piemonte
2024-10-28,PUG,390,211,179,390,ITF,ITF4,16,Puglia
2024-12-17,TOS,286,135,151,286,ITI,ITI1,9,Toscana
2024-10-19,UMB,3,0,3,3,ITI,ITI2,10,Umbria
2024-12-14,SIC,7,4,3,7,ITG,ITG1,19,Sicilia
2024-11-07,LOM,8682,4022,4660,8682,ITC,ITC4,3,Lombardia
2024-10-08,EMR,1281,647,634,1281,ITH,ITH5,8,Emilia-Romagna
2024-12-11,PAT,249,99,150,249,ITH,ITH2,4,Provincia Autonoma Trento
2024-10-22,TOS,2001,933,1068,2001,ITI,ITI1,9,Toscana
2024-12-13,PUG,425,195,230,425,ITF,ITF4,16,Puglia
2024-11-08,FVG,930,475,455,930,ITH,ITH4,6,Friuli-Venezia Giulia
2024-11-05,UMB,30,14,16,30,ITI,ITI2,10,Umbria
2024-12-17,PAB,72,40,32,72,ITH,ITH1,4,Provincia Autonoma Bolzano / Bozen
2024-12-15,EMR,39,14,25,39,ITH,ITH5,8,Emilia-Romagna
2024-11-29,CAM,186,109,77,186,ITF,ITF3,15,Campania
2024-10-23,VDA,215,107,108,215,ITC,ITC2,2,Valle d'Aosta / Vallée d'Aoste
2024-12-05,PIE,881,416,465,881,ITC,ITC1,1,Piemonte
2024-10-15,PAT,278,161,117,278,ITH,ITH2,4,Provincia Autonoma Trento
2024-11-14,TOS,2991,1386,1605,2991,ITI,ITI1,9,Toscana
2024-10-21,PIE,834,397,437,834,ITC,ITC1,1,Piemonte
2024-12-09,ABR,72,34,38,72,ITF,ITF1,13,Abruzzo
2024-12-11,PUG,438,206,232,438,ITF,ITF4,16,Puglia
2024-10-30,LAZ,371,139,232,371,ITI,ITI4,12,Lazio
2024-12-13,PAT,76,29,47,76,ITH,ITH2,4,Provincia Autonoma Trento
2024-12-05,UMB,39,22,17,39,ITI,ITI2,10,Umbria
2024-10-10,LOM,1833,846,987,1833,ITC,ITC4,3,Lombardia
2024-10-31,CAM,107,64,43,107,ITF,ITF3,15,Campania
2024-11-02,CAM,16,11,5,16,ITF,ITF3,15,Campania
2024-11-16,VDA,22,10,12,22,ITC,ITC2,2,Valle d'Aosta / Vallée d'Aoste
2024-11-24,LAZ,60,29,31,60,ITI,ITI4,12,Lazio
2024-10-24,FVG,446,234,212,446,ITH,ITH4,6,Friuli-Venezia Giulia
2024-10-20,EMR,271,129,142,271,ITH,ITH5,8,Emilia-Romagna
2024-11-30,MAR,28,13,15,28,ITI,ITI3,11,Marche
2024-10-04,CAM,11,7,4,11,ITF,ITF3,15,Campania
2024-11-28,VDA,22,13,9,22,ITC,ITC2,2,Valle d'Aosta / Vallée d'Aoste
2024-10-04,PIE,24,9,15,24,ITC,ITC1,1,Piemonte
2024-10-28,MOL,33,14,19,33,ITF,ITF2,14,Molise
2024-11-09,PAB,1,1,0,1,ITH,ITH1,4,Provincia Autonoma Bolzano / Bozen
2024-10-14,PAB,5,4,1,5,ITH,ITH1,4,Provincia Autonoma Bolzano / Bozen
2024-09-20,TOS,4,3,1,4,ITI,ITI1,9,Toscana
2024-10-05,CAM,2,1,1,2,ITF,ITF3,15,Campania
2024-10-27,MAR,3,1,2,3,ITI,ITI3,11,Marche
2024-12-01,MAR,1,0,1,1,ITI,ITI3,11,Marche
2024-10-26,EMR,2271,1092,1179,2271,ITH,ITH5,8,Emilia-Romagna
2024-11-19,LOM,5803,2656,3147,5803,ITC,ITC4,3,Lombardia
2024-11-30,VEN,142,62,80,142,ITH,ITH3,5,Veneto
2024-11-20,MAR,615,285,330,615,ITI,ITI3,11,Marche
2024-11-06,PAT,531,260,271,531,ITH,ITH2,4,Provincia Autonoma Trento
2024-12-12,ABR,82,42,40,82,ITF,ITF1,13,Abruzzo
2024-12-02,VEN,325,136,189,325,ITH,ITH3,5,Veneto
2024-12-16,LIG,150,74,76,150,ITC,ITC3,7,Liguria
2024-09-20,PUG,6,3,3,6,ITF,ITF4,16,Puglia
2024-12-16,PAB,78,36,42,78,ITH,ITH1,4,Provincia Autonoma Bolzano / Bozen
2024-11-04,VDA,80,40,40,80,ITC,ITC2,2,Valle d'Aosta / Vallée d'Aoste
2024-11-18,BAS,10,6,4,10,ITF,ITF5,17,Basilicata
2024-11-15,PIE,2375,1103,1272,2375,ITC,ITC1,1,Piemonte
2024-09-25,LOM,70,33,37,70,ITC,ITC4,3,Lombardia
2024-12-12,EMR,1086,522,564,1086,ITH,ITH5,8,Emilia-Romagna
2024-11-06,PUG,758,417,341,758,ITF,ITF4,16,Puglia
2024-10-16,VEN,439,215,224,439,ITH,ITH3,5,Veneto
2024-11-12,BAS,32,16,16,32,ITF,ITF5,17,Basilicata
2024-11-12,ABR,8,7,1,8,ITF,ITF1,13,Abruzzo
2024-12-09,MOL,2,1,1,2,ITF,ITF2,14,Molise
2024-10-14,ABR,74,48,26,74,ITF,ITF1,13,Abruzzo
2024-11-08,PIE,2524,1225,1299,2524,ITC,ITC1,1,Piemonte
2024-11-19,PAB,422,186,236,422,ITH,ITH1,4,Provincia Autonoma Bolzano / Bozen
2024-12-12,VEN,360,149,211,360,ITH,ITH3,5,Veneto
2024-11-19,EMR,3809,1785,2024,3809,ITH,ITH5,8,Emilia-Romagna
2024-10-15,TOS,1163,525,638,1163,ITI,ITI1,9,Toscana
2024-12-06,LIG,253,127,126,253,ITC,ITC3,7,Liguria
2024-10-22,MAR,370,187,183,370,ITI,ITI3,11,Marche
2024-11-16,PAT,65,30,35,65,ITH,ITH2,4,Provincia Autonoma Trento
2024-11-20,LIG,598,296,302,598,ITC,ITC3,7,Liguria
2024-10-28,ABR,145,72,73,145,ITF,ITF1,13,Abruzzo
2024-11-09,BAS,20,11,9,20,ITF,ITF5,17,Basilicata
2024-10-16,EMR,3560,1710,1850,3560,ITH,ITH5,8,Emilia-Romagna
2024-10-18,LIG,301,162,139,301,ITC,ITC3,7,Liguria
2024-10-31,MOL,28,15,13,28,ITF,ITF2,14,Molise
2024-12-19,LIG,192,87,105,192,ITC,ITC3,7,Liguria
2024-10-03,LIG,45,26,19,45,ITC,ITC3,7,Liguria
2024-10-12,EMR,655,312,343,655,ITH,ITH5,8,Emilia-Romagna
2024-11-27,TOS,1669,765,904,1669,ITI,ITI1,9,Toscana
2024-10-16,SAR,19,12,7,19,ITG,ITG2,20,Sardegna
2024-11-01,PIE,36,12,24,36,ITC,ITC1,1,Piemonte
2024-10-24,CAM,56,29,27,56,ITF,ITF3,15,Campania
2024-11-05,SIC,24,15,9,24,ITG,ITG1,19,Sicilia
2024-12-02,SAR,41,22,19,41,ITG,ITG2,20,Sardegna
2024-10-09,CAM,24,12,12,24,ITF,ITF3,15,Campania
2024-12-03,FVG,434,212,222,434,ITH,ITH4,6,Friuli-Venezia Giulia
2024-12-18,TOS,306,155,151,306,ITI,ITI1,9,Toscana
2024-11-04,MAR,249,124,125,249,ITI,ITI3,11,Marche
2024-11-06,CAM,91,50,41,91,ITF,ITF3,15,Campania
2024-11-10,VEN,39,17,22,39,ITH,ITH3,5,Veneto
2024-11-16,CAM,65,36,29,65,ITF,ITF3,15,Campania
2024-09-19,LOM,2,0,2,2,ITC,ITC4,3,Lombardia
2024-10-15,VDA,68,36,32,68,ITC,ITC2,2,Valle d'Aosta / Vallée d'Aoste
2024-11-02,EMR,530,264,266,530,ITH,ITH5,8,Emilia-Romagna
2024-12-03,PAT,101,36,65,101,ITH,ITH2,4,Provincia Autonoma Trento
2024-10-12,LOM,1516,739,777,1516,ITC,ITC4,3,Lombardia
2024-10-08,LAZ,251,136,115,251,ITI,ITI4,12,Lazio
2024-11-24,EMR,272,135,137,272,ITH,ITH5,8,Emilia-Romagna
2024-09-27,FVG,23,11,12,23,ITH,ITH4,6,Friuli-Venezia Giulia
2024-10-20,LAZ,44,20,24,44,ITI,ITI4,12,Lazio
2024-11-17,TOS,19,11,8,19,ITI,ITI1,9,Toscana
2024-11-24,VEN,11,5,6,11,ITH,ITH3,5,Veneto
2024-10-11,ABR,43,28,15,43,ITF,ITF1,13,Abruzzo
2024-11-19,SAR,238,126,112,238,ITG,ITG2,20,Sardegna
2024-11-29,MAR,136,66,70,136,ITI,ITI3,11,Marche
2024-12-19,PAB,8,5,3,8,ITH,ITH1,4,Provincia Autonoma Bolzano / Bozen
2024-11-19,VEN,1363,648,715,1363,ITH,ITH3,5,Veneto
2024-11-25,LIG,529,227,302,529,ITC,ITC3,7,Liguria
2024-12-07,EMR,377,173,204,377,ITH,ITH5,8,Emilia-Romagna
2024-11-06,PIE,1742,772,970,1742,ITC,ITC1,1,Piemonte
2024-11-14,FVG,1008,481,527,1008,ITH,ITH4,6,Friuli-Venezia Giulia
2024-10-18,PAB,264,127,137,264,ITH,ITH1,4,Provincia Autonoma Bolzano / Bozen
2024-11-08,CAM,132,77,55,132,ITF,ITF3,15,Campania
2024-10-09,PIE,32,20,12,32,ITC,ITC1,1,Piemonte
2024-11-19,UMB,29,13,16,29,ITI,ITI2,10,Umbria
2024-12-15,CAM,6,3,3,6,ITF,ITF3,15,Campania
2024-12-12,UMB,9,2,7,9,ITI,ITI2,10,Umbria
2024-12-12,SAR,34,15,19,34,ITG,ITG2,20,Sardegna
2024-09-28,LIG,1,0,1,1,ITC,ITC3,7,Liguria
2024-12-01,TOS,14,9,5,14,ITI,ITI1,9,Toscana
2024-11-30,PAB,1,0,1,1,ITH,ITH1,4,Provincia Autonoma Bolzano / Bozen
2024-12-08,LAZ,3,3,0,3,ITI,ITI4,12,Lazio
2024-12-04,MOL,2,1,1,2,ITF,ITF2,14,Molise
2024-11-21,ABR,157,91,66,157,ITF,ITF1,13,Abruzzo
2024-10-18,PAT,532,250,282,532,ITH,ITH2,4,Provincia Autonoma Trento
2024-12-16,PUG,181,96,85,181,ITF,ITF4,16,Puglia
2024-12-11,FVG,243,108,135,243,ITH,ITH4,6,Friuli-Venezia Giulia
2024-10-29,FVG,383,175,208,383,ITH,ITH4,6,Friuli-Venezia Giulia
2024-10-22,ABR,149,80,69,149,ITF,ITF1,13,Abruzzo
2024-12-19,PIE,357,158,199,357,ITC,ITC1,1,Piemonte
2024-09-25,LAZ,16,8,8,16,ITI,ITI4,12,Lazio
2024-12-16,PAT,23,9,14,23,ITH,ITH2,4,Provincia Autonoma Trento
2024-11-19,VDA,35,11,24,35,ITC,ITC2,2,Valle d'Aosta / Vallée d'Aoste
2024-12-18,SAR,53,22,31,53,ITG,ITG2,20,Sardegna
2024-10-07,SAR,29,13,16,29,ITG,ITG2,20,Sardegna
2024-12-07,FVG,58,20,38,58,ITH,ITH4,6,Friuli-Venezia Giulia
2024-11-05,EMR,4845,2320,2525,4845,ITH,ITH5,8,Emilia-Romagna
2024-11-30,PAT,18,10,8,18,ITH,ITH2,4,Provincia Autonoma Trento
2024-10-11,VDA,96,49,47,96,ITC,ITC2,2,Valle d'Aosta / Vallée d'Aoste
2024-10-10,LIG,53,25,28,53,ITC,ITC3,7,Liguria
2024-11-14,LAZ,1665,809,856,1665,ITI,ITI4,12,Lazio
2024-12-03,MAR,276,135,141,276,ITI,ITI3,11,Marche
2024-10-16,VDA,223,111,112,223,ITC,ITC2,2,Valle d'Aosta / Vallée d'Aoste
2024-11-07,LAZ,1860,869,991,1860,ITI,ITI4,12,Lazio
2024-09-30,FVG,22,11,11,22,ITH,ITH4,6,Friuli-Venezia Giulia
2024-11-09,VDA,78,40,38,78,ITC,ITC2,2,Valle d'Aosta / Vallée d'Aoste
2024-12-09,PIE,481,223,258,481,ITC,ITC1,1,Piemonte
2024-10-19,LOM,4588,2337,2251,4588,ITC,ITC4,3,Lombardia
2024-12-16,CAM,117,65,52,117,ITF,ITF3,15,Campania
2024-11-28,PAB,125,60,65,125,ITH,ITH1,4,Provincia Autonoma Bolzano / Bozen
2024-10-30,LOM,7974,3778,4196,7974,ITC,ITC4,3,Lombardia
2024-10-06,LOM,2173,1109,1064,2173,ITC,ITC4,3,Lombardia
2024-10-28,TOS,2001,937,1064,2001,ITI,ITI1,9,Toscana
2024-10-09,LAZ,210,103,107,210,ITI,ITI4,12,Lazio
2024-10-03,SAR,5,3,2,5,ITG,ITG2,20,Sardegna
2024-11-28,LOM,3509,1598,1911,3509,ITC,ITC4,3,Lombardia
2024-10-12,VDA,24,15,9,24,ITC,ITC2,2,Valle d'Aosta / Vallée d'Aoste
2024-09-21,LOM,33,15,18,33,ITC,ITC4,3,Lombardia
2024-11-20,ABR,112,57,55,112,ITF,ITF1,13,Abruzzo
2024-12-05,CAM,81,41,40,81,ITF,ITF3,15,Campania
2024-10-31,FVG,546,265,281,546,ITH,ITH4,6,Friuli-Venezia Giulia
2024-10-03,LOM,459,230,229,459,ITC,ITC4,3,Lombardia
2024-11-23,LOM,2939,1415,1524,2939,ITC,ITC4,3,Lombardia
2024-12-08,PIE,9,4,5,9,ITC,ITC1,1,Piemonte
2024-12-10,PAT,52,28,24,52,ITH,ITH2,4,Provincia Autonoma Trento
2024-12-14,LIG,81,39,42,81,ITC,ITC3,7,Liguria
2024-10-03,ABR,2,1,1,2,ITF,ITF1,13,Abruzzo
2024-09-27,LAZ,10,4,6,10,ITI,ITI4,12,Lazio
2024-11-25,PIE,1039,466,573,1039,ITC,ITC1,1,Piemonte
2024-11-04,PIE,1345,652,693,1345,ITC,ITC1,1,Piemonte
2024-11-21,PIE,1609,793,816,1609,ITC,ITC1,1,Piemonte
2024-12-06,ABR,70,33,37,70,ITF,ITF1,13,Abruzzo
2024-12-10,PUG,544,270,274,544,ITF,ITF4,16,Puglia
2024-11-13,CAM,162,83,79,162,ITF,ITF3,15,Campania
2024-12-04,CAM,120,63,57,120,ITF,ITF3,15,Campania
2024-10-20,PAB,1,0,1,1,ITH,ITH1,4,Provincia Autonoma Bolzano / Bozen
2024-10-17,EMR,4091,2003,2088,4091,ITH,ITH5,8,Emilia-Romagna
2024-10-20,VEN,18,9,9,18,ITH,ITH3,5,Veneto
2024-11-05,CAM,118,73,45,118,ITF,ITF3,15,Campania
2024-12-02,ABR,58,34,24,58,ITF,ITF1,13,Abruzzo
2024-11-29,UMB,15,6,9,15,ITI,ITI2,10,Umbria
2024-11-29,SAR,25,11,14,25,ITG,ITG2,20,Sardegna
2024-11-05,LOM,8744,4217,4527,8744,ITC,ITC4,3,Lombardia
2024-11-20,PIE,1511,665,846,1511,ITC,ITC1,1,Piemonte
2024-09-28,LOM,85,44,41,85,ITC,ITC4,3,Lombardia
2024-12-13,VDA,28,11,17,28,ITC,ITC2,2,Valle d'Aosta / Vallée d'Aoste
2024-10-30,CAM,98,57,41,98,ITF,ITF3,15,Campania
2024-11-30,PUG,143,60,83,143,ITF,ITF4,16,Puglia
2024-11-04,SAR,180,89,91,180,ITG,ITG2,20,Sardegna
2024-12-10,CAM,88,45,43,88,ITF,ITF3,15,Campania
2024-12-19,SAR,17,10,7,17,ITG,ITG2,20,Sardegna
2024-10-22,PIE,1289,598,691,1289,ITC,ITC1,1,Piemonte
2024-11-15,TOS,2385,1136,1249,2385,ITI,ITI1,9,Toscana
2024-10-22,SAR,170,75,95,170,ITG,ITG2,20,Sardegna
2024-12-06,FVG,458,230,228,458,ITH,ITH4,6,Friuli-Venezia Giulia
2024-10-26,LOM,6360,3168,3192,6360,ITC,ITC4,3,Lombardia
2024-12-18,UMB,21,12,9,21,ITI,ITI2,10,Umbria
2024-12-03,SIC,74,35,39,74,ITG,ITG1,19,Sicilia
2024-11-16,TOS,783,350,433,783,ITI,ITI1,9,Toscana
2024-10-01,LIG,23,13,10,23,ITC,ITC3,7,Liguria
2024-10-18,PUG,302,158,144,302,ITF,ITF4,16,Puglia
2024-10-14,LAZ,431,229,202,431,ITI,ITI4,12,Lazio
2024-10-08,SAR,22,12,10,22,ITG,ITG2,20,Sardegna
2024-11-06,SIC,15,8,7,15,ITG,ITG1,19,Sicilia
2024-11-03,PUG,1,1,0,1,ITF,ITF4,16,Puglia
2024-12-17,VDA,11,5,6,11,ITC,ITC2,2,Valle d'Aosta / Vallée d'Aoste
2024-11-03,CAM,5,2,3,5,ITF,ITF3,15,Campania
2024-12-15,MAR,1,0,1,1,ITI,ITI3,11,Marche
2024-12-15,VDA,1,1,0,1,ITC,ITC2,2,Valle d'Aosta / Vallée d'Aoste
2024-11-02,PIE,212,98,114,212,ITC,ITC1,1,Piemonte
2024-10-31,LAZ,1209,598,611,1209,ITI,ITI4,12,Lazio
2024-11-19,LAZ,590,293,297,590,ITI,ITI4,12,Lazio
2024-10-23,TOS,2274,1104,1170,2274,ITI,ITI1,9,Toscana
2024-11-29,PUG,639,340,299,639,ITF,ITF4,16,Puglia
2024-10-12,VEN,122,60,62,122,ITH,ITH3,5,Veneto
2024-11-01,MAR,16,9,7,16,ITI,ITI3,11,Marche
2024-12-05,SAR,24,14,10,24,ITG,ITG2,20,Sardegna
2024-10-10,TOS,615,284,331,615,ITI,ITI1,9,Toscana
2024-11-19,PAT,237,108,129,237,ITH,ITH2,4,Provincia Autonoma Trento
2024-10-07,MAR,6,2,4,6,ITI,ITI3,11,Marche
2024-10-12,LAZ,168,88,80,168,ITI,ITI4,12,Lazio
2024-10-31,VEN,1118,478,640,1118,ITH,ITH3,5,Veneto
2024-10-24,MAR,629,317,312,629,ITI,ITI3,11,Marche
2024-11-05,FVG,815,386,429,815,ITH,ITH4,6,Friuli-Venezia Giulia
2024-12-03,PUG,573,303,270,573,ITF,ITF4,16,Puglia
2024-10-27,TOS,72,29,43,72,ITI,ITI1,9,Toscana
2024-11-16,LIG,88,49,39,88,ITC,ITC3,7,Liguria
2024-10-14,SIC,15,7,8,15,ITG,ITG1,19,Sicilia
2024-10-18,UMB,9,6,3,9,ITI,ITI2,10,Umbria
2024-11-20,TOS,2102,1000,1102,2102,ITI,ITI1,9,Toscana
2024-11-18,TOS,1597,769,828,1597,ITI,ITI1,9,Toscana
2024-10-03,MOL,12,7,5,12,ITF,ITF2,14,Molise
2024-12-09,PAB,90,40,50,90,ITH,ITH1,4,Provincia Autonoma Bolzano / Bozen
2024-10-01,EMR,24,12,12,24,ITH,ITH5,8,Emilia-Romagna
2024-12-09,TOS,466,216,250,466,ITI,ITI1,9,Toscana
2024-10-25,SAR,96,46,50,96,ITG,ITG2,20,Sardegna
2024-11-29,SIC,54,32,22,54,ITG,ITG1,19,Sicilia
2024-12-16,MAR,75,42,33,75,ITI,ITI3,11,Marche
2024-11-30,ABR,24,14,10,24,ITF,ITF1,13,Abruzzo
2024-10-26,PIE,806,388,418,806,ITC,ITC1,1,Piemonte
2024-12-11,EMR,1258,615,643,1258,ITH,ITH5,8,Emilia-Romagna
2024-11-13,EMR,5469,2610,2859,5469,ITH,ITH5,8,Emilia-Romagna
2024-11-30,PIE,487,248,239,487,ITC,ITC1,1,Piemonte
2024-10-15,LOM,6465,3135,3330,6465,ITC,ITC4,3,Lombardia
2024-10-17,LIG,456,253,203,456,ITC,ITC3,7,Liguria
2024-11-12,MAR,375,188,187,375,ITI,ITI3,11,Marche
2024-11-29,VEN,562,273,289,562,ITH,ITH3,5,Veneto
2024-10-10,LAZ,254,120,134,254,ITI,ITI4,12,Lazio
2024-10-30,MOL,12,8,4,12,ITF,ITF2,14,Molise
2024-10-29,EMR,5989,2859,3130,5989,ITH,ITH5,8,Emilia-Romagna
2024-10-17,LOM,7117,3350,3767,7117,ITC,ITC4,3,Lombardia
2024-11-22,LOM,4983,2294,2689,4983,ITC,ITC4,3,Lombardia
2024-09-30,LOM,122,69,53,122,ITC,ITC4,3,Lombardia
2024-12-17,PUG,68,37,31,68,ITF,ITF4,16,Puglia
2024-10-07,CAM,18,11,7,18,ITF,ITF3,15,Campania
2024-09-19,PUG,8,4,4,8,ITF,ITF4,16,Puglia
2024-11-15,EMR,3890,1775,2115,3890,ITH,ITH5,8,Emilia-Romagna
2024-10-24,TOS,2838,1325,1513,2838,ITI,ITI1,9,Toscana
2024-12-06,EMR,1431,666,765,1431,ITH,ITH5,8,Emilia-Romagna
2024-11-11,VDA,62,34,28,62,ITC,ITC2,2,Valle d'Aosta / Vallée d'Aoste
2024-09-26,LOM,88,51,37,88,ITC,ITC4,3,Lombardia
2024-10-23,PAB,465,235,230,465,ITH,ITH1,4,Provincia Autonoma Bolzano / Bozen
2024-12-12,MAR,117,59,58,117,ITI,ITI3,11,Marche
2024-10-25,PAT,453,231,222,453,ITH,ITH2,4,Provincia Autonoma Trento
2024-09-27,EMR,60,28,32,60,ITH,ITH5,8,Emilia-Romagna
2024-12-18,VEN,183,97,86,183,ITH,ITH3,5,Veneto
2024-11-27,PIE,1341,646,695,1341,ITC,ITC1,1,Piemonte
2024-10-21,VEN,531,268,263,531,ITH,ITH3,5,Veneto
2024-11-21,CAM,154,98,56,154,ITF,ITF3,15,Campania
2024-10-23,SAR,141,68,73,141,ITG,ITG2,20,Sardegna
2024-12-17,PAT,70,18,52,70,ITH,ITH2,4,Provincia Autonoma Trento
2024-11-08,MAR,755,386,369,755,ITI,ITI3,11,Marche
2024-11-14,SIC,33,22,11,33,ITG,ITG1,19,Sicilia
2024-12-07,TOS,65,25,40,65,ITI,ITI1,9,Toscana
2024-11-30,VDA,4,3,1,4,ITC,ITC2,2,Valle d'Aosta / Vallée d'Aoste
2024-10-02,SAR,12,8,4,12,ITG,ITG2,20,Sardegna
2024-11-15,PAB,275,112,163,275,ITH,ITH1,4,Provincia Autonoma Bolzano / Bozen
2024-11-26,PIE,1378,686,692,1378,ITC,ITC1,1,Piemonte
2024-10-28,LIG,423,214,209,423,ITC,ITC3,7,Liguria
2024-11-05,SAR,253,140,113,253,ITG,ITG2,20,Sardegna
2024-11-27,ABR,107,58,49,107,ITF,ITF1,13,Abruzzo
2024-11-06,UMB,17,8,9,17,ITI,ITI2,10,Umbria
2024-11-08,MOL,27,14,13,27,ITF,ITF2,14,Molise
2024-11-25,UMB,8,6,2,8,ITI,ITI2,10,Umbria
2024-10-05,LAZ,4,1,3,4,ITI,ITI4,12,Lazio
2024-10-27,PIE,25,12,13,25,ITC,ITC1,1,Piemonte
2024-12-15,PUG,2,0,2,2,ITF,ITF4,16,Puglia
2024-12-18,SIC,16,9,7,16,ITG,ITG1,19,Sicilia
2024-12-18,PAT,79,36,43,79,ITH,ITH2,4,Provincia Autonoma Trento
2024-10-23,UMB,6,2,4,6,ITI,ITI2,10,Umbria
2024-10-04,TOS,30,11,19,30,ITI,ITI1,9,Toscana
2024-12-16,VDA,8,1,7,8,ITC,ITC2,2,Valle d'Aosta / Vallée d'Aoste
2024-10-04,SAR,13,8,5,13,ITG,ITG2,20,Sardegna
2024-11-23,MOL,16,7,9,16,ITF,ITF2,14,Molise
2024-12-10,VDA,7,3,4,7,ITC,ITC2,2,Valle d'Aosta / Vallée d'Aoste
2024-11-27,SAR,132,63,69,132,ITG,ITG2,20,Sardegna
2024-11-13,FVG,1089,490,599,1089,ITH,ITH4,6,Friuli-Venezia Giulia
2024-11-10,LAZ,56,23,33,56,ITI,ITI4,12,Lazio
2024-11-28,ABR,147,76,71,147,ITF,ITF1,13,Abruzzo
2024-12-04,FVG,267,124,143,267,ITH,ITH4,6,Friuli-Venezia Giulia
2024-10-30,ABR,148,87,61,148,ITF,ITF1,13,Abruzzo
2024-10-23,PAT,532,244,288,532,ITH,ITH2,4,Provincia Autonoma Trento
2024-10-30,PIE,1676,790,886,1676,ITC,ITC1,1,Piemonte
2024-11-30,TOS,162,72,90,162,ITI,ITI1,9,Toscana
2024-10-18,CAM,70,34,36,70,ITF,ITF3,15,Campania
2024-10-15,VEN,591,276,315,591,ITH,ITH3,5,Veneto
2024-11-02,VDA,6,2,4,6,ITC,ITC2,2,Valle d'Aosta / Vallée d'Aoste
2024-11-07,MOL,5,3,2,5,ITF,ITF2,14,Molise
2024-11-11,MOL,8,5,3,8,ITF,ITF2,14,Molise
2024-11-16,SIC,3,0,3,3,ITG,ITG1,19,Sicilia
2024-11-26,VDA,7,1,6,7,ITC,ITC2,2,Valle d'Aosta / Vallée d'Aoste
2024-11-04,BAS,6,3,3,6,ITF,ITF5,17,Basilicata
2024-10-20,ABR,1,1,0,1,ITF,ITF1,13,Abruzzo
