data,area,totale,m,f,d,N1,N2,ISTAT,reg
2023-10-19,CAL,23,12,11,23,ITF,ITF6,18,Calabria
2023-10-25,CAL,24,14,10,24,ITF,ITF6,18,Calabria
2023-10-28,CAL,12,7,5,12,ITF,ITF6,18,Calabria
2023-11-17,CAL,92,43,49,92,ITF,ITF6,18,Calabria
2023-11-20,CAL,141,73,68,141,ITF,ITF6,18,Calabria
2023-11-23,CAL,70,41,29,70,ITF,ITF6,18,Calabria
2023-10-12,CAM,232,130,102,232,ITF,ITF3,15,Campania
2023-10-15,CAM,12,5,7,12,ITF,ITF3,15,Campania
2023-10-18,CAM,340,194,146,340,ITF,ITF3,15,Campania
2023-10-21,CAM,44,24,20,44,ITF,ITF3,15,Campania
2023-11-10,CAM,325,184,141,325,ITF,ITF3,15,Campania
2023-11-13,CAM,330,175,155,330,ITF,ITF3,15,Campania
2023-11-16,CAM,490,261,229,490,ITF,ITF3,15,Campania
2023-11-19,CAM,12,5,7,12,ITF,ITF3,15,Campania
2023-10-12,EMR,55,24,31,55,ITH,ITH5,8,Emilia-Romagna
2023-10-18,EMR,1493,713,780,1493,ITH,ITH5,8,Emilia-Romagna
2023-11-07,EMR,6140,2857,3283,6140,ITH,ITH5,8,Emilia-Romagna
2023-11-10,EMR,7418,3638,3780,7418,ITH,ITH5,8,Emilia-Romagna
2023-11-13,EMR,3744,1803,1941,3744,ITH,ITH5,8,Emilia-Romagna
2023-11-16,EMR,6239,2951,3288,6239,ITH,ITH5,8,Emilia-Romagna
2023-10-02,FVG,30,18,12,30,ITH,ITH4,6,Friuli-Venezia Giulia
2023-10-05,FVG,29,11,18,29,ITH,ITH4,6,Friuli-Venezia Giulia
2023-10-28,FVG,517,274,243,517,ITH,ITH4,6,Friuli-Venezia Giulia
2023-10-31,FVG,1064,503,561,1064,ITH,ITH4,6,Friuli-Venezia Giulia
2023-11-03,FVG,669,345,324,669,ITH,ITH4,6,Friuli-Venezia Giulia
2023-11-06,FVG,931,411,520,931,ITH,ITH4,6,Friuli-Venezia Giulia
2023-10-05,LAZ,47,24,23,47,ITI,ITI4,12,Lazio
2023-10-11,LAZ,153,88,65,153,ITI,ITI4,12,Lazio
2023-10-14,LAZ,13,8,5,13,ITI,ITI4,12,Lazio
2023-11-03,LAZ,1638,828,810,1638,ITI,ITI4,12,Lazio
2023-11-06,LAZ,1398,703,695,1398,ITI,ITI4,12,Lazio
2023-11-09,LAZ,2085,987,1098,2085,ITI,ITI4,12,Lazio
2023-11-12,LAZ,200,90,110,200,ITI,ITI4,12,Lazio
2023-10-24,LIG,876,351,525,876,ITC,ITC3,7,Liguria
2023-10-27,LIG,607,256,351,607,ITC,ITC3,7,Liguria
2023-10-30,LIG,381,201,180,381,ITC,ITC3,7,Liguria
2023-11-19,LIG,3,1,2,3,ITC,ITC3,7,Liguria
2023-11-22,LIG,1115,547,568,1115,ITC,ITC3,7,Liguria
2023-10-01,LOM,2772,1464,1308,2772,ITC,ITC4,3,Lombardia
2023-10-04,LOM,287,138,149,287,ITC,ITC4,3,Lombardia
2023-10-27,LOM,9057,4305,4752,9057,ITC,ITC4,3,Lombardia
2023-10-30,LOM,8237,3948,4289,8237,ITC,ITC4,3,Lombardia
2023-11-02,LOM,9453,4542,4911,9453,ITC,ITC4,3,Lombardia
2023-11-05,LOM,788,382,406,788,ITC,ITC4,3,Lombardia
2023-10-10,MAR,5,3,2,5,ITI,ITI3,11,Marche
2023-10-13,MAR,100,55,45,100,ITI,ITI3,11,Marche
2023-10-16,MAR,142,81,61,142,ITI,ITI3,11,Marche
2023-11-08,MAR,95,35,60,95,ITI,ITI3,11,Marche
2023-11-11,MAR,345,177,168,345,ITI,ITI3,11,Marche
2023-11-14,MAR,670,352,318,670,ITI,ITI3,11,Marche
2023-10-30,MOL,25,12,13,25,ITF,ITF2,14,Molise
2023-11-02,MOL,32,16,16,32,ITF,ITF2,14,Molise
2023-11-08,MOL,91,54,37,91,ITF,ITF2,14,Molise
2023-10-09,PAB,80,39,41,80,ITH,ITH1,4,Provincia Autonoma Bolzano / Bozen
2023-10-12,PAB,564,292,272,564,ITH,ITH1,4,Provincia Autonoma Bolzano / Bozen
2023-10-15,PAB,8,4,4,8,ITH,ITH1,4,Provincia Autonoma Bolzano / Bozen
2023-11-07,PAB,549,278,271,549,ITH,ITH1,4,Provincia Autonoma Bolzano / Bozen
2023-11-10,PAB,270,130,140,270,ITH,ITH1,4,Provincia Autonoma Bolzano / Bozen
2023-11-13,PAB,200,77,123,200,ITH,ITH1,4,Provincia Autonoma Bolzano / Bozen
2023-10-17,PAT,213,69,144,213,ITH,ITH2,4,Provincia Autonoma Trento
2023-10-20,PAT,344,159,185,344,ITH,ITH2,4,Provincia Autonoma Trento
2023-10-23,PAT,145,75,70,145,ITH,ITH2,4,Provincia Autonoma Trento
2023-11-15,PAT,518,265,253,518,ITH,ITH2,4,Provincia Autonoma Trento
2023-11-18,PAT,44,21,23,44,ITH,ITH2,4,Provincia Autonoma Trento
2023-11-21,PAT,547,252,295,547,ITH,ITH2,4,Provincia Autonoma Trento
2023-10-19,PIE,555,282,273,555,ITC,ITC1,1,Piemonte
2023-10-22,PIE,8,3,5,8,ITC,ITC1,1,Piemonte
2023-11-06,BAS,5,3,2,5,ITF,ITF5,17,Basilicata
2023-11-09,BAS,15,12,3,15,ITF,ITF5,17,Basilicata
2023-10-27,CAL,70,36,34,70,ITF,ITF6,18,Calabria
2023-10-30,CAL,59,30,29,59,ITF,ITF6,18,Calabria
2023-11-02,CAL,40,14,26,40,ITF,ITF6,18,Calabria
2023-10-20,CAM,186,101,85,186,ITF,ITF3,15,Campania
2023-10-23,CAM,305,167,138,305,ITF,ITF3,15,Campania
2023-10-26,CAM,402,225,177,402,ITF,ITF3,15,Campania
2023-10-29,CAM,2,0,2,2,ITF,ITF3,15,Campania
2023-11-18,CAM,83,40,43,83,ITF,ITF3,15,Campania
2023-11-21,CAM,402,214,188,402,ITF,ITF3,15,Campania
2023-10-17,EMR,1201,585,616,1201,ITH,ITH5,8,Emilia-Romagna
2023-10-20,EMR,2195,1069,1126,2195,ITH,ITH5,8,Emilia-Romagna
2023-10-23,EMR,2214,1106,1108,2214,ITH,ITH5,8,Emilia-Romagna
2023-11-15,EMR,6371,3045,3326,6371,ITH,ITH5,8,Emilia-Romagna
2023-11-18,EMR,2051,1001,1050,2051,ITH,ITH5,8,Emilia-Romagna
2023-11-21,EMR,5210,2507,2703,5210,ITH,ITH5,8,Emilia-Romagna
2023-10-20,FVG,571,289,282,571,ITH,ITH4,6,Friuli-Venezia Giulia
2023-10-23,FVG,331,166,165,331,ITH,ITH4,6,Friuli-Venezia Giulia
2023-10-26,FVG,850,422,428,850,ITH,ITH4,6,Friuli-Venezia Giulia
2023-10-29,FVG,9,4,5,9,ITH,ITH4,6,Friuli-Venezia Giulia
2023-11-18,FVG,276,141,135,276,ITH,ITH4,6,Friuli-Venezia Giulia
2023-11-21,FVG,1113,537,576,1113,ITH,ITH4,6,Friuli-Venezia Giulia
2023-10-03,LAZ,56,28,28,56,ITI,ITI4,12,Lazio
2023-10-06,LAZ,69,40,29,69,ITI,ITI4,12,Lazio
2023-10-26,LAZ,830,406,424,830,ITI,ITI4,12,Lazio
2023-10-29,LAZ,26,11,15,26,ITI,ITI4,12,Lazio
2023-11-01,LAZ,25,11,14,25,ITI,ITI4,12,Lazio
2023-11-04,LAZ,726,371,355,726,ITI,ITI4,12,Lazio
2023-10-03,LIG,30,14,16,30,ITC,ITC3,7,Liguria
2023-10-06,LIG,61,21,40,61,ITC,ITC3,7,Liguria
2023-11-01,LIG,81,9,72,81,ITC,ITC3,7,Liguria
2023-11-04,LIG,127,60,67,127,ITC,ITC3,7,Liguria
2023-11-07,LIG,1551,800,751,1551,ITC,ITC3,7,Liguria
2023-10-19,LOM,6040,2986,3054,6040,ITC,ITC4,3,Lombardia
2023-10-22,LOM,381,190,191,381,ITC,ITC4,3,Lombardia
2023-10-25,LOM,9594,4602,4992,9594,ITC,ITC4,3,Lombardia
2023-10-28,LOM,5827,2876,2951,5827,ITC,ITC4,3,Lombardia
2023-11-20,LOM,8357,3950,4407,8357,ITC,ITC4,3,Lombardia
2023-11-23,LOM,8382,3939,4443,8382,ITC,ITC4,3,Lombardia
2023-10-15,MAR,1,1,0,1,ITI,ITI3,11,Marche
2023-10-18,MAR,369,205,164,369,ITI,ITI3,11,Marche
2023-10-21,MAR,208,101,107,208,ITI,ITI3,11,Marche
2023-10-24,MAR,570,298,272,570,ITI,ITI3,11,Marche
2023-11-13,MAR,471,226,245,471,ITI,ITI3,11,Marche
2023-11-16,MAR,829,416,413,829,ITI,ITI3,11,Marche
2023-11-19,MAR,6,1,5,6,ITI,ITI3,11,Marche
2023-11-22,MAR,5,1,4,5,ITI,ITI3,11,Marche
2023-10-09,MOL,10,6,4,10,ITF,ITF2,14,Molise
2023-11-07,MOL,73,41,32,73,ITF,ITF2,14,Molise
2023-11-10,MOL,60,31,29,60,ITF,ITF2,14,Molise
2023-11-13,MOL,76,48,28,76,ITF,ITF2,14,Molise
2023-11-16,MOL,111,50,61,111,ITF,ITF2,14,Molise
2023-10-14,PAB,21,7,14,21,ITH,ITH1,4,Provincia Autonoma Bolzano / Bozen
2023-10-17,PAB,494,251,243,494,ITH,ITH1,4,Provincia Autonoma Bolzano / Bozen
2023-10-20,PAB,283,147,136,283,ITH,ITH1,4,Provincia Autonoma Bolzano / Bozen
2023-10-23,PAB,216,99,117,216,ITH,ITH1,4,Provincia Autonoma Bolzano / Bozen
2023-11-12,PAB,2,2,0,2,ITH,ITH1,4,Provincia Autonoma Bolzano / Bozen
2023-11-15,PAB,546,275,271,546,ITH,ITH1,4,Provincia Autonoma Bolzano / Bozen
2023-11-18,PAB,9,2,7,9,ITH,ITH1,4,Provincia Autonoma Bolzano / Bozen
2023-11-21,PAB,537,274,263,537,ITH,ITH1,4,Provincia Autonoma Bolzano / Bozen
2023-11-07,PAT,562,285,277,562,ITH,ITH2,4,Provincia Autonoma Trento
2023-11-10,PAT,587,269,318,587,ITH,ITH2,4,Provincia Autonoma Trento
2023-11-13,PAT,461,230,231,461,ITH,ITH2,4,Provincia Autonoma Trento
2023-10-11,PIE,136,70,66,136,ITC,ITC1,1,Piemonte
2023-10-14,PIE,43,20,23,43,ITC,ITC1,1,Piemonte
2023-10-17,PIE,409,205,204,409,ITC,ITC1,1,Piemonte
2023-10-18,CAL,12,9,3,12,ITF,ITF6,18,Calabria
2023-10-21,CAL,13,9,4,13,ITF,ITF6,18,Calabria
2023-10-24,CAL,45,28,17,45,ITF,ITF6,18,Calabria
2023-11-13,CAL,92,48,44,92,ITF,ITF6,18,Calabria
2023-11-16,CAL,122,67,55,122,ITF,ITF6,18,Calabria
2023-11-22,CAL,147,77,70,147,ITF,ITF6,18,Calabria
2023-10-03,CAM,29,18,11,29,ITF,ITF3,15,Campania
2023-10-06,CAM,28,15,13,28,ITF,ITF3,15,Campania
2023-10-09,CAM,59,36,23,59,ITF,ITF3,15,Campania
2023-11-01,CAM,21,10,11,21,ITF,ITF3,15,Campania
2023-11-04,CAM,89,50,39,89,ITF,ITF3,15,Campania
2023-11-07,CAM,329,194,135,329,ITF,ITF3,15,Campania
2023-09-27,EMR,1,1,0,1,ITH,ITH5,8,Emilia-Romagna
2023-10-26,EMR,4197,1991,2206,4197,ITH,ITH5,8,Emilia-Romagna
2023-10-29,EMR,328,169,159,328,ITH,ITH5,8,Emilia-Romagna
2023-11-01,EMR,236,92,144,236,ITH,ITH5,8,Emilia-Romagna
2023-11-04,EMR,2858,1394,1464,2858,ITH,ITH5,8,Emilia-Romagna
2023-10-11,FVG,72,36,36,72,ITH,ITH4,6,Friuli-Venezia Giulia
2023-10-17,FVG,396,203,193,396,ITH,ITH4,6,Friuli-Venezia Giulia
2023-11-09,FVG,1293,587,706,1293,ITH,ITH4,6,Friuli-Venezia Giulia
2023-11-12,FVG,12,4,8,12,ITH,ITH4,6,Friuli-Venezia Giulia
2023-11-15,FVG,1072,513,559,1072,ITH,ITH4,6,Friuli-Venezia Giulia
2023-10-09,LAZ,127,80,47,127,ITI,ITI4,12,Lazio
2023-10-12,LAZ,143,76,67,143,ITI,ITI4,12,Lazio
2023-10-15,LAZ,61,26,35,61,ITI,ITI4,12,Lazio
2023-10-18,LAZ,488,251,237,488,ITI,ITI4,12,Lazio
2023-11-07,LAZ,2019,979,1040,2019,ITI,ITI4,12,Lazio
2023-11-10,LAZ,2398,1142,1256,2398,ITI,ITI4,12,Lazio
2023-11-13,LAZ,1627,845,782,1627,ITI,ITI4,12,Lazio
2023-11-16,LAZ,2356,1149,1207,2356,ITI,ITI4,12,Lazio
2023-10-17,LIG,350,149,201,350,ITC,ITC3,7,Liguria
2023-10-20,LIG,84,33,51,84,ITC,ITC3,7,Liguria
2023-10-23,LIG,290,145,145,290,ITC,ITC3,7,Liguria
2023-10-26,LIG,780,382,398,780,ITC,ITC3,7,Liguria
2023-11-18,LIG,257,127,130,257,ITC,ITC3,7,Liguria
2023-11-21,LIG,1644,825,819,1644,ITC,ITC3,7,Liguria
2023-10-07,LOM,4,2,2,4,ITC,ITC4,3,Lombardia
2023-10-10,LOM,583,257,326,583,ITC,ITC4,3,Lombardia
2023-10-13,LOM,520,203,317,520,ITC,ITC4,3,Lombardia
2023-10-16,LOM,4569,2407,2162,4569,ITC,ITC4,3,Lombardia
2023-11-08,LOM,11330,5192,6138,11330,ITC,ITC4,3,Lombardia
2023-11-11,LOM,5861,2802,3059,5861,ITC,ITC4,3,Lombardia
2023-11-14,LOM,10207,4650,5557,10207,ITC,ITC4,3,Lombardia
2023-11-17,LOM,8847,4102,4745,8847,ITC,ITC4,3,Lombardia
2023-10-09,MAR,6,1,5,6,ITI,ITI3,11,Marche
2023-10-12,MAR,29,15,14,29,ITI,ITI3,11,Marche
2023-11-04,MAR,367,176,191,367,ITI,ITI3,11,Marche
2023-11-07,MAR,741,355,386,741,ITI,ITI3,11,Marche
2023-11-10,MAR,967,496,471,967,ITI,ITI3,11,Marche
2023-10-26,MOL,9,4,5,9,ITF,ITF2,14,Molise
2023-10-26,PAB,780,388,392,780,ITH,ITH1,4,Provincia Autonoma Bolzano / Bozen
2023-10-29,PAB,1,0,1,1,ITH,ITH1,4,Provincia Autonoma Bolzano / Bozen
2023-10-18,PAT,245,129,116,245,ITH,ITH2,4,Provincia Autonoma Trento
2023-10-21,PAT,65,35,30,65,ITH,ITH2,4,Provincia Autonoma Trento
2023-10-24,PAT,593,268,325,593,ITH,ITH2,4,Provincia Autonoma Trento
2023-10-27,PAT,427,192,235,427,ITH,ITH2,4,Provincia Autonoma Trento
2023-11-16,PAT,647,327,320,647,ITH,ITH2,4,Provincia Autonoma Trento
2023-11-22,PAT,391,185,206,391,ITH,ITH2,4,Provincia Autonoma Trento
2023-10-05,PIE,14,9,5,14,ITC,ITC1,1,Piemonte
2023-10-28,PIE,880,440,440,880,ITC,ITC1,1,Piemonte
2023-10-31,PIE,1513,743,770,1513,ITC,ITC1,1,Piemonte
2023-11-03,PIE,2401,1204,1197,2401,ITC,ITC1,1,Piemonte
2023-11-06,PIE,1617,804,813,1617,ITC,ITC1,1,Piemonte
2023-10-18,PUG,444,240,204,444,ITF,ITF4,16,Puglia
2023-10-21,PUG,213,96,117,213,ITF,ITF4,16,Puglia
2023-10-24,PUG,1078,572,506,1078,ITF,ITF4,16,Puglia
2023-11-16,PUG,1841,944,897,1841,ITF,ITF4,16,Puglia
2023-11-07,BAS,30,20,10,30,ITF,ITF5,17,Basilicata
2023-11-10,BAS,12,6,6,12,ITF,ITF5,17,Basilicata
2023-11-13,BAS,20,11,9,20,ITF,ITF5,17,Basilicata
2023-11-16,BAS,37,17,20,37,ITF,ITF5,17,Basilicata
2023-10-31,CAL,24,11,13,24,ITF,ITF6,18,Calabria
2023-11-03,CAL,46,24,22,46,ITF,ITF6,18,Calabria
2023-11-06,CAL,40,25,15,40,ITF,ITF6,18,Calabria
2023-10-16,CAM,166,95,71,166,ITF,ITF3,15,Campania
2023-10-19,CAM,298,169,129,298,ITF,ITF3,15,Campania
2023-10-22,CAM,3,1,2,3,ITF,ITF3,15,Campania
2023-10-25,CAM,301,178,123,301,ITF,ITF3,15,Campania
2023-11-14,CAM,464,280,184,464,ITF,ITF3,15,Campania
2023-11-17,CAM,462,257,205,462,ITF,ITF3,15,Campania
2023-11-20,CAM,438,256,182,438,ITF,ITF3,15,Campania
2023-10-13,EMR,86,35,51,86,ITH,ITH5,8,Emilia-Romagna
2023-10-16,EMR,714,310,404,714,ITH,ITH5,8,Emilia-Romagna
2023-10-19,EMR,1934,964,970,1934,ITH,ITH5,8,Emilia-Romagna
2023-10-22,EMR,105,50,55,105,ITH,ITH5,8,Emilia-Romagna
2023-11-11,EMR,3319,1608,1711,3319,ITH,ITH5,8,Emilia-Romagna
2023-11-14,EMR,5489,2632,2857,5489,ITH,ITH5,8,Emilia-Romagna
2023-11-17,EMR,5468,2624,2844,5468,ITH,ITH5,8,Emilia-Romagna
2023-11-20,EMR,3500,1673,1827,3500,ITH,ITH5,8,Emilia-Romagna
2023-10-24,FVG,664,341,323,664,ITH,ITH4,6,Friuli-Venezia Giulia
2023-10-27,FVG,916,458,458,916,ITH,ITH4,6,Friuli-Venezia Giulia
2023-10-30,FVG,532,274,258,532,ITH,ITH4,6,Friuli-Venezia Giulia
2023-11-02,FVG,701,351,350,701,ITH,ITH4,6,Friuli-Venezia Giulia
2023-11-22,FVG,920,446,474,920,ITH,ITH4,6,Friuli-Venezia Giulia
2023-10-02,LAZ,17,7,10,17,ITI,ITI4,12,Lazio
2023-10-25,LAZ,984,489,495,984,ITI,ITI4,12,Lazio
2023-10-28,LAZ,715,347,368,715,ITI,ITI4,12,Lazio
2023-10-31,LAZ,1429,708,721,1429,ITI,ITI4,12,Lazio
2023-11-23,LAZ,1888,941,947,1888,ITI,ITI4,12,Lazio
2023-10-04,LIG,12,4,8,12,ITC,ITC3,7,Liguria
2023-10-10,LIG,7,3,4,7,ITC,ITC3,7,Liguria
2023-11-02,LIG,779,389,390,779,ITC,ITC3,7,Liguria
2023-11-08,LIG,915,445,470,915,ITC,ITC3,7,Liguria
2023-11-11,LIG,158,69,89,158,ITC,ITC3,7,Liguria
2023-10-03,LOM,167,75,92,167,ITC,ITC4,3,Lombardia
2023-10-23,LOM,7491,3723,3768,7491,ITC,ITC4,3,Lombardia
2023-10-26,LOM,9897,4712,5185,9897,ITC,ITC4,3,Lombardia
2023-10-29,LOM,640,314,326,640,ITC,ITC4,3,Lombardia
2023-11-01,LOM,1248,551,697,1248,ITC,ITC4,3,Lombardia
2023-10-19,MAR,357,171,186,357,ITI,ITI3,11,Marche
2023-10-22,MAR,54,30,24,54,ITI,ITI3,11,Marche
2023-10-25,MAR,528,264,264,528,ITI,ITI3,11,Marche
2023-10-28,MAR,738,376,362,738,ITI,ITI3,11,Marche
2023-11-17,MAR,38,19,19,38,ITI,ITI3,11,Marche
2023-11-20,MAR,576,308,268,576,ITI,ITI3,11,Marche
2023-11-23,MAR,9,3,6,9,ITI,ITI3,11,Marche
2023-10-13,MOL,9,7,2,9,ITF,ITF2,14,Molise
2023-10-19,MOL,55,18,37,55,ITF,ITF2,14,Molise
2023-11-11,MOL,38,5,33,38,ITF,ITF2,14,Molise
2023-11-14,MOL,31,19,12,31,ITF,ITF2,14,Molise
2023-11-17,MOL,44,27,17,44,ITF,ITF2,14,Molise
2023-11-20,MOL,91,54,37,91,ITF,ITF2,14,Molise
2023-10-10,PAB,438,248,190,438,ITH,ITH1,4,Provincia Autonoma Bolzano / Bozen
2023-10-13,PAB,232,121,111,232,ITH,ITH1,4,Provincia Autonoma Bolzano / Bozen
2023-10-16,PAB,150,72,78,150,ITH,ITH1,4,Provincia Autonoma Bolzano / Bozen
2023-10-19,PAB,802,390,412,802,ITH,ITH1,4,Provincia Autonoma Bolzano / Bozen
2023-11-08,PAB,513,273,240,513,ITH,ITH1,4,Provincia Autonoma Bolzano / Bozen
2023-11-11,PAB,36,17,19,36,ITH,ITH1,4,Provincia Autonoma Bolzano / Bozen
2023-11-14,PAB,571,276,295,571,ITH,ITH1,4,Provincia Autonoma Bolzano / Bozen
2023-11-17,PAB,270,133,137,270,ITH,ITH1,4,Provincia Autonoma Bolzano / Bozen
2023-11-03,PAT,357,173,184,357,ITH,ITH2,4,Provincia Autonoma Trento
2023-11-06,PAT,425,207,218,425,ITH,ITH2,4,Provincia Autonoma Trento
2023-11-09,PAT,737,385,352,737,ITH,ITH2,4,Provincia Autonoma Trento
2023-10-18,PIE,419,219,200,419,ITC,ITC1,1,Piemonte
2023-11-15,BAS,28,15,13,28,ITF,ITF5,17,Basilicata
2023-10-13,CAL,6,4,2,6,ITF,ITF6,18,Calabria
2023-10-16,CAL,17,11,6,17,ITF,ITF6,18,Calabria
2023-11-08,CAL,110,71,39,110,ITF,ITF6,18,Calabria
2023-11-11,CAL,45,22,23,45,ITF,ITF6,18,Calabria
2023-11-14,CAL,224,146,78,224,ITF,ITF6,18,Calabria
2023-10-24,CAM,353,199,154,353,ITF,ITF3,15,Campania
2023-10-27,CAM,278,148,130,278,ITF,ITF3,15,Campania
2023-10-30,CAM,365,213,152,365,ITF,ITF3,15,Campania
2023-11-02,CAM,283,143,140,283,ITF,ITF3,15,Campania
2023-11-22,CAM,544,299,245,544,ITF,ITF3,15,Campania
2023-10-21,EMR,1029,505,524,1029,ITH,ITH5,8,Emilia-Romagna
2023-10-24,EMR,3528,1673,1855,3528,ITH,ITH5,8,Emilia-Romagna
2023-10-27,EMR,4754,2269,2485,4754,ITH,ITH5,8,Emilia-Romagna
2023-11-19,EMR,202,87,115,202,ITH,ITH5,8,Emilia-Romagna
2023-11-22,EMR,5257,2568,2689,5257,ITH,ITH5,8,Emilia-Romagna
2023-10-16,FVG,121,64,57,121,ITH,ITH4,6,Friuli-Venezia Giulia
2023-10-19,FVG,306,147,159,306,ITH,ITH4,6,Friuli-Venezia Giulia
2023-10-25,FVG,675,327,348,675,ITH,ITH4,6,Friuli-Venezia Giulia
2023-11-14,FVG,1399,708,691,1399,ITH,ITH4,6,Friuli-Venezia Giulia
2023-11-17,FVG,1327,648,679,1327,ITH,ITH4,6,Friuli-Venezia Giulia
2023-11-20,FVG,1085,550,535,1085,ITH,ITH4,6,Friuli-Venezia Giulia
2023-11-23,FVG,1045,483,562,1045,ITH,ITH4,6,Friuli-Venezia Giulia
2023-10-17,LAZ,432,232,200,432,ITI,ITI4,12,Lazio
2023-10-20,LAZ,738,370,368,738,ITI,ITI4,12,Lazio
2023-10-23,LAZ,587,275,312,587,ITI,ITI4,12,Lazio
2023-11-15,LAZ,2193,1094,1099,2193,ITI,ITI4,12,Lazio
2023-11-18,LAZ,975,476,499,975,ITI,ITI4,12,Lazio
2023-11-21,LAZ,1870,921,949,1870,ITI,ITI4,12,Lazio
2023-10-09,LIG,32,10,22,32,ITC,ITC3,7,Liguria
2023-10-12,LIG,126,48,78,126,ITC,ITC3,7,Liguria
2023-10-15,LIG,1,0,1,1,ITC,ITC3,7,Liguria
2023-10-18,LIG,224,89,135,224,ITC,ITC3,7,Liguria
2023-11-10,LIG,775,387,388,775,ITC,ITC3,7,Liguria
2023-11-13,LIG,387,185,202,387,ITC,ITC3,7,Liguria
2023-11-16,LIG,997,501,496,997,ITC,ITC3,7,Liguria
2023-10-15,LOM,3,2,1,3,ITC,ITC4,3,Lombardia
2023-10-18,LOM,5833,2934,2899,5833,ITC,ITC4,3,Lombardia
2023-10-21,LOM,3449,1738,1711,3449,ITC,ITC4,3,Lombardia
2023-10-24,LOM,8994,4425,4569,8994,ITC,ITC4,3,Lombardia
2023-11-16,LOM,9938,4665,5273,9938,ITC,ITC4,3,Lombardia
2023-11-19,LOM,491,235,256,491,ITC,ITC4,3,Lombardia
2023-11-22,LOM,10103,4781,5322,10103,ITC,ITC4,3,Lombardia
2023-10-01,MAR,1,1,0,1,ITI,ITI3,11,Marche
2023-10-27,MAR,907,477,430,907,ITI,ITI3,11,Marche
2023-10-30,MAR,416,200,216,416,ITI,ITI3,11,Marche
2023-11-02,MAR,621,305,316,621,ITI,ITI3,11,Marche
2023-11-05,MAR,28,11,17,28,ITI,ITI3,11,Marche
2023-10-18,MOL,27,14,13,27,ITF,ITF2,14,Molise
2023-10-24,MOL,36,12,24,36,ITF,ITF2,14,Molise
2023-10-27,MOL,3,2,1,3,ITF,ITF2,14,Molise
2023-11-22,MOL,80,50,30,80,ITF,ITF2,14,Molise
2023-10-18,PAB,625,301,324,625,ITH,ITH1,4,Provincia Autonoma Bolzano / Bozen
2023-10-21,PAB,3,0,3,3,ITH,ITH1,4,Provincia Autonoma Bolzano / Bozen
2023-10-24,PAB,677,333,344,677,ITH,ITH1,4,Provincia Autonoma Bolzano / Bozen
2023-10-27,PAB,351,171,180,351,ITH,ITH1,4,Provincia Autonoma Bolzano / Bozen
2023-11-16,PAB,561,264,297,561,ITH,ITH1,4,Provincia Autonoma Bolzano / Bozen
2023-11-19,PAB,1,0,1,1,ITH,ITH1,4,Provincia Autonoma Bolzano / Bozen
2023-11-22,PAB,494,243,251,494,ITH,ITH1,4,Provincia Autonoma Bolzano / Bozen
2023-10-26,PAT,607,293,314,607,ITH,ITH2,4,Provincia Autonoma Trento
2023-10-29,PAT,1,0,1,1,ITH,ITH2,4,Provincia Autonoma Trento
2023-10-07,PIE,47,24,23,47,ITC,ITC1,1,Piemonte
2023-10-10,PIE,95,51,44,95,ITC,ITC1,1,Piemonte
2023-10-13,PIE,202,112,90,202,ITC,ITC1,1,Piemonte
2023-10-16,PIE,189,110,79,189,ITC,ITC1,1,Piemonte
2023-11-05,PIE,68,26,42,68,ITC,ITC1,1,Piemonte
2023-11-08,PIE,3076,1505,1571,3076,ITC,ITC1,1,Piemonte
2023-10-17,CAL,7,2,5,7,ITF,ITF6,18,Calabria
2023-10-20,CAL,6,4,2,6,ITF,ITF6,18,Calabria
2023-11-09,CAL,118,63,55,118,ITF,ITF6,18,Calabria
2023-11-12,CAL,6,0,6,6,ITF,ITF6,18,Calabria
2023-11-15,CAL,207,132,75,207,ITF,ITF6,18,Calabria
2023-11-18,CAL,30,20,10,30,ITF,ITF6,18,Calabria
2023-10-04,CAM,30,20,10,30,ITF,ITF3,15,Campania
2023-10-10,CAM,64,39,25,64,ITF,ITF3,15,Campania
2023-10-13,CAM,127,61,66,127,ITF,ITF3,15,Campania
2023-11-08,CAM,407,228,179,407,ITF,ITF3,15,Campania
2023-11-11,CAM,94,57,37,94,ITF,ITF3,15,Campania
2023-10-30,EMR,3193,1476,1717,3193,ITH,ITH5,8,Emilia-Romagna
2023-11-02,EMR,4052,1941,2111,4052,ITH,ITH5,8,Emilia-Romagna
2023-11-05,EMR,193,103,90,193,ITH,ITH5,8,Emilia-Romagna
2023-11-08,EMR,6794,3194,3600,6794,ITH,ITH5,8,Emilia-Romagna
2023-10-04,FVG,43,24,19,43,ITH,ITH4,6,Friuli-Venezia Giulia
2023-10-10,FVG,48,25,23,48,ITH,ITH4,6,Friuli-Venezia Giulia
2023-10-13,FVG,40,18,22,40,ITH,ITH4,6,Friuli-Venezia Giulia
2023-11-05,FVG,11,7,4,11,ITH,ITH4,6,Friuli-Venezia Giulia
2023-11-08,FVG,963,475,488,963,ITH,ITH4,6,Friuli-Venezia Giulia
2023-11-11,FVG,818,383,435,818,ITH,ITH4,6,Friuli-Venezia Giulia
2023-10-13,LAZ,248,119,129,248,ITI,ITI4,12,Lazio
2023-10-16,LAZ,329,165,164,329,ITI,ITI4,12,Lazio
2023-10-19,LAZ,357,167,190,357,ITI,ITI4,12,Lazio
2023-10-22,LAZ,42,21,21,42,ITI,ITI4,12,Lazio
2023-11-11,LAZ,753,367,386,753,ITI,ITI4,12,Lazio
2023-11-14,LAZ,2102,1026,1076,2102,ITI,ITI4,12,Lazio
2023-11-17,LAZ,2410,1169,1241,2410,ITI,ITI4,12,Lazio
2023-11-20,LAZ,1347,679,668,1347,ITI,ITI4,12,Lazio
2023-10-13,LIG,56,18,38,56,ITC,ITC3,7,Liguria
2023-10-16,LIG,141,43,98,141,ITC,ITC3,7,Liguria
2023-10-19,LIG,171,81,90,171,ITC,ITC3,7,Liguria
2023-11-14,LIG,1096,533,563,1096,ITC,ITC3,7,Liguria
2023-11-17,LIG,689,350,339,689,ITC,ITC3,7,Liguria
2023-11-20,LIG,598,295,303,598,ITC,ITC3,7,Liguria
2023-10-06,LOM,240,99,141,240,ITC,ITC4,3,Lombardia
2023-10-09,LOM,380,153,227,380,ITC,ITC4,3,Lombardia
2023-10-12,LOM,563,245,318,563,ITC,ITC4,3,Lombardia
2023-11-04,LOM,5613,2696,2917,5613,ITC,ITC4,3,Lombardia
2023-11-07,LOM,10323,4778,5545,10323,ITC,ITC4,3,Lombardia
2023-11-10,LOM,9798,4561,5237,9798,ITC,ITC4,3,Lombardia
2023-11-13,LOM,8549,4012,4537,8549,ITC,ITC4,3,Lombardia
2023-10-31,MAR,600,293,307,600,ITI,ITI3,11,Marche
2023-11-03,MAR,829,429,400,829,ITI,ITI3,11,Marche
2023-11-06,MAR,408,206,202,408,ITI,ITI3,11,Marche
2023-11-09,MAR,1147,533,614,1147,ITI,ITI3,11,Marche
2023-10-25,MOL,74,40,34,74,ITF,ITF2,14,Molise
2023-10-28,MOL,42,12,30,42,ITF,ITF2,14,Molise
2023-10-31,MOL,33,13,20,33,ITF,ITF2,14,Molise
2023-11-23,MOL,36,21,15,36,ITF,ITF2,14,Molise
2023-10-30,PAB,185,83,102,185,ITH,ITH1,4,Provincia Autonoma Bolzano / Bozen
2023-11-02,PAB,334,157,177,334,ITH,ITH1,4,Provincia Autonoma Bolzano / Bozen
2023-11-05,PAB,6,2,4,6,ITH,ITH1,4,Provincia Autonoma Bolzano / Bozen
2023-10-22,PAT,1,0,1,1,ITH,ITH2,4,Provincia Autonoma Trento
2023-10-25,PAT,418,196,222,418,ITH,ITH2,4,Provincia Autonoma Trento
2023-10-28,PAT,47,16,31,47,ITH,ITH2,4,Provincia Autonoma Trento
2023-10-31,PAT,448,243,205,448,ITH,ITH2,4,Provincia Autonoma Trento
2023-11-20,PAT,411,189,222,411,ITH,ITH2,4,Provincia Autonoma Trento
2023-11-23,PAT,525,249,276,525,ITH,ITH2,4,Provincia Autonoma Trento
2023-10-04,PIE,20,14,6,20,ITC,ITC1,1,Piemonte
2023-10-24,PIE,1278,627,651,1278,ITC,ITC1,1,Piemonte
2023-10-27,PIE,2150,1043,1107,2150,ITC,ITC1,1,Piemonte
2023-10-30,PIE,1128,559,569,1128,ITC,ITC1,1,Piemonte
2023-11-02,PIE,1546,748,798,1546,ITC,ITC1,1,Piemonte
2023-10-19,PUG,468,251,217,468,ITF,ITF4,16,Puglia
2023-10-22,PUG,23,9,14,23,ITF,ITF4,16,Puglia
2023-10-25,PUG,1102,550,552,1102,ITF,ITF4,16,Puglia
2023-11-19,PUG,31,15,16,31,ITF,ITF4,16,Puglia
2023-11-22,PUG,1097,572,525,1097,ITF,ITF4,16,Puglia
2023-10-03,SAR,6,1,5,6,ITG,ITG2,20,Sardegna
2023-10-06,SAR,50,24,26,50,ITG,ITG2,20,Sardegna
2023-10-09,SAR,66,32,34,66,ITG,ITG2,20,Sardegna
2023-11-07,SAR,168,94,74,168,ITG,ITG2,20,Sardegna
2023-11-10,SAR,332,159,173,332,ITG,ITG2,20,Sardegna
2023-10-18,SIC,20,14,6,20,ITG,ITG1,19,Sicilia
2023-10-21,SIC,6,3,3,6,ITG,ITG1,19,Sicilia
2023-10-24,SIC,70,40,30,70,ITG,ITG1,19,Sicilia
2023-10-27,SIC,47,26,21,47,ITG,ITG1,19,Sicilia
2023-11-16,SIC,65,36,29,65,ITG,ITG1,19,Sicilia
2023-11-19,SIC,1,1,0,1,ITG,ITG1,19,Sicilia
2023-11-22,SIC,155,87,68,155,ITG,ITG1,19,Sicilia
2023-09-27,TOS,1,0,1,1,ITI,ITI1,9,Toscana
2023-09-30,TOS,2,2,0,2,ITI,ITI1,9,Toscana
2023-10-23,TOS,2218,1039,1179,2218,ITI,ITI1,9,Toscana
2023-10-26,TOS,4648,2170,2478,4648,ITI,ITI1,9,Toscana
2023-10-29,TOS,36,15,21,36,ITI,ITI1,9,Toscana
2023-11-01,TOS,127,52,75,127,ITI,ITI1,9,Toscana
2023-11-21,TOS,4676,2139,2537,4676,ITI,ITI1,9,Toscana
2023-11-11,UMB,340,154,186,340,ITI,ITI2,10,Umbria
2023-11-14,UMB,635,311,324,635,ITI,ITI2,10,Umbria
2023-11-17,UMB,630,315,315,630,ITI,ITI2,10,Umbria
2023-11-20,UMB,324,161,163,324,ITI,ITI2,10,Umbria
2023-10-13,VDA,77,35,42,77,ITC,ITC2,2,Valle d'Aosta / Vallée d'Aoste
2023-10-16,VDA,104,50,54,104,ITC,ITC2,2,Valle d'Aosta / Vallée d'Aoste
2023-11-08,VDA,206,103,103,206,ITC,ITC2,2,Valle d'Aosta / Vallée d'Aoste
2023-11-11,VDA,81,33,48,81,ITC,ITC2,2,Valle d'Aosta / Vallée d'Aoste
2023-11-14,VDA,105,49,56,105,ITC,ITC2,2,Valle d'Aosta / Vallée d'Aoste
2023-11-17,VDA,159,72,87,159,ITC,ITC2,2,Valle d'Aosta / Vallée d'Aoste
2023-10-24,VEN,671,255,416,671,ITH,ITH3,5,Veneto
2023-10-27,VEN,1656,770,886,1656,ITH,ITH3,5,Veneto
2023-10-30,VEN,1245,550,695,1245,ITH,ITH3,5,Veneto
2023-11-02,VEN,1703,755,948,1703,ITH,ITH3,5,Veneto
2023-11-22,VEN,2593,1247,1346,2593,ITH,ITH3,5,Veneto
2023-10-25,PIE,1771,804,967,1771,ITC,ITC1,1,Piemonte
2023-11-17,PIE,3075,1490,1585,3075,ITC,ITC1,1,Piemonte
2023-11-20,PIE,1884,852,1032,1884,ITC,ITC1,1,Piemonte
2023-11-23,PIE,2535,1193,1342,2535,ITC,ITC1,1,Piemonte
2023-10-11,PUG,217,111,106,217,ITF,ITF4,16,Puglia
2023-10-14,PUG,11,4,7,11,ITF,ITF4,16,Puglia
2023-10-17,PUG,262,148,114,262,ITF,ITF4,16,Puglia
2023-10-20,PUG,757,394,363,757,ITF,ITF4,16,Puglia
2023-11-12,PUG,51,30,21,51,ITF,ITF4,16,Puglia
2023-11-15,PUG,1965,969,996,1965,ITF,ITF4,16,Puglia
2023-11-18,PUG,314,158,156,314,ITF,ITF4,16,Puglia
2023-10-12,SAR,48,27,21,48,ITG,ITG2,20,Sardegna
2023-10-18,SAR,167,86,81,167,ITG,ITG2,20,Sardegna
2023-11-13,SAR,354,183,171,354,ITG,ITG2,20,Sardegna
2023-11-16,SAR,493,242,251,493,ITG,ITG2,20,Sardegna
2023-10-22,SIC,2,1,1,2,ITG,ITG1,19,Sicilia
2023-10-25,SIC,38,23,15,38,ITG,ITG1,19,Sicilia
2023-10-28,SIC,7,1,6,7,ITG,ITG1,19,Sicilia
2023-10-31,SIC,72,42,30,72,ITG,ITG1,19,Sicilia
2023-11-20,SIC,52,29,23,52,ITG,ITG1,19,Sicilia
2023-09-28,TOS,1,0,1,1,ITI,ITI1,9,Toscana
2023-10-04,TOS,274,153,121,274,ITI,ITI1,9,Toscana
2023-10-27,TOS,4044,1915,2129,4044,ITI,ITI1,9,Toscana
2023-10-30,TOS,2465,1163,1302,2465,ITI,ITI1,9,Toscana
2023-11-02,TOS,3733,1822,1911,3733,ITI,ITI1,9,Toscana
2023-11-05,TOS,186,97,89,186,ITI,ITI1,9,Toscana
2023-10-26,UMB,121,57,64,121,ITI,ITI2,10,Umbria
2023-11-15,UMB,855,434,421,855,ITI,ITI2,10,Umbria
2023-11-18,UMB,234,119,115,234,ITI,ITI2,10,Umbria
2023-11-21,UMB,555,262,293,555,ITI,ITI2,10,Umbria
2023-10-27,VDA,213,95,118,213,ITC,ITC2,2,Valle d'Aosta / Vallée d'Aoste
2023-10-30,VDA,102,55,47,102,ITC,ITC2,2,Valle d'Aosta / Vallée d'Aoste
2023-11-02,VDA,157,70,87,157,ITC,ITC2,2,Valle d'Aosta / Vallée d'Aoste
2023-11-05,VDA,7,2,5,7,ITC,ITC2,2,Valle d'Aosta / Vallée d'Aoste
2023-10-13,VEN,98,29,69,98,ITH,ITH3,5,Veneto
2023-11-05,VEN,49,30,19,49,ITH,ITH3,5,Veneto
2023-11-08,VEN,2023,970,1053,2023,ITH,ITH3,5,Veneto
2023-11-11,VEN,1552,790,762,1552,ITH,ITH3,5,Veneto
2023-10-21,PIE,339,180,159,339,ITC,ITC1,1,Piemonte
2023-11-13,PIE,1943,895,1048,1943,ITC,ITC1,1,Piemonte
2023-11-16,PIE,2937,1391,1546,2937,ITC,ITC1,1,Piemonte
2023-11-19,PIE,153,74,79,153,ITC,ITC1,1,Piemonte
2023-11-22,PIE,2857,1355,1502,2857,ITC,ITC1,1,Piemonte
2023-10-31,PUG,855,438,417,855,ITF,ITF4,16,Puglia
2023-11-03,PUG,1595,824,771,1595,ITF,ITF4,16,Puglia
2023-11-06,PUG,1140,601,539,1140,ITF,ITF4,16,Puglia
2023-11-09,PUG,1545,821,724,1545,ITF,ITF4,16,Puglia
2023-10-16,SAR,125,63,62,125,ITG,ITG2,20,Sardegna
2023-10-19,SAR,119,71,48,119,ITG,ITG2,20,Sardegna
2023-10-25,SAR,213,105,108,213,ITG,ITG2,20,Sardegna
2023-11-17,SAR,491,242,249,491,ITG,ITG2,20,Sardegna
2023-11-20,SAR,371,187,184,371,ITG,ITG2,20,Sardegna
2023-11-23,SAR,586,319,267,586,ITG,ITG2,20,Sardegna
2023-11-03,SIC,48,24,24,48,ITG,ITG1,19,Sicilia
2023-11-06,SIC,44,22,22,44,ITG,ITG1,19,Sicilia
2023-11-09,SIC,81,41,40,81,ITG,ITG1,19,Sicilia
2023-10-07,TOS,241,137,104,241,ITI,ITI1,9,Toscana
2023-10-10,TOS,314,152,162,314,ITI,ITI1,9,Toscana
2023-10-13,TOS,682,341,341,682,ITI,ITI1,9,Toscana
2023-10-16,TOS,729,315,414,729,ITI,ITI1,9,Toscana
2023-11-08,TOS,6394,2918,3476,6394,ITI,ITI1,9,Toscana
2023-11-11,TOS,2440,1116,1324,2440,ITI,ITI1,9,Toscana
2023-11-14,TOS,4650,2112,2538,4650,ITI,ITI1,9,Toscana
2023-10-29,UMB,3,1,2,3,ITI,ITI2,10,Umbria
2023-11-01,UMB,15,8,7,15,ITI,ITI2,10,Umbria
2023-11-04,UMB,175,82,93,175,ITI,ITI2,10,Umbria
2023-11-07,UMB,474,226,248,474,ITI,ITI2,10,Umbria
2023-10-23,VDA,138,64,74,138,ITC,ITC2,2,Valle d'Aosta / Vallée d'Aoste
2023-10-26,VDA,117,57,60,117,ITC,ITC2,2,Valle d'Aosta / Vallée d'Aoste
2023-11-01,VDA,1,0,1,1,ITC,ITC2,2,Valle d'Aosta / Vallée d'Aoste
2023-10-11,VEN,1,0,1,1,ITH,ITH3,5,Veneto
2023-10-17,VEN,159,60,99,159,ITH,ITH3,5,Veneto
2023-11-09,VEN,1994,941,1053,1994,ITH,ITH3,5,Veneto
2023-11-12,VEN,26,13,13,26,ITH,ITH3,5,Veneto
2023-11-15,VEN,2622,1210,1412,2622,ITH,ITH3,5,Veneto
2023-11-09,PIE,2911,1407,1504,2911,ITC,ITC1,1,Piemonte
2023-11-12,PIE,54,26,28,54,ITC,ITC1,1,Piemonte
2023-11-15,PIE,2783,1282,1501,2783,ITC,ITC1,1,Piemonte
2023-11-18,PIE,1211,619,592,1211,ITC,ITC1,1,Piemonte
2023-10-03,PUG,10,7,3,10,ITF,ITF4,16,Puglia
2023-10-06,PUG,13,8,5,13,ITF,ITF4,16,Puglia
2023-10-09,PUG,14,7,7,14,ITF,ITF4,16,Puglia
2023-10-12,PUG,86,62,24,86,ITF,ITF4,16,Puglia
2023-11-04,PUG,315,158,157,315,ITF,ITF4,16,Puglia
2023-11-07,PUG,1251,619,632,1251,ITF,ITF4,16,Puglia
2023-11-10,PUG,1872,984,888,1872,ITF,ITF4,16,Puglia
2023-11-13,PUG,1221,593,628,1221,ITF,ITF4,16,Puglia
2023-10-20,SAR,120,59,61,120,ITG,ITG2,20,Sardegna
2023-10-23,SAR,128,69,59,128,ITG,ITG2,20,Sardegna
2023-10-26,SAR,205,101,104,205,ITG,ITG2,20,Sardegna
2023-11-21,SAR,486,238,248,486,ITG,ITG2,20,Sardegna
2023-10-30,SIC,27,17,10,27,ITG,ITG1,19,Sicilia
2023-11-02,SIC,53,28,25,53,ITG,ITG1,19,Sicilia
2023-10-03,TOS,132,64,68,132,ITI,ITI1,9,Toscana
2023-10-06,TOS,228,103,125,228,ITI,ITI1,9,Toscana
2023-10-09,TOS,490,257,233,490,ITI,ITI1,9,Toscana
2023-10-12,TOS,804,360,444,804,ITI,ITI1,9,Toscana
2023-11-04,TOS,1955,938,1017,1955,ITI,ITI1,9,Toscana
2023-11-07,TOS,5151,2410,2741,5151,ITI,ITI1,9,Toscana
2023-11-10,TOS,6712,3174,3538,6712,ITI,ITI1,9,Toscana
2023-11-13,TOS,3819,1779,2040,3819,ITI,ITI1,9,Toscana
2023-10-25,UMB,39,34,5,39,ITI,ITI2,10,Umbria
2023-10-28,UMB,79,25,54,79,ITI,ITI2,10,Umbria
2023-10-31,UMB,282,136,146,282,ITI,ITI2,10,Umbria
2023-11-03,UMB,536,284,252,536,ITI,ITI2,10,Umbria
2023-11-23,UMB,605,305,300,605,ITI,ITI2,10,Umbria
2023-09-29,VDA,6,2,4,6,ITC,ITC2,2,Valle d'Aosta / Vallée d'Aoste
2023-10-19,VDA,113,59,54,113,ITC,ITC2,2,Valle d'Aosta / Vallée d'Aoste
2023-10-25,VDA,304,138,166,304,ITC,ITC2,2,Valle d'Aosta / Vallée d'Aoste
2023-10-28,VDA,86,42,44,86,ITC,ITC2,2,Valle d'Aosta / Vallée d'Aoste
2023-11-20,VDA,40,19,21,40,ITC,ITC2,2,Valle d'Aosta / Vallée d'Aoste
2023-11-23,VDA,85,49,36,85,ITC,ITC2,2,Valle d'Aosta / Vallée d'Aoste
2023-10-12,VEN,1,1,0,1,ITH,ITH3,5,Veneto
2023-10-18,VEN,237,63,174,237,ITH,ITH3,5,Veneto
2023-10-21,VEN,49,21,28,49,ITH,ITH3,5,Veneto
2023-11-10,VEN,2441,1195,1246,2441,ITH,ITH3,5,Veneto
2023-11-13,VEN,1534,729,805,1534,ITH,ITH3,5,Veneto
2023-11-16,VEN,2547,1238,1309,2547,ITH,ITH3,5,Veneto
2023-11-19,VEN,33,8,25,33,ITH,ITH3,5,Veneto
2023-11-11,PIE,1867,928,939,1867,ITC,ITC1,1,Piemonte
2023-11-14,PIE,2856,1331,1525,2856,ITC,ITC1,1,Piemonte
2023-10-23,PUG,851,422,429,851,ITF,ITF4,16,Puglia
2023-10-26,PUG,1326,659,667,1326,ITF,ITF4,16,Puglia
2023-10-29,PUG,62,39,23,62,ITF,ITF4,16,Puglia
2023-11-01,PUG,34,15,19,34,ITF,ITF4,16,Puglia
2023-11-21,PUG,1615,761,854,1615,ITF,ITF4,16,Puglia
2023-10-24,SAR,191,84,107,191,ITG,ITG2,20,Sardegna
2023-10-27,SAR,175,81,94,175,ITG,ITG2,20,Sardegna
2023-10-30,SAR,169,94,75,169,ITG,ITG2,20,Sardegna
2023-11-02,SAR,171,93,78,171,ITG,ITG2,20,Sardegna
2023-11-22,SAR,728,370,358,728,ITG,ITG2,20,Sardegna
2023-10-16,SIC,7,4,3,7,ITG,ITG1,19,Sicilia
2023-10-19,SIC,32,20,12,32,ITG,ITG1,19,Sicilia
2023-11-08,SIC,30,16,14,30,ITG,ITG1,19,Sicilia
2023-11-11,SIC,31,16,15,31,ITG,ITG1,19,Sicilia
2023-11-14,SIC,99,48,51,99,ITG,ITG1,19,Sicilia
2023-11-17,SIC,39,19,20,39,ITG,ITG1,19,Sicilia
2023-10-15,TOS,15,9,6,15,ITI,ITI1,9,Toscana
2023-10-18,TOS,1073,517,556,1073,ITI,ITI1,9,Toscana
2023-10-21,TOS,864,437,427,864,ITI,ITI1,9,Toscana
2023-10-24,TOS,2449,1129,1320,2449,ITI,ITI1,9,Toscana
2023-11-16,TOS,8829,4061,4768,8829,ITI,ITI1,9,Toscana
2023-11-19,TOS,200,87,113,200,ITI,ITI1,9,Toscana
2023-11-22,TOS,5702,2638,3064,5702,ITI,ITI1,9,Toscana
2023-10-14,UMB,6,3,3,6,ITI,ITI2,10,Umbria
2023-11-06,UMB,323,151,172,323,ITI,ITI2,10,Umbria
2023-11-09,UMB,704,336,368,704,ITI,ITI2,10,Umbria
2023-11-12,UMB,127,73,54,127,ITI,ITI2,10,Umbria
2023-10-18,VDA,145,69,76,145,ITC,ITC2,2,Valle d'Aosta / Vallée d'Aoste
2023-10-24,VDA,165,79,86,165,ITC,ITC2,2,Valle d'Aosta / Vallée d'Aoste
2023-11-16,VDA,116,57,59,116,ITC,ITC2,2,Valle d'Aosta / Vallée d'Aoste
2023-11-22,VDA,112,52,60,112,ITC,ITC2,2,Valle d'Aosta / Vallée d'Aoste
2023-10-16,VEN,152,72,80,152,ITH,ITH3,5,Veneto
2023-10-19,VEN,207,84,123,207,ITH,ITH3,5,Veneto
2023-10-22,VEN,6,4,2,6,ITH,ITH3,5,Veneto
2023-10-25,VEN,953,334,619,953,ITH,ITH3,5,Veneto
2023-11-14,VEN,2017,953,1064,2017,ITH,ITH3,5,Veneto
2023-11-17,VEN,2540,1174,1366,2540,ITH,ITH3,5,Veneto
2023-11-20,VEN,1944,977,967,1944,ITH,ITH3,5,Veneto
2023-11-23,VEN,2414,1222,1192,2414,ITH,ITH3,5,Veneto
2023-10-28,PUG,382,201,181,382,ITF,ITF4,16,Puglia
2023-11-20,PUG,1109,569,540,1109,ITF,ITF4,16,Puglia
2023-11-23,PUG,674,333,341,674,ITF,ITF4,16,Puglia
2023-10-04,SAR,24,10,14,24,ITG,ITG2,20,Sardegna
2023-10-10,SAR,54,32,22,54,ITG,ITG2,20,Sardegna
2023-10-13,SAR,111,56,55,111,ITG,ITG2,20,Sardegna
2023-11-08,SAR,292,155,137,292,ITG,ITG2,20,Sardegna
2023-11-14,SAR,514,267,247,514,ITG,ITG2,20,Sardegna
2023-10-17,SIC,16,9,7,16,ITG,ITG1,19,Sicilia
2023-10-20,SIC,25,16,9,25,ITG,ITG1,19,Sicilia
2023-10-23,SIC,26,14,12,26,ITG,ITG1,19,Sicilia
2023-11-12,SIC,3,1,2,3,ITG,ITG1,19,Sicilia
2023-11-15,SIC,64,30,34,64,ITG,ITG1,19,Sicilia
2023-11-18,SIC,7,2,5,7,ITG,ITG1,19,Sicilia
2023-11-21,SIC,81,41,40,81,ITG,ITG1,19,Sicilia
2023-09-26,TOS,15,7,8,15,ITI,ITI1,9,Toscana
2023-10-19,TOS,2336,1112,1224,2336,ITI,ITI1,9,Toscana
2023-10-22,TOS,19,7,12,19,ITI,ITI1,9,Toscana
2023-10-25,TOS,3499,1681,1818,3499,ITI,ITI1,9,Toscana
2023-10-28,TOS,1250,644,606,1250,ITI,ITI1,9,Toscana
2023-11-17,TOS,6462,3053,3409,6462,ITI,ITI1,9,Toscana
2023-11-20,TOS,3969,1826,2143,3969,ITI,ITI1,9,Toscana
2023-11-23,TOS,6610,3168,3442,6610,ITI,ITI1,9,Toscana
2023-10-12,UMB,6,3,3,6,ITI,ITI2,10,Umbria
2023-10-18,UMB,18,9,9,18,ITI,ITI2,10,Umbria
2023-11-10,UMB,675,318,357,675,ITI,ITI2,10,Umbria
2023-11-13,UMB,390,189,201,390,ITI,ITI2,10,Umbria
2023-11-16,UMB,781,377,404,781,ITI,ITI2,10,Umbria
2023-10-06,VDA,18,10,8,18,ITC,ITC2,2,Valle d'Aosta / Vallée d'Aoste
2023-10-12,VDA,12,6,6,12,ITC,ITC2,2,Valle d'Aosta / Vallée d'Aoste
2023-11-04,VDA,109,57,52,109,ITC,ITC2,2,Valle d'Aosta / Vallée d'Aoste
2023-11-07,VDA,100,45,55,100,ITC,ITC2,2,Valle d'Aosta / Vallée d'Aoste
2023-11-10,VDA,160,73,87,160,ITC,ITC2,2,Valle d'Aosta / Vallée d'Aoste
2023-11-13,VDA,59,28,31,59,ITC,ITC2,2,Valle d'Aosta / Vallée d'Aoste
2023-10-28,VEN,732,354,378,732,ITH,ITH3,5,Veneto
2023-10-31,VEN,1412,606,806,1412,ITH,ITH3,5,Veneto
2023-11-03,VEN,1227,566,661,1227,ITH,ITH3,5,Veneto
2023-11-06,VEN,1421,668,753,1421,ITH,ITH3,5,Veneto
2023-11-11,BAS,13,5,8,13,ITF,ITF5,17,Basilicata
2023-11-14,BAS,24,10,14,24,ITF,ITF5,17,Basilicata
2023-11-17,BAS,12,8,4,12,ITF,ITF5,17,Basilicata
2023-10-12,CAL,12,5,7,12,ITF,ITF6,18,Calabria
2023-11-04,CAL,40,21,19,40,ITF,ITF6,18,Calabria
2023-11-07,CAL,114,68,46,114,ITF,ITF6,18,Calabria
2023-11-10,CAL,64,30,34,64,ITF,ITF6,18,Calabria
2023-09-29,CAM,11,6,5,11,ITF,ITF3,15,Campania
2023-10-02,CAM,4,3,1,4,ITF,ITF3,15,Campania
2023-10-05,CAM,40,24,16,40,ITF,ITF3,15,Campania
2023-10-28,CAM,77,42,35,77,ITF,ITF3,15,Campania
2023-10-31,CAM,123,56,67,123,ITF,ITF3,15,Campania
2023-11-03,CAM,350,198,152,350,ITF,ITF3,15,Campania
2023-09-26,EMR,2,2,0,2,ITH,ITH5,8,Emilia-Romagna
2023-10-02,EMR,1,0,1,1,ITH,ITH5,8,Emilia-Romagna
2023-10-25,EMR,4236,2011,2225,4236,ITH,ITH5,8,Emilia-Romagna
2023-10-28,EMR,1849,891,958,1849,ITH,ITH5,8,Emilia-Romagna
2023-10-31,EMR,4505,2098,2407,4505,ITH,ITH5,8,Emilia-Romagna
2023-11-23,EMR,4989,2428,2561,4989,ITH,ITH5,8,Emilia-Romagna
2023-10-12,FVG,53,33,20,53,ITH,ITH4,6,Friuli-Venezia Giulia
2023-10-18,FVG,140,77,63,140,ITH,ITH4,6,Friuli-Venezia Giulia
2023-10-21,FVG,100,43,57,100,ITH,ITH4,6,Friuli-Venezia Giulia
2023-11-13,FVG,808,400,408,808,ITH,ITH4,6,Friuli-Venezia Giulia
2023-11-16,FVG,1068,526,542,1068,ITH,ITH4,6,Friuli-Venezia Giulia
2023-11-19,FVG,46,19,27,46,ITH,ITH4,6,Friuli-Venezia Giulia
2023-10-21,LAZ,442,217,225,442,ITI,ITI4,12,Lazio
2023-10-24,LAZ,1004,517,487,1004,ITI,ITI4,12,Lazio
2023-10-27,LAZ,1339,671,668,1339,ITI,ITI4,12,Lazio
2023-11-19,LAZ,45,26,19,45,ITI,ITI4,12,Lazio
2023-11-22,LAZ,1963,948,1015,1963,ITI,ITI4,12,Lazio
2023-10-05,LIG,61,18,43,61,ITC,ITC3,7,Liguria
2023-10-11,LIG,53,14,39,53,ITC,ITC3,7,Liguria
2023-11-06,LIG,474,239,235,474,ITC,ITC3,7,Liguria
2023-11-09,LIG,1033,523,510,1033,ITC,ITC3,7,Liguria
2023-11-15,LIG,993,509,484,993,ITC,ITC3,7,Liguria
2023-10-11,LOM,451,173,278,451,ITC,ITC4,3,Lombardia
2023-10-14,LOM,7,3,4,7,ITC,ITC4,3,Lombardia
2023-10-17,LOM,4959,2585,2374,4959,ITC,ITC4,3,Lombardia
2023-10-20,LOM,5905,2919,2986,5905,ITC,ITC4,3,Lombardia
2023-11-12,LOM,1020,485,535,1020,ITC,ITC4,3,Lombardia
2023-11-15,LOM,10254,4671,5583,10254,ITC,ITC4,3,Lombardia
2023-11-18,LOM,6236,2951,3285,6236,ITC,ITC4,3,Lombardia
2023-11-21,LOM,9207,4289,4918,9207,ITC,ITC4,3,Lombardia
2023-10-23,MAR,388,193,195,388,ITI,ITI3,11,Marche
2023-10-26,MAR,167,77,90,167,ITI,ITI3,11,Marche
2023-10-29,MAR,27,15,12,27,ITI,ITI3,11,Marche
2023-11-01,MAR,34,12,22,34,ITI,ITI3,11,Marche
2023-11-21,MAR,601,292,309,601,ITI,ITI3,11,Marche
2023-10-20,MOL,35,13,22,35,ITF,ITF2,14,Molise
2023-10-23,MOL,37,14,23,37,ITF,ITF2,14,Molise
2023-11-15,MOL,78,44,34,78,ITF,ITF2,14,Molise
2023-11-21,MOL,47,29,18,47,ITF,ITF2,14,Molise
2023-10-22,PAB,3,2,1,3,ITH,ITH1,4,Provincia Autonoma Bolzano / Bozen
2023-10-25,PAB,615,302,313,615,ITH,ITH1,4,Provincia Autonoma Bolzano / Bozen
2023-10-28,PAB,2,1,1,2,ITH,ITH1,4,Provincia Autonoma Bolzano / Bozen
2023-11-20,PAB,124,56,68,124,ITH,ITH1,4,Provincia Autonoma Bolzano / Bozen
2023-11-23,PAB,398,174,224,398,ITH,ITH1,4,Provincia Autonoma Bolzano / Bozen
2023-10-04,PAT,11,7,4,11,ITH,ITH2,4,Provincia Autonoma Trento
2023-10-30,PAT,337,172,165,337,ITH,ITH2,4,Provincia Autonoma Trento
2023-11-02,PAT,514,259,255,514,ITH,ITH2,4,Provincia Autonoma Trento
2023-10-06,PIE,31,18,13,31,ITC,ITC1,1,Piemonte
2023-10-09,PIE,85,35,50,85,ITC,ITC1,1,Piemonte
2023-10-12,PIE,105,50,55,105,ITC,ITC1,1,Piemonte
2023-11-01,PIE,151,75,76,151,ITC,ITC1,1,Piemonte
2023-11-04,PIE,1381,677,704,1381,ITC,ITC1,1,Piemonte
2023-11-07,PIE,2559,1199,1360,2559,ITC,ITC1,1,Piemonte
2023-11-10,PIE,3362,1628,1734,3362,ITC,ITC1,1,Piemonte
2023-10-27,PUG,1027,543,484,1027,ITF,ITF4,16,Puglia
2023-10-30,PUG,894,447,447,894,ITF,ITF4,16,Puglia
2023-11-02,PUG,1242,636,606,1242,ITF,ITF4,16,Puglia
2023-11-05,PUG,22,13,9,22,ITF,ITF4,16,Puglia
2023-09-29,SAR,1,1,0,1,ITG,ITG2,20,Sardegna
2023-10-05,SAR,42,23,19,42,ITG,ITG2,20,Sardegna
2023-10-31,SAR,183,81,102,183,ITG,ITG2,20,Sardegna
2023-11-03,SAR,217,112,105,217,ITG,ITG2,20,Sardegna
2023-11-06,SAR,313,148,165,313,ITG,ITG2,20,Sardegna
2023-11-07,SIC,77,44,33,77,ITG,ITG1,19,Sicilia
2023-11-10,SIC,40,25,15,40,ITG,ITG1,19,Sicilia
2023-11-13,SIC,32,20,12,32,ITG,ITG1,19,Sicilia
2023-10-11,TOS,598,290,308,598,ITI,ITI1,9,Toscana
2023-10-14,TOS,358,182,176,358,ITI,ITI1,9,Toscana
2023-10-17,TOS,651,295,356,651,ITI,ITI1,9,Toscana
2023-10-20,TOS,2174,1054,1120,2174,ITI,ITI1,9,Toscana
2023-11-12,TOS,189,87,102,189,ITI,ITI1,9,Toscana
2023-11-15,TOS,6097,2807,3290,6097,ITI,ITI1,9,Toscana
2023-11-18,TOS,2299,1147,1152,2299,ITI,ITI1,9,Toscana
2023-11-02,UMB,423,222,201,423,ITI,ITI2,10,Umbria
2023-11-05,UMB,137,72,65,137,ITI,ITI2,10,Umbria
2023-11-08,UMB,663,331,332,663,ITI,ITI2,10,Umbria
2023-10-17,VDA,63,29,34,63,ITC,ITC2,2,Valle d'Aosta / Vallée d'Aoste
2023-10-20,VDA,143,67,76,143,ITC,ITC2,2,Valle d'Aosta / Vallée d'Aoste
2023-11-15,VDA,152,84,68,152,ITC,ITC2,2,Valle d'Aosta / Vallée d'Aoste
2023-11-18,VDA,79,42,37,79,ITC,ITC2,2,Valle d'Aosta / Vallée d'Aoste
2023-11-21,VDA,70,29,41,70,ITC,ITC2,2,Valle d'Aosta / Vallée d'Aoste
2023-10-20,VEN,464,227,237,464,ITH,ITH3,5,Veneto
2023-10-23,VEN,324,140,184,324,ITH,ITH3,5,Veneto
2023-10-26,VEN,989,455,534,989,ITH,ITH3,5,Veneto
2023-10-29,VEN,35,19,16,35,ITH,ITH3,5,Veneto
2023-11-18,VEN,1150,574,576,1150,ITH,ITH3,5,Veneto
2023-11-21,VEN,2307,1115,1192,2307,ITH,ITH3,5,Veneto
2023-11-08,BAS,30,22,8,30,ITF,ITF5,17,Basilicata
2023-10-23,CAL,17,12,5,17,ITF,ITF6,18,Calabria
2023-10-26,CAL,15,7,8,15,ITF,ITF6,18,Calabria
2023-11-21,CAL,232,127,105,232,ITF,ITF6,18,Calabria
2023-10-11,CAM,174,95,79,174,ITF,ITF3,15,Campania
2023-10-14,CAM,41,15,26,41,ITF,ITF3,15,Campania
2023-10-17,CAM,313,180,133,313,ITF,ITF3,15,Campania
2023-11-06,CAM,335,195,140,335,ITF,ITF3,15,Campania
2023-11-09,CAM,408,228,180,408,ITF,ITF3,15,Campania
2023-11-12,CAM,4,3,1,4,ITF,ITF3,15,Campania
2023-11-15,CAM,427,243,184,427,ITF,ITF3,15,Campania
2023-10-05,EMR,1,0,1,1,ITH,ITH5,8,Emilia-Romagna
2023-10-11,EMR,52,16,36,52,ITH,ITH5,8,Emilia-Romagna
2023-10-14,EMR,11,3,8,11,ITH,ITH5,8,Emilia-Romagna
2023-11-03,EMR,5368,2563,2805,5368,ITH,ITH5,8,Emilia-Romagna
2023-11-06,EMR,3917,1809,2108,3917,ITH,ITH5,8,Emilia-Romagna
2023-11-09,EMR,7484,3628,3856,7484,ITH,ITH5,8,Emilia-Romagna
2023-11-12,EMR,797,380,417,797,ITH,ITH5,8,Emilia-Romagna
2023-10-03,FVG,6,2,4,6,ITH,ITH4,6,Friuli-Venezia Giulia
2023-10-06,FVG,151,81,70,151,ITH,ITH4,6,Friuli-Venezia Giulia
2023-10-09,FVG,48,26,22,48,ITH,ITH4,6,Friuli-Venezia Giulia
2023-11-01,FVG,23,10,13,23,ITH,ITH4,6,Friuli-Venezia Giulia
2023-11-04,FVG,158,75,83,158,ITH,ITH4,6,Friuli-Venezia Giulia
2023-11-07,FVG,1184,566,618,1184,ITH,ITH4,6,Friuli-Venezia Giulia
2023-11-10,FVG,1078,507,571,1078,ITH,ITH4,6,Friuli-Venezia Giulia
2023-10-04,LAZ,16,9,7,16,ITI,ITI4,12,Lazio
2023-10-10,LAZ,198,113,85,198,ITI,ITI4,12,Lazio
2023-10-30,LAZ,919,446,473,919,ITI,ITI4,12,Lazio
2023-11-02,LAZ,1309,615,694,1309,ITI,ITI4,12,Lazio
2023-11-05,LAZ,63,21,42,63,ITI,ITI4,12,Lazio
2023-11-08,LAZ,2007,964,1043,2007,ITI,ITI4,12,Lazio
2023-09-29,LIG,86,27,59,86,ITC,ITC3,7,Liguria
2023-10-25,LIG,624,294,330,624,ITC,ITC3,7,Liguria
2023-10-28,LIG,102,40,62,102,ITC,ITC3,7,Liguria
2023-10-31,LIG,1055,478,577,1055,ITC,ITC3,7,Liguria
2023-11-03,LIG,669,344,325,669,ITC,ITC3,7,Liguria
2023-11-23,LIG,661,347,314,661,ITC,ITC3,7,Liguria
2023-10-02,LOM,145,63,82,145,ITC,ITC4,3,Lombardia
2023-10-05,LOM,362,191,171,362,ITC,ITC4,3,Lombardia
2023-10-31,LOM,4616,2106,2510,4616,ITC,ITC4,3,Lombardia
2023-11-03,LOM,8972,4257,4715,8972,ITC,ITC4,3,Lombardia
2023-11-06,LOM,4247,2005,2242,4247,ITC,ITC4,3,Lombardia
2023-11-09,LOM,10105,4758,5347,10105,ITC,ITC4,3,Lombardia
2023-10-11,MAR,4,2,2,4,ITI,ITI3,11,Marche
2023-10-14,MAR,49,21,28,49,ITI,ITI3,11,Marche
2023-10-17,MAR,234,112,122,234,ITI,ITI3,11,Marche
2023-10-20,MAR,511,267,244,511,ITI,ITI3,11,Marche
2023-11-12,MAR,78,41,37,78,ITI,ITI3,11,Marche
2023-11-15,MAR,715,357,358,715,ITI,ITI3,11,Marche
2023-11-18,MAR,27,8,19,27,ITI,ITI3,11,Marche
2023-10-11,MOL,6,5,1,6,ITF,ITF2,14,Molise
2023-11-06,MOL,86,46,40,86,ITF,ITF2,14,Molise
2023-11-09,MOL,78,25,53,78,ITF,ITF2,14,Molise
2023-11-12,MOL,16,10,6,16,ITF,ITF2,14,Molise
2023-10-11,PAB,474,257,217,474,ITH,ITH1,4,Provincia Autonoma Bolzano / Bozen
2023-10-31,PAB,532,250,282,532,ITH,ITH1,4,Provincia Autonoma Bolzano / Bozen
2023-11-03,PAB,301,139,162,301,ITH,ITH1,4,Provincia Autonoma Bolzano / Bozen
2023-11-06,PAB,164,76,88,164,ITH,ITH1,4,Provincia Autonoma Bolzano / Bozen
2023-11-09,PAB,551,266,285,551,ITH,ITH1,4,Provincia Autonoma Bolzano / Bozen
2023-10-13,PAT,54,24,30,54,ITH,ITH2,4,Provincia Autonoma Trento
2023-10-16,PAT,226,76,150,226,ITH,ITH2,4,Provincia Autonoma Trento
2023-10-19,PAT,318,146,172,318,ITH,ITH2,4,Provincia Autonoma Trento
2023-11-08,PAT,620,277,343,620,ITH,ITH2,4,Provincia Autonoma Trento
2023-11-11,PAT,21,11,10,21,ITH,ITH2,4,Provincia Autonoma Trento
2023-11-14,PAT,454,226,228,454,ITH,ITH2,4,Provincia Autonoma Trento
2023-11-17,PAT,419,199,220,419,ITH,ITH2,4,Provincia Autonoma Trento
2023-10-20,PIE,830,420,410,830,ITC,ITC1,1,Piemonte
2023-10-23,PIE,774,377,397,774,ITC,ITC1,1,Piemonte
2023-10-26,PIE,1451,727,724,1451,ITC,ITC1,1,Piemonte
2023-10-29,PIE,22,10,12,22,ITC,ITC1,1,Piemonte
2023-11-21,PIE,2745,1282,1463,2745,ITC,ITC1,1,Piemonte
2023-10-10,PUG,82,33,49,82,ITF,ITF4,16,Puglia
2023-10-13,PUG,204,111,93,204,ITF,ITF4,16,Puglia
2023-10-16,PUG,282,145,137,282,ITF,ITF4,16,Puglia
2023-11-08,PUG,1603,803,800,1603,ITF,ITF4,16,Puglia
2023-11-11,PUG,406,215,191,406,ITF,ITF4,16,Puglia
2023-11-14,PUG,1766,909,857,1766,ITF,ITF4,16,Puglia
2023-11-17,PUG,2143,1091,1052,2143,ITF,ITF4,16,Puglia
2023-10-11,SAR,89,42,47,89,ITG,ITG2,20,Sardegna
2023-10-17,SAR,129,64,65,129,ITG,ITG2,20,Sardegna
2023-11-09,SAR,303,160,143,303,ITG,ITG2,20,Sardegna
2023-11-15,SAR,567,295,272,567,ITG,ITG2,20,Sardegna
2023-10-26,SIC,45,23,22,45,ITG,ITG1,19,Sicilia
2023-11-04,SIC,8,5,3,8,ITG,ITG1,19,Sicilia
2023-09-29,TOS,3,0,3,3,ITI,ITI1,9,Toscana
2023-10-02,TOS,286,162,124,286,ITI,ITI1,9,Toscana
2023-10-05,TOS,432,224,208,432,ITI,ITI1,9,Toscana
2023-10-31,TOS,2435,1096,1339,2435,ITI,ITI1,9,Toscana
2023-11-03,TOS,5870,2774,3096,5870,ITI,ITI1,9,Toscana
2023-11-06,TOS,3900,1885,2015,3900,ITI,ITI1,9,Toscana
2023-11-09,TOS,8083,3828,4255,8083,ITI,ITI1,9,Toscana
2023-10-21,UMB,24,13,11,24,ITI,ITI2,10,Umbria
2023-10-27,UMB,390,193,197,390,ITI,ITI2,10,Umbria
2023-10-30,UMB,315,156,159,315,ITI,ITI2,10,Umbria
2023-11-19,UMB,20,11,9,20,ITI,ITI2,10,Umbria
2023-11-22,UMB,571,278,293,571,ITI,ITI2,10,Umbria
2023-10-31,VDA,152,75,77,152,ITC,ITC2,2,Valle d'Aosta / Vallée d'Aoste
2023-11-03,VDA,191,88,103,191,ITC,ITC2,2,Valle d'Aosta / Vallée d'Aoste
2023-11-06,VDA,86,48,38,86,ITC,ITC2,2,Valle d'Aosta / Vallée d'Aoste
2023-11-09,VDA,151,71,80,151,ITC,ITC2,2,Valle d'Aosta / Vallée d'Aoste
2023-10-03,VEN,1,1,0,1,ITH,ITH3,5,Veneto
2023-11-01,VEN,2,1,1,2,ITH,ITH3,5,Veneto
2023-11-04,VEN,1245,620,625,1245,ITH,ITH3,5,Veneto
2023-11-07,VEN,1761,787,974,1761,ITH,ITH3,5,Veneto
