data,area,totale,m,f,d,N1,N2,ISTAT,reg
2023-11-09,EMR,7736,3748,3988,7736,ITH,ITH5,8,Emilia-Romagna
2023-10-15,LAZ,61,26,35,61,ITI,ITI4,12,Lazio
2023-10-11,PIE,136,70,66,136,ITC,ITC1,1,Piemonte
2023-11-15,SAR,585,306,279,585,ITG,ITG2,20,Sardegna
2023-12-05,PAT,580,265,315,580,ITH,ITH2,4,Provincia Autonoma Trento
2023-11-01,LAZ,25,11,14,25,ITI,ITI4,12,Lazio
2023-11-25,FVG,668,350,318,668,ITH,ITH4,6,Friuli-Venezia Giulia
2023-12-07,PIE,3327,1586,1741,3327,ITC,ITC1,1,Piemonte
2023-10-13,PAT,54,24,30,54,ITH,ITH2,4,Provincia Autonoma Trento
2023-12-07,UMB,514,259,255,514,ITI,ITI2,10,Umbria
2023-11-16,PAT,660,334,326,660,ITH,ITH2,4,Provincia Autonoma Trento
2023-10-25,LIG,624,294,330,624,ITC,ITC3,7,Liguria
2023-10-30,VDA,102,55,47,102,ITC,ITC2,2,Valle d'Aosta / Vallée d'Aoste
2023-12-11,VDA,15,9,6,15,ITC,ITC2,2,Valle d'Aosta / Vallée d'Aoste
2023-11-24,MOL,36,23,13,36,ITF,ITF2,14,Molise
2023-11-08,PIE,3107,1520,1587,3107,ITC,ITC1,1,Piemonte
2023-11-06,LAZ,1500,759,741,1500,ITI,ITI4,12,Lazio
2023-10-25,FVG,675,327,348,675,ITH,ITH4,6,Friuli-Venezia Giulia
2023-10-18,VEN,237,63,174,237,ITH,ITH3,5,Veneto
2023-12-04,LIG,801,381,420,801,ITC,ITC3,7,Liguria
2023-10-18,SAR,167,86,81,167,ITG,ITG2,20,Sardegna
2023-10-20,MAR,511,267,244,511,ITI,ITI3,11,Marche
2023-10-03,LAZ,56,28,28,56,ITI,ITI4,12,Lazio
2023-11-22,BAS,49,25,24,49,ITF,ITF5,17,Basilicata
2023-11-17,CAM,471,259,212,471,ITF,ITF3,15,Campania
2023-10-10,LIG,7,3,4,7,ITC,ITC3,7,Liguria
2023-11-26,LAZ,12,4,8,12,ITI,ITI4,12,Lazio
2023-10-04,SAR,24,10,14,24,ITG,ITG2,20,Sardegna
2023-11-16,PUG,1896,973,923,1896,ITF,ITF4,16,Puglia
2023-10-21,EMR,1052,513,539,1052,ITH,ITH5,8,Emilia-Romagna
2023-11-30,BAS,88,51,37,88,ITF,ITF5,17,Basilicata
2023-12-07,PAB,269,123,146,269,ITH,ITH1,4,Provincia Autonoma Bolzano / Bozen
2023-11-27,EMR,3557,1684,1873,3557,ITH,ITH5,8,Emilia-Romagna
2023-11-20,TOS,4078,1880,2198,4078,ITI,ITI1,9,Toscana
2023-11-11,VEN,2136,1076,1060,2136,ITH,ITH3,5,Veneto
2023-10-27,PIE,2149,1043,1106,2149,ITC,ITC1,1,Piemonte
2023-12-02,VEN,1814,914,900,1814,ITH,ITH3,5,Veneto
2023-11-17,LOM,8977,4152,4825,8977,ITC,ITC4,3,Lombardia
2023-12-04,PIE,1985,924,1061,1985,ITC,ITC1,1,Piemonte
2023-11-21,VDA,70,29,41,70,ITC,ITC2,2,Valle d'Aosta / Vallée d'Aoste
2023-11-29,MOL,106,63,43,106,ITF,ITF2,14,Molise
2023-11-25,LOM,190,86,104,190,ITC,ITC4,3,Lombardia
2023-10-31,LAZ,1469,729,740,1469,ITI,ITI4,12,Lazio
2023-11-15,VEN,3032,1406,1626,3032,ITH,ITH3,5,Veneto
2023-11-17,CAL,93,44,49,93,ITF,ITF6,18,Calabria
2023-10-18,LOM,5856,2951,2905,5856,ITC,ITC4,3,Lombardia
2023-10-25,LOM,9606,4608,4998,9606,ITC,ITC4,3,Lombardia
2023-12-07,TOS,4876,2303,2573,4876,ITI,ITI1,9,Toscana
2023-11-30,SIC,295,154,141,295,ITG,ITG1,19,Sicilia
2023-11-06,SIC,53,26,27,53,ITG,ITG1,19,Sicilia
2023-10-20,VDA,143,67,76,143,ITC,ITC2,2,Valle d'Aosta / Vallée d'Aoste
2023-10-15,TOS,15,9,6,15,ITI,ITI1,9,Toscana
2023-11-27,VDA,65,33,32,65,ITC,ITC2,2,Valle d'Aosta / Vallée d'Aoste
2023-11-21,EMR,5746,2748,2998,5746,ITH,ITH5,8,Emilia-Romagna
2023-10-10,CAM,64,39,25,64,ITF,ITF3,15,Campania
2023-10-11,TOS,598,290,308,598,ITI,ITI1,9,Toscana
2023-12-13,LAZ,4366,2083,2283,4366,ITI,ITI4,12,Lazio
2023-12-02,FVG,586,294,292,586,ITH,ITH4,6,Friuli-Venezia Giulia
2023-10-06,LAZ,69,40,29,69,ITI,ITI4,12,Lazio
2023-11-02,MOL,32,16,16,32,ITF,ITF2,14,Molise
2023-12-04,CAM,673,380,293,673,ITF,ITF3,15,Campania
2023-11-17,LIG,689,350,339,689,ITC,ITC3,7,Liguria
2023-11-28,VDA,77,40,37,77,ITC,ITC2,2,Valle d'Aosta / Vallée d'Aoste
2023-12-12,EMR,4645,2285,2360,4645,ITH,ITH5,8,Emilia-Romagna
2023-11-30,LAZ,3517,1766,1751,3517,ITI,ITI4,12,Lazio
2023-10-19,LAZ,363,170,193,363,ITI,ITI4,12,Lazio
2023-11-14,TOS,4738,2142,2596,4738,ITI,ITI1,9,Toscana
2023-11-11,UMB,371,172,199,371,ITI,ITI2,10,Umbria
2023-11-22,VDA,118,54,64,118,ITC,ITC2,2,Valle d'Aosta / Vallée d'Aoste
2023-09-29,LIG,86,27,59,86,ITC,ITC3,7,Liguria
2023-11-28,MAR,13,3,10,13,ITI,ITI3,11,Marche
2023-11-13,BAS,20,11,9,20,ITF,ITF5,17,Basilicata
2023-11-18,BAS,25,9,16,25,ITF,ITF5,17,Basilicata
2023-10-13,FVG,40,18,22,40,ITH,ITH4,6,Friuli-Venezia Giulia
2023-11-26,SIC,25,15,10,25,ITG,ITG1,19,Sicilia
2023-10-28,SIC,9,2,7,9,ITG,ITG1,19,Sicilia
2023-12-03,LOM,657,320,337,657,ITC,ITC4,3,Lombardia
2023-10-13,PIE,202,112,90,202,ITC,ITC1,1,Piemonte
2023-12-13,EMR,5322,2618,2704,5322,ITH,ITH5,8,Emilia-Romagna
2023-12-11,LIG,1778,880,898,1778,ITC,ITC3,7,Liguria
2023-11-22,PAB,513,252,261,513,ITH,ITH1,4,Provincia Autonoma Bolzano / Bozen
2023-11-07,EMR,6269,2919,3350,6269,ITH,ITH5,8,Emilia-Romagna
2023-10-11,LAZ,160,90,70,160,ITI,ITI4,12,Lazio
2023-11-08,TOS,6437,2942,3495,6437,ITI,ITI1,9,Toscana
2023-11-26,EMR,339,170,169,339,ITH,ITH5,8,Emilia-Romagna
2023-12-12,TOS,3898,1871,2027,3898,ITI,ITI1,9,Toscana
2023-10-05,CAM,40,24,16,40,ITF,ITF3,15,Campania
2023-11-25,CAM,180,92,88,180,ITF,ITF3,15,Campania
2023-11-09,MOL,78,25,53,78,ITF,ITF2,14,Molise
2023-12-07,SIC,436,237,199,436,ITG,ITG1,19,Sicilia
2023-10-16,FVG,121,64,57,121,ITH,ITH4,6,Friuli-Venezia Giulia
2023-11-18,VEN,1782,866,916,1782,ITH,ITH3,5,Veneto
2023-12-05,PUG,1869,957,912,1869,ITF,ITF4,16,Puglia
2023-10-26,TOS,4654,2170,2484,4654,ITI,ITI1,9,Toscana
2023-12-05,CAL,396,218,178,396,ITF,ITF6,18,Calabria
2023-12-06,MAR,41,19,22,41,ITI,ITI3,11,Marche
2023-11-03,LIG,669,344,325,669,ITC,ITC3,7,Liguria
2023-11-24,SIC,210,107,103,210,ITG,ITG1,19,Sicilia
2023-11-11,PAB,36,17,19,36,ITH,ITH1,4,Provincia Autonoma Bolzano / Bozen
2023-10-30,LIG,400,205,195,400,ITC,ITC3,7,Liguria
2023-11-22,SAR,754,383,371,754,ITG,ITG2,20,Sardegna
2023-11-27,PIE,2332,1064,1268,2332,ITC,ITC1,1,Piemonte
2023-10-27,TOS,4045,1916,2129,4045,ITI,ITI1,9,Toscana
2023-10-13,PAB,232,121,111,232,ITH,ITH1,4,Provincia Autonoma Bolzano / Bozen
2023-10-29,EMR,328,169,159,328,ITH,ITH5,8,Emilia-Romagna
2023-11-09,UMB,705,336,369,705,ITI,ITI2,10,Umbria
2023-10-02,LAZ,17,7,10,17,ITI,ITI4,12,Lazio
2023-10-25,PIE,1798,815,983,1798,ITC,ITC1,1,Piemonte
2023-12-10,LAZ,196,89,107,196,ITI,ITI4,12,Lazio
2023-11-18,EMR,2132,1040,1092,2132,ITH,ITH5,8,Emilia-Romagna
2023-11-22,UMB,662,327,335,662,ITI,ITI2,10,Umbria
2023-11-29,BAS,101,55,46,101,ITF,ITF5,17,Basilicata
2023-10-20,PAB,302,152,150,302,ITH,ITH1,4,Provincia Autonoma Bolzano / Bozen
2023-11-16,VEN,2993,1458,1535,2993,ITH,ITH3,5,Veneto
2023-12-05,LOM,9996,4774,5222,9996,ITC,ITC4,3,Lombardia
2023-11-14,VEN,2637,1263,1374,2637,ITH,ITH3,5,Veneto
2023-11-07,LIG,1551,800,751,1551,ITC,ITC3,7,Liguria
2023-11-18,LAZ,1508,736,772,1508,ITI,ITI4,12,Lazio
2023-11-08,FVG,1039,500,539,1039,ITH,ITH4,6,Friuli-Venezia Giulia
2023-12-14,CAM,1352,740,612,1352,ITF,ITF3,15,Campania
2023-11-01,PIE,152,76,76,152,ITC,ITC1,1,Piemonte
2023-11-20,CAL,148,75,73,148,ITF,ITF6,18,Calabria
2023-10-27,SAR,175,81,94,175,ITG,ITG2,20,Sardegna
2023-11-10,CAM,325,184,141,325,ITF,ITF3,15,Campania
2023-12-05,VDA,72,37,35,72,ITC,ITC2,2,Valle d'Aosta / Vallée d'Aoste
2023-12-06,TOS,5602,2637,2965,5602,ITI,ITI1,9,Toscana
2023-11-21,BAS,32,17,15,32,ITF,ITF5,17,Basilicata
2023-10-22,TOS,19,7,12,19,ITI,ITI1,9,Toscana
2023-11-30,MOL,81,42,39,81,ITF,ITF2,14,Molise
2023-10-27,PUG,1019,535,484,1019,ITF,ITF4,16,Puglia
2023-10-11,PUG,217,111,106,217,ITF,ITF4,16,Puglia
2023-11-17,EMR,5737,2737,3000,5737,ITH,ITH5,8,Emilia-Romagna
2023-11-09,SIC,107,57,50,107,ITG,ITG1,19,Sicilia
2023-11-15,CAL,219,135,84,219,ITF,ITF6,18,Calabria
2023-11-14,CAL,224,146,78,224,ITF,ITF6,18,Calabria
2023-11-29,PAT,396,201,195,396,ITH,ITH2,4,Provincia Autonoma Trento
2023-11-04,MAR,386,184,202,386,ITI,ITI3,11,Marche
2023-11-08,PAT,620,277,343,620,ITH,ITH2,4,Provincia Autonoma Trento
2023-12-07,FVG,897,441,456,897,ITH,ITH4,6,Friuli-Venezia Giulia
2023-10-17,PIE,397,199,198,397,ITC,ITC1,1,Piemonte
2023-10-06,TOS,228,103,125,228,ITI,ITI1,9,Toscana
2023-11-11,MAR,347,177,170,347,ITI,ITI3,11,Marche
2023-10-23,LAZ,587,275,312,587,ITI,ITI4,12,Lazio
2023-11-23,CAM,500,271,229,500,ITF,ITF3,15,Campania
2023-11-09,BAS,15,12,3,15,ITF,ITF5,17,Basilicata
2023-11-02,CAM,283,143,140,283,ITF,ITF3,15,Campania
2023-10-28,MOL,42,12,30,42,ITF,ITF2,14,Molise
2023-11-23,PAB,456,188,268,456,ITH,ITH1,4,Provincia Autonoma Bolzano / Bozen
2023-10-09,LAZ,127,80,47,127,ITI,ITI4,12,Lazio
2023-11-12,LAZ,200,90,110,200,ITI,ITI4,12,Lazio
2023-11-02,CAL,41,15,26,41,ITF,ITF6,18,Calabria
2023-11-29,PUG,1907,917,990,1907,ITF,ITF4,16,Puglia
2023-11-14,SAR,544,275,269,544,ITG,ITG2,20,Sardegna
2023-12-14,LIG,956,431,525,956,ITC,ITC3,7,Liguria
2023-11-08,PUG,1628,816,812,1628,ITF,ITF4,16,Puglia
2023-11-02,LOM,9538,4581,4957,9538,ITC,ITC4,3,Lombardia
2023-11-07,CAM,330,195,135,330,ITF,ITF3,15,Campania
2023-11-16,SAR,502,246,256,502,ITG,ITG2,20,Sardegna
2023-11-10,LIG,820,394,426,820,ITC,ITC3,7,Liguria
2023-12-14,PAB,122,60,62,122,ITH,ITH1,4,Provincia Autonoma Bolzano / Bozen
2023-11-19,PIE,153,74,79,153,ITC,ITC1,1,Piemonte
2023-10-23,TOS,2227,1043,1184,2227,ITI,ITI1,9,Toscana
2023-11-23,PIE,3157,1462,1695,3157,ITC,ITC1,1,Piemonte
2023-11-13,PIE,1953,900,1053,1953,ITC,ITC1,1,Piemonte
2023-10-17,CAM,314,180,134,314,ITF,ITF3,15,Campania
2023-11-06,MOL,86,46,40,86,ITF,ITF2,14,Molise
2023-11-15,LOM,10340,4705,5635,10340,ITC,ITC4,3,Lombardia
2023-11-01,TOS,129,52,77,129,ITI,ITI1,9,Toscana
2023-11-10,CAL,66,31,35,66,ITF,ITF6,18,Calabria
2023-10-27,PAT,428,192,236,428,ITH,ITH2,4,Provincia Autonoma Trento
2023-12-05,EMR,5298,2567,2731,5298,ITH,ITH5,8,Emilia-Romagna
2023-11-19,CAM,14,5,9,14,ITF,ITF3,15,Campania
2023-11-05,PIE,68,26,42,68,ITC,ITC1,1,Piemonte
2023-10-18,MAR,369,205,164,369,ITI,ITI3,11,Marche
2023-12-04,FVG,820,402,418,820,ITH,ITH4,6,Friuli-Venezia Giulia
2023-11-27,BAS,33,17,16,33,ITF,ITF5,17,Basilicata
2023-09-27,EMR,1,1,0,1,ITH,ITH5,8,Emilia-Romagna
2023-11-09,LAZ,2277,1073,1204,2277,ITI,ITI4,12,Lazio
2023-11-23,LIG,1206,626,580,1206,ITC,ITC3,7,Liguria
2023-11-02,LIG,780,389,391,780,ITC,ITC3,7,Liguria
2023-11-13,CAM,331,176,155,331,ITF,ITF3,15,Campania
2023-10-27,VEN,1659,771,888,1659,ITH,ITH3,5,Veneto
2023-11-18,SIC,8,3,5,8,ITG,ITG1,19,Sicilia
2023-10-10,LOM,582,257,325,582,ITC,ITC4,3,Lombardia
2023-12-09,SIC,56,31,25,56,ITG,ITG1,19,Sicilia
2023-12-10,PUG,92,49,43,92,ITF,ITF4,16,Puglia
2023-10-22,PAB,3,2,1,3,ITH,ITH1,4,Provincia Autonoma Bolzano / Bozen
2023-11-05,CAM,6,3,3,6,ITF,ITF3,15,Campania
2023-12-10,CAL,1,1,0,1,ITF,ITF6,18,Calabria
2023-11-12,SIC,3,1,2,3,ITG,ITG1,19,Sicilia
2023-12-02,MAR,2,1,1,2,ITI,ITI3,11,Marche
2023-09-30,TOS,1,1,0,1,ITI,ITI1,9,Toscana
2023-10-18,TOS,1079,521,558,1079,ITI,ITI1,9,Toscana
2023-10-30,UMB,321,160,161,321,ITI,ITI2,10,Umbria
2023-11-24,LIG,560,275,285,560,ITC,ITC3,7,Liguria
2023-10-19,VDA,113,59,54,113,ITC,ITC2,2,Valle d'Aosta / Vallée d'Aoste
2023-11-24,PAB,190,98,92,190,ITH,ITH1,4,Provincia Autonoma Bolzano / Bozen
2023-11-19,TOS,206,90,116,206,ITI,ITI1,9,Toscana
2023-11-17,FVG,1350,660,690,1350,ITH,ITH4,6,Friuli-Venezia Giulia
2023-10-12,TOS,803,360,443,803,ITI,ITI1,9,Toscana
2023-11-18,LOM,6290,2978,3312,6290,ITC,ITC4,3,Lombardia
2023-12-09,LOM,3889,1989,1900,3889,ITC,ITC4,3,Lombardia
2023-10-11,VEN,1,0,1,1,ITH,ITH3,5,Veneto
2023-12-05,PAB,364,172,192,364,ITH,ITH1,4,Provincia Autonoma Bolzano / Bozen
2023-10-11,LOM,451,173,278,451,ITC,ITC4,3,Lombardia
2023-10-13,CAL,6,4,2,6,ITF,ITF6,18,Calabria
2023-11-06,PIE,1620,806,814,1620,ITC,ITC1,1,Piemonte
2023-10-18,PIE,420,219,201,420,ITC,ITC1,1,Piemonte
2023-11-09,LOM,10200,4789,5411,10200,ITC,ITC4,3,Lombardia
2023-10-12,PAB,565,292,273,565,ITH,ITH1,4,Provincia Autonoma Bolzano / Bozen
2023-12-12,SAR,948,479,469,948,ITG,ITG2,20,Sardegna
2023-10-24,PAT,593,268,325,593,ITH,ITH2,4,Provincia Autonoma Trento
2023-11-07,PIE,2559,1199,1360,2559,ITC,ITC1,1,Piemonte
2023-10-26,PAT,609,294,315,609,ITH,ITH2,4,Provincia Autonoma Trento
2023-10-19,MAR,358,172,186,358,ITI,ITI3,11,Marche
2023-11-11,VDA,81,33,48,81,ITC,ITC2,2,Valle d'Aosta / Vallée d'Aoste
2023-10-26,SIC,51,26,25,51,ITG,ITG1,19,Sicilia
2023-11-27,UMB,359,189,170,359,ITI,ITI2,10,Umbria
2023-11-27,SAR,539,274,265,539,ITG,ITG2,20,Sardegna
2023-10-26,PUG,1332,663,669,1332,ITF,ITF4,16,Puglia
2023-10-27,LOM,9076,4314,4762,9076,ITC,ITC4,3,Lombardia
2023-10-19,CAM,298,169,129,298,ITF,ITF3,15,Campania
2023-11-21,SAR,499,243,256,499,ITG,ITG2,20,Sardegna
2023-10-17,SAR,129,64,65,129,ITG,ITG2,20,Sardegna
2023-11-21,UMB,600,284,316,600,ITI,ITI2,10,Umbria
2023-12-10,LIG,12,5,7,12,ITC,ITC3,7,Liguria
2023-10-20,FVG,572,289,283,572,ITH,ITH4,6,Friuli-Venezia Giulia
2023-12-07,PAT,400,173,227,400,ITH,ITH2,4,Provincia Autonoma Trento
2023-11-24,PUG,2063,1029,1034,2063,ITF,ITF4,16,Puglia
2023-11-03,LOM,8984,4263,4721,8984,ITC,ITC4,3,Lombardia
2023-10-24,VEN,730,280,450,730,ITH,ITH3,5,Veneto
2023-12-04,EMR,3643,1786,1857,3643,ITH,ITH5,8,Emilia-Romagna
2023-10-21,LOM,3448,1738,1710,3448,ITC,ITC4,3,Lombardia
2023-11-24,PAT,193,90,103,193,ITH,ITH2,4,Provincia Autonoma Trento
2023-10-26,PIE,1471,728,743,1471,ITC,ITC1,1,Piemonte
2023-10-17,LAZ,432,232,200,432,ITI,ITI4,12,Lazio
2023-10-30,PAT,341,176,165,341,ITH,ITH2,4,Provincia Autonoma Trento
2023-10-19,PIE,576,282,294,576,ITC,ITC1,1,Piemonte
2023-11-28,PAB,529,268,261,529,ITH,ITH1,4,Provincia Autonoma Bolzano / Bozen
2023-10-19,MOL,55,18,37,55,ITF,ITF2,14,Molise
2023-11-07,VDA,100,45,55,100,ITC,ITC2,2,Valle d'Aosta / Vallée d'Aoste
2023-10-14,CAM,41,15,26,41,ITF,ITF3,15,Campania
2023-11-18,TOS,2454,1218,1236,2454,ITI,ITI1,9,Toscana
2023-11-06,SAR,313,148,165,313,ITG,ITG2,20,Sardegna
2023-11-16,FVG,1160,564,596,1160,ITH,ITH4,6,Friuli-Venezia Giulia
2023-12-01,LOM,10283,4790,5493,10283,ITC,ITC4,3,Lombardia
2023-11-30,LOM,10376,4950,5426,10376,ITC,ITC4,3,Lombardia
2023-10-12,PUG,86,62,24,86,ITF,ITF4,16,Puglia
2023-12-02,LIG,414,193,221,414,ITC,ITC3,7,Liguria
2023-10-27,CAM,278,148,130,278,ITF,ITF3,15,Campania
2023-11-16,CAL,129,70,59,129,ITF,ITF6,18,Calabria
2023-10-26,CAL,21,8,13,21,ITF,ITF6,18,Calabria
2023-11-13,VDA,61,30,31,61,ITC,ITC2,2,Valle d'Aosta / Vallée d'Aoste
2023-11-20,LAZ,1497,759,738,1497,ITI,ITI4,12,Lazio
2023-11-14,UMB,656,320,336,656,ITI,ITI2,10,Umbria
2023-12-04,VEN,2474,1216,1258,2474,ITH,ITH3,5,Veneto
2023-12-06,FVG,1355,659,696,1355,ITH,ITH4,6,Friuli-Venezia Giulia
2023-11-02,PAB,344,158,186,344,ITH,ITH1,4,Provincia Autonoma Bolzano / Bozen
2023-11-30,PAB,530,257,273,530,ITH,ITH1,4,Provincia Autonoma Bolzano / Bozen
2023-10-04,PAT,11,7,4,11,ITH,ITH2,4,Provincia Autonoma Trento
2023-11-11,TOS,2446,1118,1328,2446,ITI,ITI1,9,Toscana
2023-12-07,PUG,1627,856,771,1627,ITF,ITF4,16,Puglia
2023-12-09,EMR,657,312,345,657,ITH,ITH5,8,Emilia-Romagna
2023-11-28,UMB,742,372,370,742,ITI,ITI2,10,Umbria
2023-11-25,VDA,102,49,53,102,ITC,ITC2,2,Valle d'Aosta / Vallée d'Aoste
2023-09-29,CAM,11,6,5,11,ITF,ITF3,15,Campania
2023-11-10,EMR,7592,3701,3891,7592,ITH,ITH5,8,Emilia-Romagna
2023-10-04,TOS,274,153,121,274,ITI,ITI1,9,Toscana
2023-11-06,PAB,164,76,88,164,ITH,ITH1,4,Provincia Autonoma Bolzano / Bozen
2023-10-24,EMR,3579,1699,1880,3579,ITH,ITH5,8,Emilia-Romagna
2023-11-08,CAL,111,72,39,111,ITF,ITF6,18,Calabria
2023-11-10,PAB,271,131,140,271,ITH,ITH1,4,Provincia Autonoma Bolzano / Bozen
2023-12-14,CAL,329,198,131,329,ITF,ITF6,18,Calabria
2023-11-30,VEN,3749,1848,1901,3749,ITH,ITH3,5,Veneto
2023-11-27,PAB,36,21,15,36,ITH,ITH1,4,Provincia Autonoma Bolzano / Bozen
2023-11-17,UMB,675,338,337,675,ITI,ITI2,10,Umbria
2023-11-21,PAT,550,252,298,550,ITH,ITH2,4,Provincia Autonoma Trento
2023-10-31,UMB,282,136,146,282,ITI,ITI2,10,Umbria
2023-11-19,UMB,20,11,9,20,ITI,ITI2,10,Umbria
2023-11-05,FVG,11,7,4,11,ITH,ITH4,6,Friuli-Venezia Giulia
2023-11-03,FVG,712,352,360,712,ITH,ITH4,6,Friuli-Venezia Giulia
2023-11-06,UMB,323,151,172,323,ITI,ITI2,10,Umbria
2023-11-21,PUG,1790,863,927,1790,ITF,ITF4,16,Puglia
2023-12-12,LOM,10323,4965,5358,10323,ITC,ITC4,3,Lombardia
2023-11-08,SAR,292,155,137,292,ITG,ITG2,20,Sardegna
2023-10-14,PUG,11,4,7,11,ITF,ITF4,16,Puglia
2023-10-16,SIC,8,5,3,8,ITG,ITG1,19,Sicilia
2023-10-06,FVG,152,81,71,152,ITH,ITH4,6,Friuli-Venezia Giulia
2023-11-02,VEN,1781,796,985,1781,ITH,ITH3,5,Veneto
2023-12-09,VEN,652,309,343,652,ITH,ITH3,5,Veneto
2023-11-02,EMR,4094,1958,2136,4094,ITH,ITH5,8,Emilia-Romagna
2023-10-23,PAT,145,75,70,145,ITH,ITH2,4,Provincia Autonoma Trento
2023-10-30,PUG,907,448,459,907,ITF,ITF4,16,Puglia
2023-12-14,PIE,3232,1601,1631,3232,ITC,ITC1,1,Piemonte
2023-10-28,FVG,751,388,363,751,ITH,ITH4,6,Friuli-Venezia Giulia
2023-10-30,CAM,371,214,157,371,ITF,ITF3,15,Campania
2023-11-28,LOM,10557,4888,5669,10557,ITC,ITC4,3,Lombardia
2023-10-31,PAB,544,255,289,544,ITH,ITH1,4,Provincia Autonoma Bolzano / Bozen
2023-12-05,MOL,61,34,27,61,ITF,ITF2,14,Molise
2023-10-25,VDA,304,138,166,304,ITC,ITC2,2,Valle d'Aosta / Vallée d'Aoste
2023-11-24,VEN,3480,1763,1717,3480,ITH,ITH3,5,Veneto
2023-11-29,LAZ,3845,1880,1965,3845,ITI,ITI4,12,Lazio
2023-10-23,PUG,852,422,430,852,ITF,ITF4,16,Puglia
2023-11-10,VEN,2750,1330,1420,2750,ITH,ITH3,5,Veneto
2023-11-07,MAR,741,355,386,741,ITI,ITI3,11,Marche
2023-11-06,LOM,4265,2013,2252,4265,ITC,ITC4,3,Lombardia
2023-11-21,TOS,5000,2278,2722,5000,ITI,ITI1,9,Toscana
2023-10-23,CAM,306,167,139,306,ITF,ITF3,15,Campania
2023-12-10,CAM,26,10,16,26,ITF,ITF3,15,Campania
2023-10-05,LIG,61,18,43,61,ITC,ITC3,7,Liguria
2023-12-02,UMB,158,76,82,158,ITI,ITI2,10,Umbria
2023-10-17,TOS,651,295,356,651,ITI,ITI1,9,Toscana
2023-10-11,EMR,54,17,37,54,ITH,ITH5,8,Emilia-Romagna
2023-10-28,CAL,12,7,5,12,ITF,ITF6,18,Calabria
2023-10-02,EMR,1,0,1,1,ITH,ITH5,8,Emilia-Romagna
2023-10-25,MAR,530,265,265,530,ITI,ITI3,11,Marche
2023-11-13,SAR,354,183,171,354,ITG,ITG2,20,Sardegna
2023-12-09,CAL,43,25,18,43,ITF,ITF6,18,Calabria
2023-10-23,MOL,37,14,23,37,ITF,ITF2,14,Molise
2023-11-03,PAT,357,173,184,357,ITH,ITH2,4,Provincia Autonoma Trento
2023-11-13,MAR,474,228,246,474,ITI,ITI3,11,Marche
2023-12-03,SIC,148,77,71,148,ITG,ITG1,19,Sicilia
2023-11-03,SIC,61,33,28,61,ITG,ITG1,19,Sicilia
2023-10-21,PUG,221,101,120,221,ITF,ITF4,16,Puglia
2023-11-04,CAM,89,50,39,89,ITF,ITF3,15,Campania
2023-11-09,SAR,303,160,143,303,ITG,ITG2,20,Sardegna
2023-12-08,BAS,19,10,9,19,ITF,ITF5,17,Basilicata
2023-11-01,VEN,12,4,8,12,ITH,ITH3,5,Veneto
2023-11-21,VEN,3031,1467,1564,3031,ITH,ITH3,5,Veneto
2023-12-12,VEN,2989,1477,1512,2989,ITH,ITH3,5,Veneto
2023-12-13,PIE,2848,1379,1469,2848,ITC,ITC1,1,Piemonte
2023-11-03,PUG,1609,832,777,1609,ITF,ITF4,16,Puglia
2023-10-13,CAM,127,61,66,127,ITF,ITF3,15,Campania
2023-11-23,MAR,48,20,28,48,ITI,ITI3,11,Marche
2023-12-02,VDA,6,3,3,6,ITC,ITC2,2,Valle d'Aosta / Vallée d'Aoste
2023-10-17,VEN,159,60,99,159,ITH,ITH3,5,Veneto
2023-11-24,BAS,59,31,28,59,ITF,ITF5,17,Basilicata
2023-11-25,MAR,10,2,8,10,ITI,ITI3,11,Marche
2023-11-27,VEN,2392,1138,1254,2392,ITH,ITH3,5,Veneto
2023-11-23,FVG,1252,582,670,1252,ITH,ITH4,6,Friuli-Venezia Giulia
2023-11-16,LAZ,2549,1244,1305,2549,ITI,ITI4,12,Lazio
2023-11-15,MAR,746,372,374,746,ITI,ITI3,11,Marche
2023-10-19,PAT,318,146,172,318,ITH,ITH2,4,Provincia Autonoma Trento
2023-11-06,FVG,931,411,520,931,ITH,ITH4,6,Friuli-Venezia Giulia
2023-10-27,MAR,907,477,430,907,ITI,ITI3,11,Marche
2023-11-18,UMB,235,120,115,235,ITI,ITI2,10,Umbria
2023-11-07,PAB,550,278,272,550,ITH,ITH1,4,Provincia Autonoma Bolzano / Bozen
2023-11-03,LAZ,1681,849,832,1681,ITI,ITI4,12,Lazio
2023-11-29,VEN,4306,2033,2273,4306,ITH,ITH3,5,Veneto
2023-11-28,PUG,1781,913,868,1781,ITF,ITF4,16,Puglia
2023-10-17,PAB,494,251,243,494,ITH,ITH1,4,Provincia Autonoma Bolzano / Bozen
2023-10-17,LIG,350,149,201,350,ITC,ITC3,7,Liguria
2023-10-05,PIE,14,9,5,14,ITC,ITC1,1,Piemonte
2023-10-03,FVG,6,2,4,6,ITH,ITH4,6,Friuli-Venezia Giulia
2023-10-22,VEN,6,4,2,6,ITH,ITH3,5,Veneto
2023-11-28,PAT,465,212,253,465,ITH,ITH2,4,Provincia Autonoma Trento
2023-12-14,MAR,1031,515,516,1031,ITI,ITI3,11,Marche
2023-11-29,LOM,10649,5062,5587,10649,ITC,ITC4,3,Lombardia
2023-11-13,LIG,394,190,204,394,ITC,ITC3,7,Liguria
2023-10-21,LAZ,442,217,225,442,ITI,ITI4,12,Lazio
2023-11-14,PAT,454,226,228,454,ITH,ITH2,4,Provincia Autonoma Trento
2023-11-07,UMB,479,227,252,479,ITI,ITI2,10,Umbria
2023-11-05,MAR,28,11,17,28,ITI,ITI3,11,Marche
2023-11-18,LIG,257,127,130,257,ITC,ITC3,7,Liguria
2023-10-11,FVG,72,36,36,72,ITH,ITH4,6,Friuli-Venezia Giulia
2023-10-14,TOS,358,182,176,358,ITI,ITI1,9,Toscana
2023-11-15,SIC,64,30,34,64,ITG,ITG1,19,Sicilia
2023-10-19,PUG,467,250,217,467,ITF,ITF4,16,Puglia
2023-11-25,MOL,85,42,43,85,ITF,ITF2,14,Molise
2023-10-16,LOM,4575,2409,2166,4575,ITC,ITC4,3,Lombardia
2023-10-27,LAZ,1370,688,682,1370,ITI,ITI4,12,Lazio
2023-11-16,MAR,837,420,417,837,ITI,ITI3,11,Marche
2023-11-15,LAZ,2418,1195,1223,2418,ITI,ITI4,12,Lazio
2023-12-02,PIE,1174,595,579,1174,ITC,ITC1,1,Piemonte
2023-11-06,PUG,1227,636,591,1227,ITF,ITF4,16,Puglia
2023-10-22,EMR,105,50,55,105,ITH,ITH5,8,Emilia-Romagna
2023-10-21,TOS,864,437,427,864,ITI,ITI1,9,Toscana
2023-11-06,CAL,47,29,18,47,ITF,ITF6,18,Calabria
2023-11-12,MOL,16,10,6,16,ITF,ITF2,14,Molise
2023-10-29,UMB,3,1,2,3,ITI,ITI2,10,Umbria
2023-10-03,PUG,10,7,3,10,ITF,ITF4,16,Puglia
2023-11-27,CAL,205,116,89,205,ITF,ITF6,18,Calabria
2023-10-27,VDA,213,95,118,213,ITC,ITC2,2,Valle d'Aosta / Vallée d'Aoste
2023-12-01,LIG,1111,568,543,1111,ITC,ITC3,7,Liguria
2023-12-14,VDA,61,30,31,61,ITC,ITC2,2,Valle d'Aosta / Vallée d'Aoste
2023-10-31,PAT,448,243,205,448,ITH,ITH2,4,Provincia Autonoma Trento
2023-11-14,PUG,1844,951,893,1844,ITF,ITF4,16,Puglia
2023-10-24,PUG,1088,579,509,1088,ITF,ITF4,16,Puglia
2023-12-05,BAS,204,110,94,204,ITF,ITF5,17,Basilicata
2023-11-14,BAS,24,10,14,24,ITF,ITF5,17,Basilicata
2023-11-13,UMB,415,201,214,415,ITI,ITI2,10,Umbria
2023-11-29,SAR,854,433,421,854,ITG,ITG2,20,Sardegna
2023-10-05,SAR,42,23,19,42,ITG,ITG2,20,Sardegna
2023-10-31,PUG,864,443,421,864,ITF,ITF4,16,Puglia
2023-12-12,LAZ,4351,2105,2246,4351,ITI,ITI4,12,Lazio
2023-10-12,LIG,126,48,78,126,ITC,ITC3,7,Liguria
2023-10-09,FVG,48,26,22,48,ITH,ITH4,6,Friuli-Venezia Giulia
2023-10-22,LOM,381,190,191,381,ITC,ITC4,3,Lombardia
2023-11-16,VDA,116,57,59,116,ITC,ITC2,2,Valle d'Aosta / Vallée d'Aoste
2023-11-18,PAB,9,2,7,9,ITH,ITH1,4,Provincia Autonoma Bolzano / Bozen
2023-11-09,LIG,1033,523,510,1033,ITC,ITC3,7,Liguria
2023-10-16,CAM,165,94,71,165,ITF,ITF3,15,Campania
2023-10-09,LOM,380,153,227,380,ITC,ITC4,3,Lombardia
2023-10-24,TOS,2454,1131,1323,2454,ITI,ITI1,9,Toscana
2023-11-13,PAB,200,77,123,200,ITH,ITH1,4,Provincia Autonoma Bolzano / Bozen
2023-10-26,LAZ,841,412,429,841,ITI,ITI4,12,Lazio
2023-10-25,MOL,74,40,34,74,ITF,ITF2,14,Molise
2023-11-04,SIC,11,7,4,11,ITG,ITG1,19,Sicilia
2023-11-23,VDA,85,49,36,85,ITC,ITC2,2,Valle d'Aosta / Vallée d'Aoste
2023-11-21,MOL,47,29,18,47,ITF,ITF2,14,Molise
2023-12-03,CAM,20,12,8,20,ITF,ITF3,15,Campania
2023-11-11,SIC,31,16,15,31,ITG,ITG1,19,Sicilia
2023-12-11,PUG,1668,870,798,1668,ITF,ITF4,16,Puglia
2023-10-13,LAZ,248,119,129,248,ITI,ITI4,12,Lazio
2023-10-17,LOM,4977,2594,2383,4977,ITC,ITC4,3,Lombardia
2023-11-18,PIE,1254,637,617,1254,ITC,ITC1,1,Piemonte
2023-12-01,VEN,3339,1666,1673,3339,ITH,ITH3,5,Veneto
2023-10-24,CAM,354,199,155,354,ITF,ITF3,15,Campania
2023-12-11,CAL,293,161,132,293,ITF,ITF6,18,Calabria
2023-11-12,VEN,93,55,38,93,ITH,ITH3,5,Veneto
2023-12-04,BAS,80,50,30,80,ITF,ITF5,17,Basilicata
2023-11-13,EMR,3858,1856,2002,3858,ITH,ITH5,8,Emilia-Romagna
2023-11-02,MAR,624,306,318,624,ITI,ITI3,11,Marche
2023-10-31,FVG,1065,503,562,1065,ITH,ITH4,6,Friuli-Venezia Giulia
2023-11-12,UMB,127,73,54,127,ITI,ITI2,10,Umbria
2023-10-12,SAR,48,27,21,48,ITG,ITG2,20,Sardegna
2023-11-16,SIC,87,47,40,87,ITG,ITG1,19,Sicilia
2023-11-10,LOM,9892,4595,5297,9892,ITC,ITC4,3,Lombardia
2023-12-06,PAB,413,217,196,413,ITH,ITH1,4,Provincia Autonoma Bolzano / Bozen
2023-11-19,EMR,276,123,153,276,ITH,ITH5,8,Emilia-Romagna
2023-11-24,MAR,779,408,371,779,ITI,ITI3,11,Marche
2023-11-30,PAT,680,344,336,680,ITH,ITH2,4,Provincia Autonoma Trento
2023-11-08,BAS,30,22,8,30,ITF,ITF5,17,Basilicata
2023-11-05,EMR,192,102,90,192,ITH,ITH5,8,Emilia-Romagna
2023-12-12,PIE,3332,1619,1713,3332,ITC,ITC1,1,Piemonte
2023-10-26,CAM,402,225,177,402,ITF,ITF3,15,Campania
2023-11-23,LOM,8833,4122,4711,8833,ITC,ITC4,3,Lombardia
2023-11-09,PAB,551,266,285,551,ITH,ITH1,4,Provincia Autonoma Bolzano / Bozen
2023-10-24,PIE,1281,628,653,1281,ITC,ITC1,1,Piemonte
2023-10-23,LIG,290,145,145,290,ITC,ITC3,7,Liguria
2023-11-30,PUG,2076,986,1090,2076,ITF,ITF4,16,Puglia
2023-11-29,FVG,1326,630,696,1326,ITH,ITH4,6,Friuli-Venezia Giulia
2023-12-07,BAS,171,100,71,171,ITF,ITF5,17,Basilicata
2023-12-06,UMB,1057,520,537,1057,ITI,ITI2,10,Umbria
2023-10-12,LOM,563,245,318,563,ITC,ITC4,3,Lombardia
2023-12-02,LAZ,1448,703,745,1448,ITI,ITI4,12,Lazio
2023-11-19,LOM,491,235,256,491,ITC,ITC4,3,Lombardia
2023-10-16,PAT,226,76,150,226,ITH,ITH2,4,Provincia Autonoma Trento
2023-12-09,TOS,518,257,261,518,ITI,ITI1,9,Toscana
2023-11-02,VDA,158,70,88,158,ITC,ITC2,2,Valle d'Aosta / Vallée d'Aoste
2023-10-29,PIE,22,10,12,22,ITC,ITC1,1,Piemonte
2023-10-09,SAR,66,32,34,66,ITG,ITG2,20,Sardegna
2023-11-09,VEN,2399,1117,1282,2399,ITH,ITH3,5,Veneto
2023-11-24,CAM,367,207,160,367,ITF,ITF3,15,Campania
2023-12-13,CAM,1583,859,724,1583,ITF,ITF3,15,Campania
2023-11-13,VEN,1779,853,926,1779,ITH,ITH3,5,Veneto
2023-12-10,LOM,601,293,308,601,ITC,ITC4,3,Lombardia
2023-11-12,EMR,799,381,418,799,ITH,ITH5,8,Emilia-Romagna
2023-12-08,UMB,18,7,11,18,ITI,ITI2,10,Umbria
2023-10-10,LAZ,199,113,86,199,ITI,ITI4,12,Lazio
2023-12-14,PUG,1191,611,580,1191,ITF,ITF4,16,Puglia
2023-12-12,CAL,340,184,156,340,ITF,ITF6,18,Calabria
2023-11-23,CAL,114,67,47,114,ITF,ITF6,18,Calabria
2023-10-13,MAR,100,55,45,100,ITI,ITI3,11,Marche
2023-11-04,VDA,109,57,52,109,ITC,ITC2,2,Valle d'Aosta / Vallée d'Aoste
2023-11-28,LAZ,3192,1568,1624,3192,ITI,ITI4,12,Lazio
2023-10-20,EMR,2215,1079,1136,2215,ITH,ITH5,8,Emilia-Romagna
2023-11-28,FVG,1255,608,647,1255,ITH,ITH4,6,Friuli-Venezia Giulia
2023-11-02,UMB,417,218,199,417,ITI,ITI2,10,Umbria
2023-11-16,EMR,6645,3146,3499,6645,ITH,ITH5,8,Emilia-Romagna
2023-12-04,SIC,368,197,171,368,ITG,ITG1,19,Sicilia
2023-10-14,PAB,21,7,14,21,ITH,ITH1,4,Provincia Autonoma Bolzano / Bozen
2023-11-05,VEN,49,30,19,49,ITH,ITH3,5,Veneto
2023-10-20,LAZ,741,372,369,741,ITI,ITI4,12,Lazio
2023-10-10,FVG,48,25,23,48,ITH,ITH4,6,Friuli-Venezia Giulia
2023-11-23,SAR,605,326,279,605,ITG,ITG2,20,Sardegna
2023-11-15,TOS,6219,2863,3356,6219,ITI,ITI1,9,Toscana
2023-12-06,MOL,159,79,80,159,ITF,ITF2,14,Molise
2023-11-10,UMB,680,317,363,680,ITI,ITI2,10,Umbria
2023-12-03,PUG,67,36,31,67,ITF,ITF4,16,Puglia
2023-11-02,LAZ,1355,642,713,1355,ITI,ITI4,12,Lazio
2023-10-02,CAM,4,3,1,4,ITF,ITF3,15,Campania
2023-10-16,PAB,150,72,78,150,ITH,ITH1,4,Provincia Autonoma Bolzano / Bozen
2023-12-03,PAT,9,6,3,9,ITH,ITH2,4,Provincia Autonoma Trento
2023-11-20,CAM,442,257,185,442,ITF,ITF3,15,Campania
2023-11-11,PIE,1881,936,945,1881,ITC,ITC1,1,Piemonte
2023-11-15,EMR,6728,3202,3526,6728,ITH,ITH5,8,Emilia-Romagna
2023-11-04,PIE,1379,677,702,1379,ITC,ITC1,1,Piemonte
2023-10-17,MAR,231,109,122,231,ITI,ITI3,11,Marche
2023-10-03,CAM,29,18,11,29,ITF,ITF3,15,Campania
2023-11-03,CAL,58,27,31,58,ITF,ITF6,18,Calabria
2023-11-26,CAM,19,10,9,19,ITF,ITF3,15,Campania
2023-11-01,MAR,34,12,22,34,ITI,ITI3,11,Marche
2023-11-06,BAS,5,3,2,5,ITF,ITF5,17,Basilicata
2023-11-01,VDA,1,0,1,1,ITC,ITC2,2,Valle d'Aosta / Vallée d'Aoste
2023-11-22,LIG,1128,550,578,1128,ITC,ITC3,7,Liguria
2023-11-03,UMB,537,284,253,537,ITI,ITI2,10,Umbria
2023-11-27,CAM,403,228,175,403,ITF,ITF3,15,Campania
2023-10-28,VEN,751,366,385,751,ITH,ITH3,5,Veneto
2023-12-09,PAT,30,20,10,30,ITH,ITH2,4,Provincia Autonoma Trento
2023-11-22,LOM,10367,4889,5478,10367,ITC,ITC4,3,Lombardia
2023-11-28,CAL,192,117,75,192,ITF,ITF6,18,Calabria
2023-12-12,CAM,1365,729,636,1365,ITF,ITF3,15,Campania
2023-11-28,LIG,1115,582,533,1115,ITC,ITC3,7,Liguria
2023-11-20,SIC,61,35,26,61,ITG,ITG1,19,Sicilia
2023-12-11,EMR,3187,1621,1566,3187,ITH,ITH5,8,Emilia-Romagna
2023-11-21,CAM,411,217,194,411,ITF,ITF3,15,Campania
2023-12-13,MAR,21,10,11,21,ITI,ITI3,11,Marche
2023-10-26,UMB,127,60,67,127,ITI,ITI2,10,Umbria
2023-12-09,PUG,192,90,102,192,ITF,ITF4,16,Puglia
2023-12-03,VEN,196,104,92,196,ITH,ITH3,5,Veneto
2023-10-12,MAR,29,15,14,29,ITI,ITI3,11,Marche
2023-10-24,FVG,664,341,323,664,ITH,ITH4,6,Friuli-Venezia Giulia
2023-12-08,CAM,29,16,13,29,ITF,ITF3,15,Campania
2023-11-24,VDA,123,66,57,123,ITC,ITC2,2,Valle d'Aosta / Vallée d'Aoste
2023-10-21,PAB,3,0,3,3,ITH,ITH1,4,Provincia Autonoma Bolzano / Bozen
2023-12-02,TOS,1444,701,743,1444,ITI,ITI1,9,Toscana
2023-11-09,PAT,738,386,352,738,ITH,ITH2,4,Provincia Autonoma Trento
2023-10-05,LOM,362,191,171,362,ITC,ITC4,3,Lombardia
2023-11-03,PAB,301,139,162,301,ITH,ITH1,4,Provincia Autonoma Bolzano / Bozen
2023-11-30,FVG,1189,548,641,1189,ITH,ITH4,6,Friuli-Venezia Giulia
2023-10-30,VEN,1298,585,713,1298,ITH,ITH3,5,Veneto
2023-10-26,PAB,780,388,392,780,ITH,ITH1,4,Provincia Autonoma Bolzano / Bozen
2023-11-09,PUG,1564,832,732,1564,ITF,ITF4,16,Puglia
2023-11-08,SIC,36,19,17,36,ITG,ITG1,19,Sicilia
2023-11-03,TOS,5913,2791,3122,5913,ITI,ITI1,9,Toscana
2023-10-20,LOM,5921,2922,2999,5921,ITC,ITC4,3,Lombardia
2023-11-21,PIE,2891,1335,1556,2891,ITC,ITC1,1,Piemonte
2023-11-10,MAR,982,502,480,982,ITI,ITI3,11,Marche
2023-11-14,SIC,114,55,59,114,ITG,ITG1,19,Sicilia
2023-11-14,MAR,671,352,319,671,ITI,ITI3,11,Marche
2023-12-08,LOM,441,217,224,441,ITC,ITC4,3,Lombardia
2023-12-12,LIG,2746,1321,1425,2746,ITC,ITC3,7,Liguria
2023-11-04,CAL,40,21,19,40,ITF,ITF6,18,Calabria
2023-11-27,LIG,325,167,158,325,ITC,ITC3,7,Liguria
2023-11-22,FVG,1078,514,564,1078,ITH,ITH4,6,Friuli-Venezia Giulia
2023-10-19,FVG,306,147,159,306,ITH,ITH4,6,Friuli-Venezia Giulia
2023-10-16,VDA,104,50,54,104,ITC,ITC2,2,Valle d'Aosta / Vallée d'Aoste
2023-10-30,SAR,170,94,76,170,ITG,ITG2,20,Sardegna
2023-12-09,FVG,140,67,73,140,ITH,ITH4,6,Friuli-Venezia Giulia
2023-10-20,CAL,6,4,2,6,ITF,ITF6,18,Calabria
2023-10-16,EMR,716,311,405,716,ITH,ITH5,8,Emilia-Romagna
2023-11-21,LIG,1694,850,844,1694,ITC,ITC3,7,Liguria
2023-12-12,PAB,296,147,149,296,ITH,ITH1,4,Provincia Autonoma Bolzano / Bozen
2023-11-18,PUG,339,173,166,339,ITF,ITF4,16,Puglia
2023-11-08,LAZ,2176,1031,1145,2176,ITI,ITI4,12,Lazio
2023-11-18,FVG,329,168,161,329,ITH,ITH4,6,Friuli-Venezia Giulia
2023-11-06,MAR,408,206,202,408,ITI,ITI3,11,Marche
2023-12-06,EMR,4994,2469,2525,4994,ITH,ITH5,8,Emilia-Romagna
2023-11-25,PIE,1396,717,679,1396,ITC,ITC1,1,Piemonte
2023-10-30,CAL,59,30,29,59,ITF,ITF6,18,Calabria
2023-10-04,LAZ,16,9,7,16,ITI,ITI4,12,Lazio
2023-10-26,LIG,823,413,410,823,ITC,ITC3,7,Liguria
2023-12-07,LAZ,3314,1578,1736,3314,ITI,ITI4,12,Lazio
2023-11-03,SAR,217,112,105,217,ITG,ITG2,20,Sardegna
2023-10-20,VEN,467,227,240,467,ITH,ITH3,5,Veneto
2023-09-26,TOS,15,7,8,15,ITI,ITI1,9,Toscana
2023-12-11,LOM,9252,4526,4726,9252,ITC,ITC4,3,Lombardia
2023-11-03,VEN,1354,619,735,1354,ITH,ITH3,5,Veneto
2023-10-21,UMB,24,13,11,24,ITI,ITI2,10,Umbria
2023-11-18,PAT,44,21,23,44,ITH,ITH2,4,Provincia Autonoma Trento
2023-10-29,FVG,9,4,5,9,ITH,ITH4,6,Friuli-Venezia Giulia
2023-09-29,TOS,3,0,3,3,ITI,ITI1,9,Toscana
2023-11-16,MOL,111,50,61,111,ITF,ITF2,14,Molise
2023-12-10,SIC,51,25,26,51,ITG,ITG1,19,Sicilia
2023-12-01,TOS,5645,2622,3023,5645,ITI,ITI1,9,Toscana
2023-11-29,CAL,186,109,77,186,ITF,ITF6,18,Calabria
2023-10-26,FVG,850,422,428,850,ITH,ITH4,6,Friuli-Venezia Giulia
2023-12-12,SIC,546,293,253,546,ITG,ITG1,19,Sicilia
2023-11-11,EMR,3344,1621,1723,3344,ITH,ITH5,8,Emilia-Romagna
2023-11-09,CAL,122,64,58,122,ITF,ITF6,18,Calabria
2023-10-05,FVG,29,11,18,29,ITH,ITH4,6,Friuli-Venezia Giulia
2023-11-22,TOS,6282,2904,3378,6282,ITI,ITI1,9,Toscana
2023-12-04,LAZ,2670,1263,1407,2670,ITI,ITI4,12,Lazio
2023-12-01,EMR,5254,2473,2781,5254,ITH,ITH5,8,Emilia-Romagna
2023-10-12,PIE,105,50,55,105,ITC,ITC1,1,Piemonte
2023-11-05,TOS,192,100,92,192,ITI,ITI1,9,Toscana
2023-11-08,LOM,11347,5201,6146,11347,ITC,ITC4,3,Lombardia
2023-11-02,PIE,1548,750,798,1548,ITC,ITC1,1,Piemonte
2023-10-01,LOM,2772,1464,1308,2772,ITC,ITC4,3,Lombardia
2023-11-23,SIC,249,138,111,249,ITG,ITG1,19,Sicilia
2023-10-18,PAB,625,301,324,625,ITH,ITH1,4,Provincia Autonoma Bolzano / Bozen
2023-11-21,LAZ,2352,1174,1178,2352,ITI,ITI4,12,Lazio
2023-12-12,PUG,2459,1245,1214,2459,ITF,ITF4,16,Puglia
2023-12-08,LAZ,330,168,162,330,ITI,ITI4,12,Lazio
2023-12-02,CAM,158,90,68,158,ITF,ITF3,15,Campania
2023-11-10,BAS,12,6,6,12,ITF,ITF5,17,Basilicata
2023-10-31,VDA,152,75,77,152,ITC,ITC2,2,Valle d'Aosta / Vallée d'Aoste
2023-12-01,PAB,265,134,131,265,ITH,ITH1,4,Provincia Autonoma Bolzano / Bozen
2023-11-22,LAZ,2278,1090,1188,2278,ITI,ITI4,12,Lazio
2023-11-12,LOM,1022,487,535,1022,ITC,ITC4,3,Lombardia
2023-11-13,TOS,3849,1799,2050,3849,ITI,ITI1,9,Toscana
2023-11-26,PIE,56,27,29,56,ITC,ITC1,1,Piemonte
2023-11-14,VDA,105,49,56,105,ITC,ITC2,2,Valle d'Aosta / Vallée d'Aoste
2023-11-10,PIE,3356,1626,1730,3356,ITC,ITC1,1,Piemonte
2023-11-23,VEN,3310,1677,1633,3310,ITH,ITH3,5,Veneto
2023-11-18,CAL,34,21,13,34,ITF,ITF6,18,Calabria
2023-10-31,CAM,124,56,68,124,ITF,ITF3,15,Campania
2023-11-20,BAS,5,1,4,5,ITF,ITF5,17,Basilicata
2023-10-21,VEN,49,21,28,49,ITH,ITH3,5,Veneto
2023-11-05,UMB,137,72,65,137,ITI,ITI2,10,Umbria
2023-11-06,CAM,335,195,140,335,ITF,ITF3,15,Campania
2023-12-13,VDA,104,41,63,104,ITC,ITC2,2,Valle d'Aosta / Vallée d'Aoste
2023-10-21,PAT,65,35,30,65,ITH,ITH2,4,Provincia Autonoma Trento
2023-12-05,TOS,4201,1940,2261,4201,ITI,ITI1,9,Toscana
2023-10-31,MAR,600,293,307,600,ITI,ITI3,11,Marche
2023-11-29,LIG,1358,652,706,1358,ITC,ITC3,7,Liguria
2023-10-24,MAR,569,297,272,569,ITI,ITI3,11,Marche
2023-11-05,PAB,6,2,4,6,ITH,ITH1,4,Provincia Autonoma Bolzano / Bozen
2023-10-11,SAR,89,42,47,89,ITG,ITG2,20,Sardegna
2023-10-21,SIC,6,3,3,6,ITG,ITG1,19,Sicilia
2023-12-03,CAL,3,2,1,3,ITF,ITF6,18,Calabria
2023-11-30,MAR,13,8,5,13,ITI,ITI3,11,Marche
2023-10-06,VDA,18,10,8,18,ITC,ITC2,2,Valle d'Aosta / Vallée d'Aoste
2023-11-26,VDA,3,0,3,3,ITC,ITC2,2,Valle d'Aosta / Vallée d'Aoste
2023-11-26,BAS,3,2,1,3,ITF,ITF5,17,Basilicata
2023-11-30,SAR,930,476,454,930,ITG,ITG2,20,Sardegna
2023-12-04,SAR,755,378,377,755,ITG,ITG2,20,Sardegna
2023-11-25,TOS,1892,896,996,1892,ITI,ITI1,9,Toscana
2023-11-05,PUG,22,13,9,22,ITF,ITF4,16,Puglia
2023-11-17,BAS,12,8,4,12,ITF,ITF5,17,Basilicata
2023-10-21,CAL,13,9,4,13,ITF,ITF6,18,Calabria
2023-10-17,VDA,63,29,34,63,ITC,ITC2,2,Valle d'Aosta / Vallée d'Aoste
2023-11-24,CAL,135,87,48,135,ITF,ITF6,18,Calabria
2023-11-08,VEN,2330,1122,1208,2330,ITH,ITH3,5,Veneto
2023-11-02,SAR,171,93,78,171,ITG,ITG2,20,Sardegna
2023-10-28,LOM,6003,2969,3034,6003,ITC,ITC4,3,Lombardia
2023-11-28,BAS,145,87,58,145,ITF,ITF5,17,Basilicata
2023-11-12,TOS,189,87,102,189,ITI,ITI1,9,Toscana
2023-10-28,CAM,77,42,35,77,ITF,ITF3,15,Campania
2023-11-30,CAL,309,181,128,309,ITF,ITF6,18,Calabria
2023-12-06,PUG,2311,1166,1145,2311,ITF,ITF4,16,Puglia
2023-11-07,LAZ,2297,1124,1173,2297,ITI,ITI4,12,Lazio
2023-10-27,FVG,916,458,458,916,ITH,ITH4,6,Friuli-Venezia Giulia
2023-12-06,CAM,1068,587,481,1068,ITF,ITF3,15,Campania
2023-11-25,LAZ,1677,886,791,1677,ITI,ITI4,12,Lazio
2023-11-23,BAS,44,28,16,44,ITF,ITF5,17,Basilicata
2023-10-26,LOM,9913,4719,5194,9913,ITC,ITC4,3,Lombardia
2023-10-27,CAL,70,36,34,70,ITF,ITF6,18,Calabria
2023-11-29,SIC,229,121,108,229,ITG,ITG1,19,Sicilia
2023-10-29,TOS,36,15,21,36,ITI,ITI1,9,Toscana
2023-12-14,LOM,10766,5216,5550,10766,ITC,ITC4,3,Lombardia
2023-12-02,EMR,1592,755,837,1592,ITH,ITH5,8,Emilia-Romagna
2023-11-28,PIE,2941,1341,1600,2941,ITC,ITC1,1,Piemonte
2023-11-16,LOM,10103,4733,5370,10103,ITC,ITC4,3,Lombardia
2023-10-24,SAR,191,84,107,191,ITG,ITG2,20,Sardegna
2023-11-06,VEN,1488,692,796,1488,ITH,ITH3,5,Veneto
2023-12-06,PAT,412,188,224,412,ITH,ITH2,4,Provincia Autonoma Trento
2023-10-19,PAB,802,390,412,802,ITH,ITH1,4,Provincia Autonoma Bolzano / Bozen
2023-11-01,FVG,23,10,13,23,ITH,ITH4,6,Friuli-Venezia Giulia
2023-10-03,SAR,6,1,5,6,ITG,ITG2,20,Sardegna
2023-12-02,MOL,37,20,17,37,ITF,ITF2,14,Molise
2023-11-18,VDA,80,42,38,80,ITC,ITC2,2,Valle d'Aosta / Vallée d'Aoste
2023-10-31,PIE,1539,757,782,1539,ITC,ITC1,1,Piemonte
2023-11-20,FVG,1105,561,544,1105,ITH,ITH4,6,Friuli-Venezia Giulia
2023-11-13,LAZ,1718,900,818,1718,ITI,ITI4,12,Lazio
2023-10-10,PIE,95,51,44,95,ITC,ITC1,1,Piemonte
2023-12-04,UMB,356,170,186,356,ITI,ITI2,10,Umbria
2023-12-11,FVG,1012,473,539,1012,ITH,ITH4,6,Friuli-Venezia Giulia
2023-10-06,CAM,28,15,13,28,ITF,ITF3,15,Campania
2023-10-25,LAZ,991,493,498,991,ITI,ITI4,12,Lazio
2023-11-30,PIE,3309,1572,1737,3309,ITC,ITC1,1,Piemonte
2023-12-13,TOS,4683,2225,2458,4683,ITI,ITI1,9,Toscana
2023-11-06,EMR,3956,1823,2133,3956,ITH,ITH5,8,Emilia-Romagna
2023-10-23,PIE,790,380,410,790,ITC,ITC1,1,Piemonte
2023-12-14,EMR,5270,2597,2673,5270,ITH,ITH5,8,Emilia-Romagna
2023-10-22,MAR,54,30,24,54,ITI,ITI3,11,Marche
2023-12-10,PIE,80,36,44,80,ITC,ITC1,1,Piemonte
2023-11-29,MAR,26,11,15,26,ITI,ITI3,11,Marche
2023-11-24,PIE,3573,1727,1846,3573,ITC,ITC1,1,Piemonte
2023-10-24,LOM,9013,4434,4579,9013,ITC,ITC4,3,Lombardia
2023-10-21,PIE,339,180,159,339,ITC,ITC1,1,Piemonte
2023-10-30,FVG,532,274,258,532,ITH,ITH4,6,Friuli-Venezia Giulia
2023-11-09,VDA,154,73,81,154,ITC,ITC2,2,Valle d'Aosta / Vallée d'Aoste
2023-10-31,MOL,33,13,20,33,ITF,ITF2,14,Molise
2023-12-04,LOM,8988,4349,4639,8988,ITC,ITC4,3,Lombardia
2023-11-07,TOS,5205,2427,2778,5205,ITI,ITI1,9,Toscana
2023-10-14,PIE,43,20,23,43,ITC,ITC1,1,Piemonte
2023-11-27,PUG,1175,607,568,1175,ITF,ITF4,16,Puglia
2023-11-17,LAZ,2516,1221,1295,2516,ITI,ITI4,12,Lazio
2023-10-11,MAR,4,2,2,4,ITI,ITI3,11,Marche
2023-10-20,LIG,84,33,51,84,ITC,ITC3,7,Liguria
2023-10-25,CAM,301,178,123,301,ITF,ITF3,15,Campania
2023-11-22,VEN,3441,1572,1869,3441,ITH,ITH3,5,Veneto
2023-10-29,LOM,640,314,326,640,ITC,ITC4,3,Lombardia
2023-10-28,LIG,102,40,62,102,ITC,ITC3,7,Liguria
2023-11-21,PAB,555,279,276,555,ITH,ITH1,4,Provincia Autonoma Bolzano / Bozen
2023-11-27,PAT,70,22,48,70,ITH,ITH2,4,Provincia Autonoma Trento
2023-10-18,PUG,442,239,203,442,ITF,ITF4,16,Puglia
2023-12-11,MAR,643,312,331,643,ITI,ITI3,11,Marche
2023-11-24,LAZ,2149,1036,1113,2149,ITI,ITI4,12,Lazio
2023-11-26,LOM,1046,516,530,1046,ITC,ITC4,3,Lombardia
2023-12-01,SIC,344,179,165,344,ITG,ITG1,19,Sicilia
2023-12-08,VEN,1159,574,585,1159,ITH,ITH3,5,Veneto
2023-11-04,VEN,1661,831,830,1661,ITH,ITH3,5,Veneto
2023-10-30,PAB,185,83,102,185,ITH,ITH1,4,Provincia Autonoma Bolzano / Bozen
2023-10-12,EMR,55,24,31,55,ITH,ITH5,8,Emilia-Romagna
2023-11-28,TOS,4436,2045,2391,4436,ITI,ITI1,9,Toscana
2023-11-19,FVG,46,19,27,46,ITH,ITH4,6,Friuli-Venezia Giulia
2023-11-22,EMR,5970,2923,3047,5970,ITH,ITH5,8,Emilia-Romagna
2023-11-15,MOL,78,44,34,78,ITF,ITF2,14,Molise
2023-11-08,VDA,206,103,103,206,ITC,ITC2,2,Valle d'Aosta / Vallée d'Aoste
2023-10-07,PIE,47,24,23,47,ITC,ITC1,1,Piemonte
2023-11-04,UMB,175,82,93,175,ITI,ITI2,10,Umbria
2023-10-29,VEN,35,19,16,35,ITH,ITH3,5,Veneto
2023-10-09,PUG,14,7,7,14,ITF,ITF4,16,Puglia
2023-12-08,PAB,1,1,0,1,ITH,ITH1,4,Provincia Autonoma Bolzano / Bozen
2023-10-07,VEN,1,1,0,1,ITH,ITH3,5,Veneto
2023-11-08,CAM,407,228,179,407,ITF,ITF3,15,Campania
2023-11-07,PUG,1283,635,648,1283,ITF,ITF4,16,Puglia
2023-11-27,TOS,3663,1733,1930,3663,ITI,ITI1,9,Toscana
2023-12-05,UMB,615,316,299,615,ITI,ITI2,10,Umbria
2023-10-20,TOS,2175,1054,1121,2175,ITI,ITI1,9,Toscana
2023-12-11,PAB,107,56,51,107,ITH,ITH1,4,Provincia Autonoma Bolzano / Bozen
2023-11-28,MOL,38,21,17,38,ITF,ITF2,14,Molise
2023-10-17,SIC,17,9,8,17,ITG,ITG1,19,Sicilia
2023-12-02,BAS,52,24,28,52,ITF,ITF5,17,Basilicata
2023-12-07,VDA,44,20,24,44,ITC,ITC2,2,Valle d'Aosta / Vallée d'Aoste
2023-11-10,FVG,1104,513,591,1104,ITH,ITH4,6,Friuli-Venezia Giulia
2023-10-05,TOS,421,224,197,421,ITI,ITI1,9,Toscana
2023-10-25,PUG,1111,547,564,1111,ITF,ITF4,16,Puglia
2023-11-09,MAR,1154,536,618,1154,ITI,ITI3,11,Marche
2023-12-13,LOM,11050,5386,5664,11050,ITC,ITC4,3,Lombardia
2023-12-05,LAZ,3901,1914,1987,3901,ITI,ITI4,12,Lazio
2023-11-02,TOS,3739,1824,1915,3739,ITI,ITI1,9,Toscana
2023-11-16,UMB,797,384,413,797,ITI,ITI2,10,Umbria
2023-11-07,PAT,562,285,277,562,ITH,ITH2,4,Provincia Autonoma Trento
2023-11-11,LIG,158,69,89,158,ITC,ITC3,7,Liguria
2023-11-11,BAS,13,5,8,13,ITF,ITF5,17,Basilicata
2023-10-17,CAL,7,2,5,7,ITF,ITF6,18,Calabria
2023-12-08,FVG,168,94,74,168,ITH,ITH4,6,Friuli-Venezia Giulia
2023-11-16,TOS,9005,4139,4866,9005,ITI,ITI1,9,Toscana
2023-11-27,LAZ,2266,1147,1119,2266,ITI,ITI4,12,Lazio
2023-11-17,MOL,44,27,17,44,ITF,ITF2,14,Molise
2023-11-03,EMR,5442,2605,2837,5442,ITH,ITH5,8,Emilia-Romagna
2023-10-16,SAR,125,63,62,125,ITG,ITG2,20,Sardegna
2023-12-11,SAR,850,432,418,850,ITG,ITG2,20,Sardegna
2023-10-06,LOM,240,99,141,240,ITC,ITC4,3,Lombardia
2023-10-28,TOS,1250,644,606,1250,ITI,ITI1,9,Toscana
2023-11-17,PUG,2194,1120,1074,2194,ITF,ITF4,16,Puglia
2023-10-25,PAT,418,196,222,418,ITH,ITH2,4,Provincia Autonoma Trento
2023-12-03,EMR,237,109,128,237,ITH,ITH5,8,Emilia-Romagna
2023-10-23,VDA,138,64,74,138,ITC,ITC2,2,Valle d'Aosta / Vallée d'Aoste
2023-12-11,UMB,434,218,216,434,ITI,ITI2,10,Umbria
2023-11-05,LAZ,64,22,42,64,ITI,ITI4,12,Lazio
2023-10-04,PIE,20,14,6,20,ITC,ITC1,1,Piemonte
2023-10-18,SIC,21,14,7,21,ITG,ITG1,19,Sicilia
2023-10-16,LAZ,329,165,164,329,ITI,ITI4,12,Lazio
2023-11-07,SAR,168,94,74,168,ITG,ITG2,20,Sardegna
2023-10-28,EMR,1872,901,971,1872,ITH,ITH5,8,Emilia-Romagna
2023-10-19,LOM,6097,3017,3080,6097,ITC,ITC4,3,Lombardia
2023-11-02,FVG,701,350,351,701,ITH,ITH4,6,Friuli-Venezia Giulia
2023-12-13,FVG,1059,528,531,1059,ITH,ITH4,6,Friuli-Venezia Giulia
2023-11-16,PAB,578,277,301,578,ITH,ITH1,4,Provincia Autonoma Bolzano / Bozen
2023-12-05,SAR,800,405,395,800,ITG,ITG2,20,Sardegna
2023-10-18,PAT,245,129,116,245,ITH,ITH2,4,Provincia Autonoma Trento
2023-11-01,CAL,17,9,8,17,ITF,ITF6,18,Calabria
2023-11-29,EMR,5614,2722,2892,5614,ITH,ITH5,8,Emilia-Romagna
2023-11-17,SIC,53,28,25,53,ITG,ITG1,19,Sicilia
2023-11-08,LIG,916,445,471,916,ITC,ITC3,7,Liguria
2023-12-11,TOS,3116,1488,1628,3116,ITI,ITI1,9,Toscana
2023-10-03,LIG,30,14,16,30,ITC,ITC3,7,Liguria
2023-11-24,FVG,1139,525,614,1139,ITH,ITH4,6,Friuli-Venezia Giulia
2023-11-25,PUG,279,146,133,279,ITF,ITF4,16,Puglia
2023-11-18,MAR,35,10,25,35,ITI,ITI3,11,Marche
2023-10-02,FVG,30,18,12,30,ITH,ITH4,6,Friuli-Venezia Giulia
2023-10-22,PUG,23,9,14,23,ITF,ITF4,16,Puglia
2023-11-17,PAT,419,199,220,419,ITH,ITH2,4,Provincia Autonoma Trento
2023-12-07,MAR,18,7,11,18,ITI,ITI3,11,Marche
2023-12-06,VEN,3747,1792,1955,3747,ITH,ITH3,5,Veneto
2023-12-01,BAS,139,72,67,139,ITF,ITF5,17,Basilicata
2023-10-24,CAL,45,28,17,45,ITF,ITF6,18,Calabria
2023-11-19,VEN,92,39,53,92,ITH,ITH3,5,Veneto
2023-10-31,CAL,60,30,30,60,ITF,ITF6,18,Calabria
2023-11-04,LIG,127,60,67,127,ITC,ITC3,7,Liguria
2023-12-14,PAT,160,77,83,160,ITH,ITH2,4,Provincia Autonoma Trento
2023-10-13,LIG,56,18,38,56,ITC,ITC3,7,Liguria
2023-12-04,CAL,413,199,214,413,ITF,ITF6,18,Calabria
2023-11-10,LAZ,2508,1203,1305,2508,ITI,ITI4,12,Lazio
2023-11-24,UMB,878,416,462,878,ITI,ITI2,10,Umbria
2023-11-13,PAT,461,230,231,461,ITH,ITH2,4,Provincia Autonoma Trento
2023-09-29,SAR,1,1,0,1,ITG,ITG2,20,Sardegna
2023-11-08,MAR,99,38,61,99,ITI,ITI3,11,Marche
2023-10-24,VDA,165,79,86,165,ITC,ITC2,2,Valle d'Aosta / Vallée d'Aoste
2023-11-20,LOM,8489,3995,4494,8489,ITC,ITC4,3,Lombardia
2023-11-19,PUG,31,15,16,31,ITF,ITF4,16,Puglia
2023-11-14,EMR,5741,2740,3001,5741,ITH,ITH5,8,Emilia-Romagna
2023-12-01,PIE,3690,1813,1877,3690,ITC,ITC1,1,Piemonte
2023-11-13,PUG,1247,606,641,1247,ITF,ITF4,16,Puglia
2023-11-26,FVG,42,17,25,42,ITH,ITH4,6,Friuli-Venezia Giulia
2023-10-03,LOM,167,75,92,167,ITC,ITC4,3,Lombardia
2023-10-19,LIG,171,81,90,171,ITC,ITC3,7,Liguria
2023-10-09,CAM,59,36,23,59,ITF,ITF3,15,Campania
2023-12-08,PIE,113,52,61,113,ITC,ITC1,1,Piemonte
2023-10-28,PAB,7,2,5,7,ITH,ITH1,4,Provincia Autonoma Bolzano / Bozen
2023-10-29,CAM,2,0,2,2,ITF,ITF3,15,Campania
2023-10-22,PAT,1,0,1,1,ITH,ITH2,4,Provincia Autonoma Trento
2023-10-14,UMB,6,3,3,6,ITI,ITI2,10,Umbria
2023-10-15,EMR,1,0,1,1,ITH,ITH5,8,Emilia-Romagna
2023-10-12,UMB,6,3,3,6,ITI,ITI2,10,Umbria
2023-11-19,SIC,1,1,0,1,ITG,ITG1,19,Sicilia
2023-09-26,EMR,2,2,0,2,ITH,ITH5,8,Emilia-Romagna
2023-11-12,CAM,12,5,7,12,ITF,ITF3,15,Campania
2023-10-01,MAR,1,1,0,1,ITI,ITI3,11,Marche
2023-10-30,PIE,1129,560,569,1129,ITC,ITC1,1,Piemonte
2023-11-28,EMR,5495,2617,2878,5495,ITH,ITH5,8,Emilia-Romagna
2023-11-22,PUG,1503,772,731,1503,ITF,ITF4,16,Puglia
2023-11-04,TOS,1964,944,1020,1964,ITI,ITI1,9,Toscana
2023-10-23,EMR,2256,1121,1135,2256,ITH,ITH5,8,Emilia-Romagna
2023-11-24,EMR,5365,2592,2773,5365,ITH,ITH5,8,Emilia-Romagna
2023-10-29,MAR,27,15,12,27,ITI,ITI3,11,Marche
2023-11-20,PIE,1928,865,1063,1928,ITC,ITC1,1,Piemonte
2023-11-05,LOM,789,383,406,789,ITC,ITC4,3,Lombardia
2023-10-16,TOS,730,315,415,730,ITI,ITI1,9,Toscana
2023-11-11,PUG,423,224,199,423,ITF,ITF4,16,Puglia
2023-12-01,CAM,706,377,329,706,ITF,ITF3,15,Campania
2023-11-30,EMR,5852,2851,3001,5852,ITH,ITH5,8,Emilia-Romagna
2023-11-08,UMB,666,332,334,666,ITI,ITI2,10,Umbria
2023-11-01,PUG,33,15,18,33,ITF,ITF4,16,Puglia
2023-11-15,FVG,1092,520,572,1092,ITH,ITH4,6,Friuli-Venezia Giulia
2023-12-11,PIE,2146,1048,1098,2146,ITC,ITC1,1,Piemonte
2023-11-03,CAM,350,198,152,350,ITF,ITF3,15,Campania
2023-10-13,TOS,682,341,341,682,ITI,ITI1,9,Toscana
2023-11-17,PAB,271,134,137,271,ITH,ITH1,4,Provincia Autonoma Bolzano / Bozen
2023-12-10,VEN,741,409,332,741,ITH,ITH3,5,Veneto
2023-10-13,PUG,204,111,93,204,ITF,ITF4,16,Puglia
2023-10-14,EMR,11,3,8,11,ITH,ITH5,8,Emilia-Romagna
2023-11-01,CAM,21,10,11,21,ITF,ITF3,15,Campania
2023-11-27,SIC,143,66,77,143,ITG,ITG1,19,Sicilia
2023-11-28,SIC,321,191,130,321,ITG,ITG1,19,Sicilia
2023-10-31,VEN,1424,612,812,1424,ITH,ITH3,5,Veneto
2023-12-13,CAL,407,231,176,407,ITF,ITF6,18,Calabria
2023-10-12,FVG,53,33,20,53,ITH,ITH4,6,Friuli-Venezia Giulia
2023-11-09,FVG,1303,593,710,1303,ITH,ITH4,6,Friuli-Venezia Giulia
2023-12-07,CAL,326,202,124,326,ITF,ITF6,18,Calabria
2023-11-22,PAT,392,185,207,392,ITH,ITH2,4,Provincia Autonoma Trento
2023-12-09,MOL,10,3,7,10,ITF,ITF2,14,Molise
2023-10-09,LIG,32,10,22,32,ITC,ITC3,7,Liguria
2023-10-12,CAL,12,5,7,12,ITF,ITF6,18,Calabria
2023-12-06,LOM,10770,5132,5638,10770,ITC,ITC4,3,Lombardia
2023-11-28,VEN,4026,1961,2065,4026,ITH,ITH3,5,Veneto
2023-10-18,LIG,274,105,169,274,ITC,ITC3,7,Liguria
2023-10-26,SAR,205,101,104,205,ITG,ITG2,20,Sardegna
2023-11-08,PAB,543,289,254,543,ITH,ITH1,4,Provincia Autonoma Bolzano / Bozen
2023-10-23,VEN,324,140,184,324,ITH,ITH3,5,Veneto
2023-10-31,SIC,79,48,31,79,ITG,ITG1,19,Sicilia
2023-11-02,SIC,77,42,35,77,ITG,ITG1,19,Sicilia
2023-11-10,MOL,60,31,29,60,ITF,ITF2,14,Molise
2023-11-14,PAB,573,276,297,573,ITH,ITH1,4,Provincia Autonoma Bolzano / Bozen
2023-11-14,LIG,1096,532,564,1096,ITC,ITC3,7,Liguria
2023-12-10,EMR,186,81,105,186,ITH,ITH5,8,Emilia-Romagna
2023-10-21,CAM,44,24,20,44,ITF,ITF3,15,Campania
2023-11-04,PUG,320,160,160,320,ITF,ITF4,16,Puglia
2023-11-23,MOL,41,23,18,41,ITF,ITF2,14,Molise
2023-10-25,TOS,3505,1682,1823,3505,ITI,ITI1,9,Toscana
2023-10-31,EMR,4566,2125,2441,4566,ITH,ITH5,8,Emilia-Romagna
2023-11-13,FVG,857,411,446,857,ITH,ITH4,6,Friuli-Venezia Giulia
2023-11-11,PAT,21,11,10,21,ITH,ITH2,4,Provincia Autonoma Trento
2023-10-10,PAB,438,248,190,438,ITH,ITH1,4,Provincia Autonoma Bolzano / Bozen
2023-11-19,PAB,1,0,1,1,ITH,ITH1,4,Provincia Autonoma Bolzano / Bozen
2023-10-19,SAR,119,71,48,119,ITG,ITG2,20,Sardegna
2023-10-16,MAR,142,81,61,142,ITI,ITI3,11,Marche
2023-12-09,BAS,25,14,11,25,ITF,ITF5,17,Basilicata
2023-12-14,UMB,617,308,309,617,ITI,ITI2,10,Umbria
2023-11-10,SIC,57,36,21,57,ITG,ITG1,19,Sicilia
2023-10-15,CAM,12,5,7,12,ITF,ITF3,15,Campania
2023-11-17,VEN,3045,1419,1626,3045,ITH,ITH3,5,Veneto
2023-11-12,FVG,12,4,8,12,ITH,ITH4,6,Friuli-Venezia Giulia
2023-11-12,CAL,6,0,6,6,ITF,ITF6,18,Calabria
2023-10-28,UMB,79,25,54,79,ITI,ITI2,10,Umbria
2023-12-12,MOL,126,68,58,126,ITF,ITF2,14,Molise
2023-12-02,SIC,90,49,41,90,ITG,ITG1,19,Sicilia
2023-12-08,PUG,17,10,7,17,ITF,ITF4,16,Puglia
2023-12-11,BAS,45,26,19,45,ITF,ITF5,17,Basilicata
2023-10-22,SIC,3,2,1,3,ITG,ITG1,19,Sicilia
2023-12-05,MAR,11,6,5,11,ITI,ITI3,11,Marche
2023-11-27,MAR,16,7,9,16,ITI,ITI3,11,Marche
2023-11-19,LIG,3,1,2,3,ITC,ITC3,7,Liguria
2023-10-11,MOL,6,5,1,6,ITF,ITF2,14,Molise
2023-10-27,MOL,3,2,1,3,ITF,ITF2,14,Molise
2023-12-12,FVG,1162,566,596,1162,ITH,ITH4,6,Friuli-Venezia Giulia
2023-10-18,FVG,140,77,63,140,ITH,ITH4,6,Friuli-Venezia Giulia
2023-10-30,LAZ,924,451,473,924,ITI,ITI4,12,Lazio
2023-10-25,SAR,213,105,108,213,ITG,ITG2,20,Sardegna
2023-11-07,MOL,73,41,32,73,ITF,ITF2,14,Molise
2023-10-04,LIG,12,4,8,12,ITC,ITC3,7,Liguria
2023-11-11,MOL,38,5,33,38,ITF,ITF2,14,Molise
2023-11-25,VEN,2196,1069,1127,2196,ITH,ITH3,5,Veneto
2023-12-01,LAZ,3323,1630,1693,3323,ITI,ITI4,12,Lazio
2023-10-18,CAM,340,194,146,340,ITF,ITF3,15,Campania
2023-11-14,CAM,467,281,186,467,ITF,ITF3,15,Campania
2023-11-27,FVG,749,368,381,749,ITH,ITH4,6,Friuli-Venezia Giulia
2023-12-11,SIC,404,232,172,404,ITG,ITG1,19,Sicilia
2023-10-23,MAR,387,192,195,387,ITI,ITI3,11,Marche
2023-10-28,LAZ,715,347,368,715,ITI,ITI4,12,Lazio
2023-10-30,SIC,29,19,10,29,ITG,ITG1,19,Sicilia
2023-11-03,VDA,191,88,103,191,ITC,ITC2,2,Valle d'Aosta / Vallée d'Aoste
2023-10-25,PAB,615,302,313,615,ITH,ITH1,4,Provincia Autonoma Bolzano / Bozen
2023-11-13,MOL,76,48,28,76,ITF,ITF2,14,Molise
2023-12-02,PUG,317,171,146,317,ITF,ITF4,16,Puglia
2023-11-07,BAS,30,20,10,30,ITF,ITF5,17,Basilicata
2023-12-11,LAZ,3201,1531,1670,3201,ITI,ITI4,12,Lazio
2023-10-21,MAR,208,101,107,208,ITI,ITI3,11,Marche
2023-11-29,UMB,783,398,385,783,ITI,ITI2,10,Umbria
2023-12-13,SIC,491,266,225,491,ITG,ITG1,19,Sicilia
2023-11-29,PIE,2775,1318,1457,2775,ITC,ITC1,1,Piemonte
2023-10-13,EMR,86,35,51,86,ITH,ITH5,8,Emilia-Romagna
2023-10-07,LOM,4,2,2,4,ITC,ITC4,3,Lombardia
2023-10-28,VDA,86,42,44,86,ITC,ITC2,2,Valle d'Aosta / Vallée d'Aoste
2023-11-14,PIE,2875,1337,1538,2875,ITC,ITC1,1,Piemonte
2023-11-25,EMR,1926,953,973,1926,ITH,ITH5,8,Emilia-Romagna
2023-11-17,TOS,6656,3148,3508,6656,ITI,ITI1,9,Toscana
2023-11-20,LIG,608,300,308,608,ITC,ITC3,7,Liguria
2023-12-05,PIE,3081,1448,1633,3081,ITC,ITC1,1,Piemonte
2023-11-02,PUG,1244,636,608,1244,ITF,ITF4,16,Puglia
2023-12-01,MAR,23,7,16,23,ITI,ITI3,11,Marche
2023-11-22,SIC,204,113,91,204,ITG,ITG1,19,Sicilia
2023-10-14,MAR,49,21,28,49,ITI,ITI3,11,Marche
2023-10-25,VEN,972,344,628,972,ITH,ITH3,5,Veneto
2023-10-30,MAR,418,201,217,418,ITI,ITI3,11,Marche
2023-11-24,TOS,6556,3080,3476,6556,ITI,ITI1,9,Toscana
2023-10-28,MAR,738,376,362,738,ITI,ITI3,11,Marche
2023-11-06,VDA,86,48,38,86,ITC,ITC2,2,Valle d'Aosta / Vallée d'Aoste
2023-10-02,TOS,286,162,124,286,ITI,ITI1,9,Toscana
2023-11-29,PAB,543,250,293,543,ITH,ITH1,4,Provincia Autonoma Bolzano / Bozen
2023-12-12,VDA,49,20,29,49,ITC,ITC2,2,Valle d'Aosta / Vallée d'Aoste
2023-11-21,SIC,119,61,58,119,ITG,ITG1,19,Sicilia
2023-10-18,CAL,12,9,3,12,ITF,ITF6,18,Calabria
2023-10-26,MAR,170,77,93,170,ITI,ITI3,11,Marche
2023-11-12,MAR,78,41,37,78,ITI,ITI3,11,Marche
2023-12-04,PAT,551,259,292,551,ITH,ITH2,4,Provincia Autonoma Trento
2023-10-20,SIC,27,17,10,27,ITG,ITG1,19,Sicilia
2023-12-14,LAZ,3897,1855,2042,3897,ITI,ITI4,12,Lazio
2023-12-04,PUG,1489,776,713,1489,ITF,ITF4,16,Puglia
2023-12-04,TOS,3088,1477,1611,3088,ITI,ITI1,9,Toscana
2023-12-05,CAM,890,471,419,890,ITF,ITF3,15,Campania
2023-10-26,VDA,117,57,60,117,ITC,ITC2,2,Valle d'Aosta / Vallée d'Aoste
2023-10-10,TOS,314,152,162,314,ITI,ITI1,9,Toscana
2023-12-07,MOL,146,71,75,146,ITF,ITF2,14,Molise
2023-10-10,PUG,82,33,49,82,ITF,ITF4,16,Puglia
2023-12-02,CAL,92,54,38,92,ITF,ITF6,18,Calabria
2023-11-20,PAB,130,59,71,130,ITH,ITH1,4,Provincia Autonoma Bolzano / Bozen
2023-12-07,LIG,1723,847,876,1723,ITC,ITC3,7,Liguria
2023-11-25,UMB,228,100,128,228,ITI,ITI2,10,Umbria
2023-10-25,EMR,4285,2035,2250,4285,ITH,ITH5,8,Emilia-Romagna
2023-10-13,VEN,98,29,69,98,ITH,ITH3,5,Veneto
2023-10-13,SAR,111,56,55,111,ITG,ITG2,20,Sardegna
2023-11-27,LOM,321,97,224,321,ITC,ITC4,3,Lombardia
2023-12-02,PAT,2,0,2,2,ITH,ITH2,4,Provincia Autonoma Trento
2023-10-25,UMB,39,34,5,39,ITI,ITI2,10,Umbria
2023-10-05,EMR,1,0,1,1,ITH,ITH5,8,Emilia-Romagna
2023-11-25,PAB,5,1,4,5,ITH,ITH1,4,Provincia Autonoma Bolzano / Bozen
2023-11-30,VDA,81,39,42,81,ITC,ITC2,2,Valle d'Aosta / Vallée d'Aoste
2023-10-15,LIG,1,0,1,1,ITC,ITC3,7,Liguria
2023-12-05,SIC,489,256,233,489,ITG,ITG1,19,Sicilia
2023-12-13,LIG,1825,878,947,1825,ITC,ITC3,7,Liguria
2023-11-04,FVG,158,75,83,158,ITH,ITH4,6,Friuli-Venezia Giulia
2023-11-16,PIE,2986,1409,1577,2986,ITC,ITC1,1,Piemonte
2023-12-14,FVG,1255,642,613,1255,ITH,ITH4,6,Friuli-Venezia Giulia
2023-12-04,MAR,539,265,274,539,ITI,ITI3,11,Marche
2023-10-17,PAT,213,69,144,213,ITH,ITH2,4,Provincia Autonoma Trento
2023-10-19,CAL,23,12,11,23,ITF,ITF6,18,Calabria
2023-11-15,BAS,28,15,13,28,ITF,ITF5,17,Basilicata
2023-10-17,PUG,262,148,114,262,ITF,ITF4,16,Puglia
2023-12-06,SAR,678,357,321,678,ITG,ITG2,20,Sardegna
2023-10-27,EMR,4817,2295,2522,4817,ITH,ITH5,8,Emilia-Romagna
2023-11-01,LOM,1247,550,697,1247,ITC,ITC4,3,Lombardia
2023-11-20,EMR,3822,1821,2001,3822,ITH,ITH5,8,Emilia-Romagna
2023-10-09,PIE,85,35,50,85,ITC,ITC1,1,Piemonte
2023-12-04,MOL,131,73,58,131,ITF,ITF2,14,Molise
2023-10-11,CAM,174,95,79,174,ITF,ITF3,15,Campania
2023-11-12,PIE,54,26,28,54,ITC,ITC1,1,Piemonte
2023-11-07,SIC,87,49,38,87,ITG,ITG1,19,Sicilia
2023-12-05,VEN,3524,1742,1782,3524,ITH,ITH3,5,Veneto
2023-11-11,LOM,5938,2837,3101,5938,ITC,ITC4,3,Lombardia
2023-10-27,PAB,352,171,181,352,ITH,ITH1,4,Provincia Autonoma Bolzano / Bozen
2023-10-16,VEN,152,72,80,152,ITH,ITH3,5,Veneto
2023-10-25,CAL,30,16,14,30,ITF,ITF6,18,Calabria
2023-11-23,PUG,1849,905,944,1849,ITF,ITF4,16,Puglia
2023-11-30,CAM,657,373,284,657,ITF,ITF3,15,Campania
2023-12-11,VEN,2313,1163,1150,2313,ITH,ITH3,5,Veneto
2023-12-07,CAM,876,492,384,876,ITF,ITF3,15,Campania
2023-11-19,LAZ,57,32,25,57,ITI,ITI4,12,Lazio
2023-12-08,TOS,21,7,14,21,ITI,ITI1,9,Toscana
2023-10-25,SIC,40,25,15,40,ITG,ITG1,19,Sicilia
2023-11-15,PIE,2823,1303,1520,2823,ITC,ITC1,1,Piemonte
2023-11-06,LIG,480,239,241,480,ITC,ITC3,7,Liguria
2023-12-12,PAT,628,286,342,628,ITH,ITH2,4,Provincia Autonoma Trento
2023-10-12,LAZ,144,77,67,144,ITI,ITI4,12,Lazio
2023-10-04,CAM,30,20,10,30,ITF,ITF3,15,Campania
2023-10-26,MOL,9,4,5,9,ITF,ITF2,14,Molise
2023-10-31,LOM,4670,2129,2541,4670,ITC,ITC4,3,Lombardia
2023-11-23,PAT,578,264,314,578,ITH,ITH2,4,Provincia Autonoma Trento
2023-11-25,CAL,17,8,9,17,ITF,ITF6,18,Calabria
2023-10-31,LIG,1056,479,577,1056,ITC,ITC3,7,Liguria
2023-12-02,LOM,6052,3009,3043,6052,ITC,ITC4,3,Lombardia
2023-11-07,FVG,1265,603,662,1265,ITH,ITH4,6,Friuli-Venezia Giulia
2023-10-30,EMR,3270,1511,1759,3270,ITH,ITH5,8,Emilia-Romagna
2023-12-09,CAM,304,172,132,304,ITF,ITF3,15,Campania
2023-10-14,LAZ,13,8,5,13,ITI,ITI4,12,Lazio
2023-11-11,CAM,94,57,37,94,ITF,ITF3,15,Campania
2023-11-13,SIC,37,21,16,37,ITG,ITG1,19,Sicilia
2023-11-13,CAL,92,48,44,92,ITF,ITF6,18,Calabria
2023-10-18,LAZ,493,254,239,493,ITI,ITI4,12,Lazio
2023-11-14,LOM,10329,4696,5633,10329,ITC,ITC4,3,Lombardia
2023-10-20,PIE,831,421,410,831,ITC,ITC1,1,Piemonte
2023-12-14,SAR,894,483,411,894,ITG,ITG2,20,Sardegna
2023-10-30,TOS,2469,1165,1304,2469,ITI,ITI1,9,Toscana
2023-11-18,CAM,83,40,43,83,ITF,ITF3,15,Campania
2023-11-22,MAR,41,14,27,41,ITI,ITI3,11,Marche
2023-11-21,MAR,640,313,327,640,ITI,ITI3,11,Marche
2023-12-01,UMB,894,436,458,894,ITI,ITI2,10,Umbria
2023-11-30,LIG,1492,728,764,1492,ITC,ITC3,7,Liguria
2023-10-28,PIE,880,440,440,880,ITC,ITC1,1,Piemonte
2023-10-06,SAR,50,24,26,50,ITG,ITG2,20,Sardegna
2023-11-25,SIC,12,7,5,12,ITG,ITG1,19,Sicilia
2023-12-06,VDA,119,61,58,119,ITC,ITC2,2,Valle d'Aosta / Vallée d'Aoste
2023-10-24,MOL,36,12,24,36,ITF,ITF2,14,Molise
2023-10-29,PAB,1,0,1,1,ITH,ITH1,4,Provincia Autonoma Bolzano / Bozen
2023-10-18,UMB,18,9,9,18,ITI,ITI2,10,Umbria
2023-10-15,LOM,3,2,1,3,ITC,ITC4,3,Lombardia
2023-10-13,MOL,9,7,2,9,ITF,ITF2,14,Molise
2023-12-08,CAL,6,2,4,6,ITF,ITF6,18,Calabria
2023-12-03,FVG,8,2,6,8,ITH,ITH4,6,Friuli-Venezia Giulia
2023-12-03,UMB,9,3,6,9,ITI,ITI2,10,Umbria
2023-12-01,VDA,133,67,66,133,ITC,ITC2,2,Valle d'Aosta / Vallée d'Aoste
2023-11-05,VDA,7,2,5,7,ITC,ITC2,2,Valle d'Aosta / Vallée d'Aoste
2023-10-29,PAT,1,0,1,1,ITH,ITH2,4,Provincia Autonoma Trento
2023-10-15,MAR,1,1,0,1,ITI,ITI3,11,Marche
2023-10-26,VEN,1004,463,541,1004,ITH,ITH3,5,Veneto
2023-11-20,PAT,417,192,225,417,ITH,ITH2,4,Provincia Autonoma Trento
2023-12-07,LOM,8078,3914,4164,8078,ITC,ITC4,3,Lombardia
2023-10-20,CAM,191,104,87,191,ITF,ITF3,15,Campania
2023-12-03,LAZ,82,40,42,82,ITI,ITI4,12,Lazio
2023-12-13,PUG,2881,1492,1389,2881,ITF,ITF4,16,Puglia
2023-11-22,CAL,226,121,105,226,ITF,ITF6,18,Calabria
2023-10-10,SAR,54,32,22,54,ITG,ITG2,20,Sardegna
2023-11-26,PUG,22,11,11,22,ITF,ITF4,16,Puglia
2023-10-19,EMR,1943,968,975,1943,ITH,ITH5,8,Emilia-Romagna
2023-12-11,PAT,648,317,331,648,ITH,ITH2,4,Provincia Autonoma Trento
2023-12-05,LIG,1788,860,928,1788,ITC,ITC3,7,Liguria
2023-12-09,LIG,304,152,152,304,ITC,ITC3,7,Liguria
2023-10-19,SIC,38,24,14,38,ITG,ITG1,19,Sicilia
2023-11-21,FVG,1149,555,594,1149,ITH,ITH4,6,Friuli-Venezia Giulia
2023-11-14,LAZ,2248,1089,1159,2248,ITI,ITI4,12,Lazio
2023-11-29,TOS,6268,2949,3319,6268,ITI,ITI1,9,Toscana
2023-12-01,FVG,967,470,497,967,ITH,ITH4,6,Friuli-Venezia Giulia
2023-10-04,LOM,287,138,149,287,ITC,ITC4,3,Lombardia
2023-10-23,SAR,128,69,59,128,ITG,ITG2,20,Sardegna
2023-10-13,VDA,77,35,42,77,ITC,ITC2,2,Valle d'Aosta / Vallée d'Aoste
2023-12-09,PAB,6,2,4,6,ITH,ITH1,4,Provincia Autonoma Bolzano / Bozen
2023-11-19,MAR,6,1,5,6,ITI,ITI3,11,Marche
2023-11-15,CAM,427,243,184,427,ITF,ITF3,15,Campania
2023-11-22,PIE,3011,1417,1594,3011,ITC,ITC1,1,Piemonte
2023-10-12,CAM,232,130,102,232,ITF,ITF3,15,Campania
2023-11-15,PUG,2057,1020,1037,2057,ITF,ITF4,16,Puglia
2023-10-11,PAB,474,257,217,474,ITH,ITH1,4,Provincia Autonoma Bolzano / Bozen
2023-10-22,LAZ,42,21,21,42,ITI,ITI4,12,Lazio
2023-11-16,CAM,496,262,234,496,ITF,ITF3,15,Campania
2023-10-07,TOS,241,137,104,241,ITI,ITI1,9,Toscana
2023-12-12,UMB,793,415,378,793,ITI,ITI2,10,Umbria
2023-11-28,SAR,553,265,288,553,ITG,ITG2,20,Sardegna
2023-10-31,SAR,183,81,102,183,ITG,ITG2,20,Sardegna
2023-12-06,BAS,146,79,67,146,ITF,ITF5,17,Basilicata
2023-12-06,CAL,320,187,133,320,ITF,ITF6,18,Calabria
2023-11-24,LOM,10829,5048,5781,10829,ITC,ITC4,3,Lombardia
2023-11-09,CAM,407,227,180,407,ITF,ITF3,15,Campania
2023-12-13,PAT,443,212,231,443,ITH,ITH2,4,Provincia Autonoma Trento
2023-11-15,PAT,532,273,259,532,ITH,ITH2,4,Provincia Autonoma Trento
2023-10-16,LIG,141,43,98,141,ITC,ITC3,7,Liguria
2023-11-17,PIE,3081,1490,1591,3081,ITC,ITC1,1,Piemonte
2023-12-06,PIE,3007,1424,1583,3007,ITC,ITC1,1,Piemonte
2023-10-26,EMR,4221,2006,2215,4221,ITH,ITH5,8,Emilia-Romagna
2023-11-21,LOM,9296,4315,4981,9296,ITC,ITC4,3,Lombardia
2023-12-11,CAM,884,479,405,884,ITF,ITF3,15,Campania
2023-10-20,PUG,757,394,363,757,ITF,ITF4,16,Puglia
2023-10-14,LOM,8,3,5,8,ITC,ITC4,3,Lombardia
2023-10-04,FVG,43,24,19,43,ITH,ITH4,6,Friuli-Venezia Giulia
2023-11-16,BAS,37,17,20,37,ITF,ITF5,17,Basilicata
2023-10-21,FVG,100,43,57,100,ITH,ITH4,6,Friuli-Venezia Giulia
2023-10-20,PAT,344,159,185,344,ITH,ITH2,4,Provincia Autonoma Trento
2023-11-26,TOS,122,61,61,122,ITI,ITI1,9,Toscana
2023-11-30,UMB,790,391,399,790,ITI,ITI2,10,Umbria
2023-11-23,UMB,802,389,413,802,ITI,ITI2,10,Umbria
2023-12-03,TOS,28,9,19,28,ITI,ITI1,9,Toscana
2023-11-21,CAL,333,188,145,333,ITF,ITF6,18,Calabria
2023-10-17,FVG,396,203,193,396,ITH,ITH4,6,Friuli-Venezia Giulia
2023-10-27,UMB,390,193,197,390,ITI,ITI2,10,Umbria
2023-12-01,CAL,143,84,59,143,ITF,ITF6,18,Calabria
2023-10-24,PAB,678,333,345,678,ITH,ITH1,4,Provincia Autonoma Bolzano / Bozen
2023-10-09,MOL,10,6,4,10,ITF,ITF2,14,Molise
2023-10-19,VEN,207,84,123,207,ITH,ITH3,5,Veneto
2023-10-23,LOM,7500,3727,3773,7500,ITC,ITC4,3,Lombardia
2023-12-04,PAB,103,51,52,103,ITH,ITH1,4,Provincia Autonoma Bolzano / Bozen
2023-11-11,FVG,818,383,435,818,ITH,ITH4,6,Friuli-Venezia Giulia
2023-11-11,CAL,45,22,23,45,ITF,ITF6,18,Calabria
2023-10-06,PIE,31,18,13,31,ITC,ITC1,1,Piemonte
2023-10-11,LIG,53,14,39,53,ITC,ITC3,7,Liguria
2023-10-18,MOL,27,14,13,27,ITF,ITF2,14,Molise
2023-11-20,PUG,1137,585,552,1137,ITF,ITF4,16,Puglia
2023-12-09,UMB,157,84,73,157,ITI,ITI2,10,Umbria
2023-11-03,PIE,2431,1208,1223,2431,ITC,ITC1,1,Piemonte
2023-10-30,LOM,8273,3958,4315,8273,ITC,ITC4,3,Lombardia
2023-11-17,SAR,491,242,249,491,ITG,ITG2,20,Sardegna
2023-10-05,LAZ,47,24,23,47,ITI,ITI4,12,Lazio
2023-10-02,LOM,145,63,82,145,ITC,ITC4,3,Lombardia
2023-11-08,MOL,91,54,37,91,ITF,ITF2,14,Molise
2023-10-29,LAZ,26,11,15,26,ITI,ITI4,12,Lazio
2023-10-09,MAR,6,1,5,6,ITI,ITI3,11,Marche
2023-12-10,UMB,2,0,2,2,ITI,ITI2,10,Umbria
2023-12-14,MOL,151,83,68,151,ITF,ITF2,14,Molise
2023-10-06,PUG,13,8,5,13,ITF,ITF4,16,Puglia
2023-09-28,TOS,1,0,1,1,ITI,ITI1,9,Toscana
2023-11-09,PIE,2928,1414,1514,2928,ITC,ITC1,1,Piemonte
2023-10-24,LIG,893,364,529,893,ITC,ITC3,7,Liguria
2023-12-01,PUG,2156,1080,1076,2156,ITF,ITF4,16,Puglia
2023-11-23,EMR,6185,2969,3216,6185,ITH,ITH5,8,Emilia-Romagna
2023-11-09,TOS,8124,3847,4277,8124,ITI,ITI1,9,Toscana
2023-11-06,PAT,425,207,218,425,ITH,ITH2,4,Provincia Autonoma Trento
2023-11-04,LAZ,726,371,355,726,ITI,ITI4,12,Lazio
2023-11-28,CAM,516,268,248,516,ITF,ITF3,15,Campania
2023-11-11,LAZ,990,492,498,990,ITI,ITI4,12,Lazio
2023-11-22,CAM,547,301,246,547,ITF,ITF3,15,Campania
2023-10-28,PUG,387,206,181,387,ITF,ITF4,16,Puglia
2023-11-10,VDA,160,73,87,160,ITC,ITC2,2,Valle d'Aosta / Vallée d'Aoste
2023-11-27,MOL,56,30,26,56,ITF,ITF2,14,Molise
2023-11-01,EMR,266,112,154,266,ITH,ITH5,8,Emilia-Romagna
2023-10-20,SAR,120,59,61,120,ITG,ITG2,20,Sardegna
2023-10-17,EMR,1201,585,616,1201,ITH,ITH5,8,Emilia-Romagna
2023-11-07,LOM,10435,4824,5611,10435,ITC,ITC4,3,Lombardia
2023-12-06,LIG,1605,760,845,1605,ITC,ITC3,7,Liguria
2023-10-28,PAT,47,16,31,47,ITH,ITH2,4,Provincia Autonoma Trento
2023-11-20,MAR,576,308,268,576,ITI,ITI3,11,Marche
2023-12-01,PAT,687,356,331,687,ITH,ITH2,4,Provincia Autonoma Trento
2023-10-29,PUG,62,39,23,62,ITF,ITF4,16,Puglia
2023-10-23,FVG,332,166,166,332,ITH,ITH4,6,Friuli-Venezia Giulia
2023-12-09,PIE,678,327,351,678,ITC,ITC1,1,Piemonte
2023-11-13,LOM,8582,4024,4558,8582,ITC,ITC4,3,Lombardia
2023-11-15,VDA,152,84,68,152,ITC,ITC2,2,Valle d'Aosta / Vallée d'Aoste
2023-12-01,SAR,839,425,414,839,ITG,ITG2,20,Sardegna
2023-12-03,PIE,22,12,10,22,ITC,ITC1,1,Piemonte
2023-10-27,SIC,59,34,25,59,ITG,ITG1,19,Sicilia
2023-10-30,MOL,25,12,13,25,ITF,ITF2,14,Molise
2023-10-23,PAB,216,99,117,216,ITH,ITH1,4,Provincia Autonoma Bolzano / Bozen
2023-10-09,PAB,80,39,41,80,ITH,ITH1,4,Provincia Autonoma Bolzano / Bozen
2023-10-12,VEN,1,1,0,1,ITH,ITH3,5,Veneto
2023-10-10,MAR,5,3,2,5,ITI,ITI3,11,Marche
2023-10-03,VEN,1,1,0,1,ITH,ITH3,5,Veneto
2023-12-08,MOL,1,0,1,1,ITF,ITF2,14,Molise
2023-11-12,PAB,2,2,0,2,ITH,ITH1,4,Provincia Autonoma Bolzano / Bozen
2023-11-29,CAM,628,344,284,628,ITF,ITF3,15,Campania
2023-11-23,TOS,8076,3816,4260,8076,ITI,ITI1,9,Toscana
2023-12-14,TOS,5893,2786,3107,5893,ITI,ITI1,9,Toscana
2023-12-13,PAB,212,92,120,212,ITH,ITH1,4,Provincia Autonoma Bolzano / Bozen
2023-11-06,TOS,3911,1889,2022,3911,ITI,ITI1,9,Toscana
2023-10-06,LIG,61,21,40,61,ITC,ITC3,7,Liguria
2023-12-13,MOL,143,82,61,143,ITF,ITF2,14,Molise
2023-10-22,CAM,3,1,2,3,ITF,ITF3,15,Campania
2023-11-07,CAL,114,68,46,114,ITF,ITF6,18,Calabria
2023-12-11,MOL,154,91,63,154,ITF,ITF2,14,Molise
2023-12-13,SAR,1160,606,554,1160,ITG,ITG2,20,Sardegna
2023-12-09,LAZ,934,462,472,934,ITI,ITI4,12,Lazio
2023-11-20,UMB,374,185,189,374,ITI,ITI2,10,Umbria
2023-11-20,MOL,91,54,37,91,ITF,ITF2,14,Molise
2023-10-24,LAZ,1004,517,487,1004,ITI,ITI4,12,Lazio
2023-11-20,VEN,2289,1144,1145,2289,ITH,ITH3,5,Veneto
2023-12-09,MAR,193,98,95,193,ITI,ITI3,11,Marche
2023-11-30,TOS,7270,3426,3844,7270,ITI,ITI1,9,Toscana
2023-12-08,EMR,146,59,87,146,ITH,ITH5,8,Emilia-Romagna
2023-12-13,UMB,883,427,456,883,ITI,ITI2,10,Umbria
2023-11-15,PAB,575,290,285,575,ITH,ITH1,4,Provincia Autonoma Bolzano / Bozen
2023-11-20,SAR,401,207,194,401,ITG,ITG2,20,Sardegna
2023-11-14,FVG,1417,717,700,1417,ITH,ITH4,6,Friuli-Venezia Giulia
2023-10-24,SIC,78,44,34,78,ITG,ITG1,19,Sicilia
2023-11-07,VEN,1898,840,1058,1898,ITH,ITH3,5,Veneto
2023-11-04,EMR,2868,1400,1468,2868,ITH,ITH5,8,Emilia-Romagna
2023-11-17,MAR,40,20,20,40,ITI,ITI3,11,Marche
2023-11-03,MAR,828,428,400,828,ITI,ITI3,11,Marche
2023-10-13,LOM,521,203,318,521,ITC,ITC4,3,Lombardia
2023-11-10,TOS,6757,3198,3559,6757,ITI,ITI1,9,Toscana
2023-12-06,LAZ,4473,2131,2342,4473,ITI,ITI4,12,Lazio
2023-11-10,PUG,1902,998,904,1902,ITF,ITF4,16,Puglia
2023-12-06,SIC,416,229,187,416,ITG,ITG1,19,Sicilia
2023-11-15,UMB,907,473,434,907,ITI,ITI2,10,Umbria
2023-11-02,PAT,514,259,255,514,ITH,ITH2,4,Provincia Autonoma Trento
2023-10-19,TOS,2347,1117,1230,2347,ITI,ITI1,9,Toscana
2023-09-29,VDA,6,2,4,6,ITC,ITC2,2,Valle d'Aosta / Vallée d'Aoste
2023-10-18,VDA,145,69,76,145,ITC,ITC2,2,Valle d'Aosta / Vallée d'Aoste
2023-10-16,CAL,17,11,6,17,ITF,ITF6,18,Calabria
2023-12-01,MOL,126,74,52,126,ITF,ITF2,14,Molise
2023-12-13,VEN,3581,1802,1779,3581,ITH,ITH3,5,Veneto
2023-11-04,LOM,5648,2717,2931,5648,ITC,ITC4,3,Lombardia
2023-11-10,PAT,588,270,318,588,ITH,ITH2,4,Provincia Autonoma Trento
2023-10-16,PIE,189,110,79,189,ITC,ITC1,1,Piemonte
2023-12-05,FVG,1035,482,553,1035,ITH,ITH4,6,Friuli-Venezia Giulia
2023-10-20,MOL,35,13,22,35,ITF,ITF2,14,Molise
2023-11-17,VDA,162,74,88,162,ITC,ITC2,2,Valle d'Aosta / Vallée d'Aoste
2023-11-26,VEN,12,7,5,12,ITH,ITH3,5,Veneto
2023-11-26,UMB,10,3,7,10,ITI,ITI2,10,Umbria
2023-12-07,SAR,928,489,439,928,ITG,ITG2,20,Sardegna
2023-11-15,LIG,1036,523,513,1036,ITC,ITC3,7,Liguria
2023-12-07,VEN,2943,1432,1511,2943,ITH,ITH3,5,Veneto
2023-12-07,EMR,3380,1587,1793,3380,ITH,ITH5,8,Emilia-Romagna
2023-10-27,LIG,611,256,355,611,ITC,ITC3,7,Liguria
2023-12-12,MAR,754,379,375,754,ITI,ITI3,11,Marche
2023-10-15,PAB,8,4,4,8,ITH,ITH1,4,Provincia Autonoma Bolzano / Bozen
2023-11-16,LIG,1034,517,517,1034,ITC,ITC3,7,Liguria
2023-10-09,TOS,490,257,233,490,ITI,ITI1,9,Toscana
2023-10-23,SIC,34,19,15,34,ITG,ITG1,19,Sicilia
2023-11-01,LIG,81,9,72,81,ITC,ITC3,7,Liguria
2023-10-22,PIE,8,3,5,8,ITC,ITC1,1,Piemonte
2023-11-23,LAZ,2292,1153,1139,2292,ITI,ITI4,12,Lazio
2023-10-16,PUG,282,145,137,282,ITF,ITF4,16,Puglia
2023-10-31,TOS,2438,1096,1342,2438,ITI,ITI1,9,Toscana
2023-10-03,TOS,132,64,68,132,ITI,ITI1,9,Toscana
2023-11-22,MOL,94,56,38,94,ITF,ITF2,14,Molise
2023-11-01,UMB,15,8,7,15,ITI,ITI2,10,Umbria
2023-12-04,VDA,14,5,9,14,ITC,ITC2,2,Valle d'Aosta / Vallée d'Aoste
2023-11-25,BAS,64,29,35,64,ITF,ITF5,17,Basilicata
2023-11-26,PAB,1,1,0,1,ITH,ITH1,4,Provincia Autonoma Bolzano / Bozen
2023-11-12,PUG,52,31,21,52,ITF,ITF4,16,Puglia
2023-11-10,SAR,332,159,173,332,ITG,ITG2,20,Sardegna
2023-12-14,VEN,3952,1976,1976,3952,ITH,ITH3,5,Veneto
2023-11-08,EMR,6930,3259,3671,6930,ITH,ITH5,8,Emilia-Romagna
2023-10-18,EMR,1501,718,783,1501,ITH,ITH5,8,Emilia-Romagna
2023-11-24,SAR,570,293,277,570,ITG,ITG2,20,Sardegna
2023-11-29,VDA,128,62,66,128,ITC,ITC2,2,Valle d'Aosta / Vallée d'Aoste
2023-10-23,CAL,23,14,9,23,ITF,ITF6,18,Calabria
2023-11-20,VDA,50,27,23,50,ITC,ITC2,2,Valle d'Aosta / Vallée d'Aoste
2023-11-14,MOL,31,19,12,31,ITF,ITF2,14,Molise
2023-10-12,VDA,12,6,6,12,ITC,ITC2,2,Valle d'Aosta / Vallée d'Aoste
2023-12-10,BAS,2,0,2,2,ITF,ITF5,17,Basilicata
